00 2.12011456736e+17 0.207863936661 1.14580793637 0.278245157645
01 1.60109044701e+17 0.214739672804 0.89392586067 0.330430612059
02 1.36383347348e+17 0.222226603847 0.788008210662 0.219487285477
03 1.10955700045e+17 0.228514038186 0.659228312003 0.269975752027
04 1.057190908e+17 0.232388031853 0.63876413745 0.182433450088
05 1.33399621382e+17 0.23313974232 0.80861958722 0.253693385009
06 1.78430468263e+17 0.230499783211 1.06933279057 0.166294089087
07 2.37476227996e+17 0.224593608197 1.38672671557 0.225246548336
08 2.95575605114e+17 0.215911440281 1.65927201991 0.15582259243
09 3.74029662047e+17 0.205285494057 1.9963544631 0.249685079788
10 4.59467307463e+17 0.193881453145 2.31613692033 0.205490807182
11 5.57315585267e+17 0.183207385131 2.65471260781 0.266558735147
12 6.73150241075e+17 0.175173430252 3.0658689569 0.25266283275
13 8.91341306941e+17 0.172128463027 3.9890554391 0.367626774865
14 1.09288763697e+18 0.176571429144 5.01729103079 0.480847255396
15 1.3095212053e+18 0.189672160251 6.45787261353 0.496899546172
16 1.49806769279e+18 0.208493366567 8.12076659197 0.654975572467
17 1.4321777536e+18 0.225761008402 8.40657724044 0.652633057534
19 1.11176565706e+18 0.233959443164 6.76280992545 0.658187851354
20 9.3947587752e+17 0.225005931339 5.49607876459 0.646046992137
21 6.11151161458e+17 0.213434200917 3.39145455442 0.624432223125
22 4.49567106806e+17 0.205509981032 2.4021537174 0.477500644882
23 2.67054941357e+17 0.204142143357 1.41744637119 0.398854704354
