03 2.41771777748e+17 0.20440723333 1.28491740485 0.551514083764
04 2.62822156726e+17 0.195812946987 1.3380635071 0.361275420554
05 2.70409837464e+17 0.199125428764 1.3999823455 0.343451445459
06 2.75894696624e+17 0.207931828842 1.49154950976 0.220069027655
07 3.01737155558e+17 0.217579361272 1.70694621704 0.252094363484
08 3.09871060125e+17 0.225294108942 1.81511523383 0.168334242151
09 3.30780042668e+17 0.229477925202 1.97357466513 0.242484772293
10 3.43986509723e+17 0.229310810412 2.0508754582 0.154738336247
11 3.63585432733e+17 0.224572966193 2.12293793643 0.215957438085
12 3.96059687918e+17 0.215563674338 2.21977812121 0.145627619201
13 4.41975021174e+17 0.20305956849 2.33342868416 0.222369483839
14 4.69867346244e+17 0.188298470928 2.30035787375 0.160533497653
15 5.24242337031e+17 0.173017928294 2.3582864 0.229779505878
16 6.41342786174e+17 0.159618213027 2.66161972613 0.211976328233
17 7.83968141008e+17 0.151604195813 3.09017434857 0.304916233365
18 9.21436988918e+17 0.154354265437 3.69792096885 0.400581382337
19 9.78885942686e+17 0.174373967691 4.43799786933 0.493969739518
