00 2.12852231869e+17 0.0576742825409 0.319178593767 0.12030072147
01 2.61112893265e+17 0.0552802288672 0.375293892997 0.178921390131
14 7.63027115914e+17 0.139902912602 2.77549261367 0.275690984018
15 6.0129786563e+17 0.16919844238 2.64520521904 0.293729747523
16 4.6546711637e+17 0.199097660591 2.40950876274 0.20058700266
17 3.56465991603e+17 0.220566132201 2.04423245075 0.275420787698
18 2.7845502502e+17 0.230164011804 1.66634846731 0.174156388853
19 2.15603106075e+17 0.226431790688 1.26930433205 0.244885418494
20 1.78164712468e+17 0.209379310413 0.969904120549 0.158439053694
21 1.62211298481e+17 0.1803154763 0.760479396218 0.236306468871
22 1.84692540234e+17 0.141837878452 0.681106349889 0.146415086291
23 2.23667821942e+17 0.0980382307753 0.570127936159 0.185596826869
