00 1.25625004271e+17 0.148127846364 0.483822594634 0.146152583841
01 1.70842323426e+17 0.130839362279 0.581175416831 0.220864713513
02 2.41422254439e+17 0.120587300904 0.756923909068 0.280192964577
03 3.08298583267e+17 0.126618726849 1.01494572667 0.353355266749
13 1.09611093057e+18 0.190013316724 5.41516750877 0.464993537164
14 8.11091993273e+17 0.181139417381 3.8199390087 0.284691195994
15 6.11053612961e+17 0.187512944157 2.97909201211 0.285918228869
16 4.96471958408e+17 0.198434174031 2.5614420779 0.192441015711
17 3.69766821605e+17 0.208274846167 2.00234132507 0.239786258053
18 2.85434073473e+17 0.214237047699 1.58991438356 0.14860255765
19 2.03450115612e+17 0.214950495482 1.13702428207 0.204387988183
20 1.66012124576e+17 0.209947978704 0.906201659872 0.139570868798
21 1.33637988425e+17 0.199467307852 0.693066654225 0.204488491913
22 1.41767070736e+17 0.184367334554 0.679567640934 0.133357944422
23 1.43599400099e+17 0.166121555528 0.620228848649 0.198329391581
