00 2.80295660727e+17 0.18624275747 1.35727895578 0.354238526965
01 1.85279717263e+17 0.189056673494 0.910737542304 0.340664695521
02 1.45419994655e+17 0.199040629992 0.752556671087 0.205697582918
03 1.06606925581e+17 0.209639289313 0.581074002979 0.252531649481
04 1.00364271325e+17 0.217471222691 0.567484860789 0.158089726148
05 1.2343066952e+17 0.220778995634 0.70852338042 0.223704540931
06 1.64530219622e+17 0.218772679733 0.935862643136 0.138333438397
07 2.111482435e+17 0.211376632101 1.16042691921 0.190682333221
08 2.59845403792e+17 0.199124664897 1.34528235283 0.125658963338
09 3.3236543473e+17 0.183119184242 1.58242466923 0.204660591334
10 4.23964393648e+17 0.165045024184 1.81930355368 0.155043010704
11 5.39012673115e+17 0.147317022268 2.06454929117 0.217692609885
12 7.11096456962e+17 0.133563454307 2.46938897758 0.211965736188
13 1.03864976799e+18 0.129955884947 3.50944489348 0.316786634595
14 1.49280710759e+18 0.146908512504 5.70195786241 0.49308956684
23 3.96294809105e+17 0.199366600186 2.05420666783 0.520332942367
