00 9.36986442622e+16 0.225991824563 0.550553316972 0.150117657405
01 9.36546191219e+16 0.226743801596 0.552125713795 0.233660526034
02 9.26765479782e+16 0.214144377956 0.516000204666 0.143432883672
03 9.36668980487e+16 0.189198848273 0.460763400036 0.208707026941
04 1.0265205999e+17 0.154048230838 0.411147574066 0.131074123843
05 1.40787514704e+17 0.112015068069 0.410028399113 0.17483871117
06 2.5484334224e+17 0.0857002034775 0.567843283405 0.132873676132
07 4.15852538605e+17 0.0767462586442 0.829793288626 0.201641243421
19 4.38629280784e+17 0.170195315786 1.94096887286 0.396686464703
20 3.07413466147e+17 0.156276861973 1.24908190726 0.271362079562
21 2.05867914783e+17 0.160931180378 0.861394729725 0.267850496835
22 1.60298837875e+17 0.188291526813 0.78475573618 0.182028469453
23 1.23430254287e+17 0.213340361209 0.684649030878 0.240155906424
