00 8.78222394894e+16 0.218781564728 0.49956106131 0.133230336937
01 9.27473677079e+16 0.207150831564 0.499530052998 0.206969830339
02 9.77617490135e+16 0.183731425267 0.467009542554 0.13208207109
03 1.04185964762e+17 0.150529114429 0.407758546301 0.177874161068
04 1.19729208749e+17 0.128235355949 0.399191460238 0.131456891201
05 1.63234566067e+17 0.109147699766 0.463233612621 0.199128792663
06 2.95946724737e+17 0.0977586613529 0.752215246695 0.219832212823
07 4.65727867938e+17 0.104609531117 1.26670892122 0.29505049493
18 6.16610712258e+17 0.172570098784 2.76662285966 0.345179432251
19 3.57497117094e+17 0.170109434526 1.58115444327 0.313628705166
20 2.39124560301e+17 0.178998588688 1.11287692918 0.194306285319
21 1.60412818446e+17 0.18925921555 0.789349708767 0.242715159989
22 1.38562372994e+17 0.205051798387 0.73872405805 0.155719244374
23 1.11914944182e+17 0.218107504112 0.63464671786 0.216754138544
