00 1.36733605859e+17 0.17116582507 0.608507132001 0.182189728183
01 1.80369930462e+17 0.158632209871 0.743924497246 0.267441321405
02 2.32216519434e+17 0.152229953734 0.919108060253 0.343390185846
03 2.92040974679e+17 0.157550119067 1.19628834866 0.38835943149
04 3.17446899535e+17 0.180439477319 1.48927876834 0.566865074243
11 1.35767978322e+18 0.219266726988 7.74004406148 0.623727509098
12 1.00456746791e+18 0.200741283267 5.24311222855 0.486469757576
13 8.86396076596e+17 0.196322144216 4.52449863794 0.408891428804
14 6.67782687117e+17 0.201746330547 3.50279037495 0.243879711259
15 5.3115704251e+17 0.211068157444 2.91486879518 0.279034183968
16 4.63603303476e+17 0.220320221115 2.65567074062 0.19341245701
17 3.67190026931e+17 0.227147135448 2.16856023234 0.250739026878
18 2.96661464735e+17 0.230204652899 1.77561408747 0.163718543292
19 2.13954202793e+17 0.228851375846 1.27305655561 0.221597767827
20 1.81148871243e+17 0.223010715417 1.0503516237 0.158366127465
21 1.44030684873e+17 0.213107490729 0.798044463874 0.230066462598
22 1.54490762118e+17 0.200026912001 0.803460062059 0.160718897906
23 1.54489612845e+17 0.185117061809 0.743565243458 0.232684244975
