01 3.02153341911e+17 0.202010849378 1.58699458429 0.554159695739
02 2.30348714366e+17 0.194494173182 1.16483855135 0.345015362457
03 1.58551312853e+17 0.198832421418 0.819653677794 0.336345609351
04 1.48917928058e+17 0.208165903985 0.805990512954 0.2128930222
05 1.67322081705e+17 0.21787466409 0.947836301004 0.269855505068
06 1.97163348659e+17 0.225280391825 1.15484294742 0.16898685713
07 2.33243722224e+17 0.228874052213 1.38796933232 0.217481347133
08 2.62451458468e+17 0.227917986124 1.5552526046 0.144979396567
09 3.05507083444e+17 0.222277897834 1.76559427932 0.222533933575
10 3.48064843069e+17 0.21234491859 1.9216548199 0.149666651215
11 3.97576521692e+17 0.198995119543 2.057010474 0.212148263101
12 4.68518526162e+17 0.183583325092 2.2363169114 0.159059939988
13 5.87401973701e+17 0.168002830619 2.56581505162 0.242540694132
14 7.10695281869e+17 0.154907429515 2.86239146134 0.230629254571
15 8.65962302092e+17 0.14829090097 3.33877257957 0.306588037564
16 1.15952717064e+18 0.154393853116 4.65462055937 0.422079800669
17 1.47083124348e+18 0.179873884276 6.87866735089 0.515556844484
