00 3.61906353037e+17 0.122280254895 1.15060402853 0.377591519805
10 1.02351810377e+18 0.190188074734 5.06118437789 0.448710750203
11 8.37524868014e+17 0.178333027269 3.88331697328 0.339759993338
12 6.92361010336e+17 0.183737147737 3.30752336833 0.226022390447
13 5.48875514256e+17 0.194550227195 2.776380256 0.264448772881
14 4.23244492815e+17 0.204516446875 2.25057195558 0.157942943146
15 3.73830383242e+17 0.210597421448 2.04692058401 0.205960273737
16 3.49216478569e+17 0.211325534895 1.91875733732 0.14071753597
17 3.10859301052e+17 0.206429110671 1.66843063555 0.197702980524
18 2.78989437484e+17 0.195440862587 1.41767434418 0.12806394501
19 2.31729399937e+17 0.179939235224 1.08412748609 0.185145991962
20 2.19181729311e+17 0.16120763261 0.918677960031 0.13868700043
21 2.03155935009e+17 0.141490375219 0.747359846279 0.209566424622
22 2.36825523487e+17 0.124143652592 0.764410023328 0.191752569899
23 3.09859477633e+17 0.114781538412 0.924719835893 0.267181594873
