00 3.32604796498e+17 0.155844620124 1.3477013722 0.456878270727
01 4.46634251098e+17 0.185394510577 2.15289199812 0.547332652408
09 9.24673305266e+17 0.199041872139 4.78526635071 0.52327287521
10 7.64360874625e+17 0.193957936508 3.85460030774 0.325069892485
11 6.52901625035e+17 0.199721401535 3.39035911803 0.311865182833
12 5.6593099142e+17 0.209510138265 3.08277528678 0.206052626685
13 4.94368369898e+17 0.219029725353 2.81531557533 0.265991154124
14 4.0849819939e+17 0.22583099995 2.398540478 0.163901142241
15 3.71232401122e+17 0.228558119655 2.20605266844 0.217929427115
16 3.62003806443e+17 0.226597068213 2.13275403178 0.15351216165
17 3.32343703829e+17 0.219926786905 1.90037335621 0.217830460071
18 3.06133640447e+17 0.209047119079 1.6639052453 0.149189980407
19 2.52164858198e+17 0.194945191393 1.27811649015 0.212569276309
20 2.38477803275e+17 0.179101271787 1.11050362434 0.172236762252
21 2.14196808443e+17 0.163574543122 0.910965772064 0.253797874922
22 2.44359651037e+17 0.15129985023 0.961261043707 0.255587274416
23 3.08337495597e+17 0.146813471456 1.17697055082 0.327613601826
