12 9.20464390277e+17 0.152818059185 3.65725312344 0.309640243555
13 6.71729564366e+17 0.152038243583 2.65534316136 0.268437945353
14 4.81786987924e+17 0.184635517454 2.31282973526 0.183090088141
15 4.15309957326e+17 0.211443587575 2.28318031065 0.241883179215
16 3.67190628418e+17 0.22682829797 2.16551985714 0.16581692879
17 3.17255607673e+17 0.229075675859 1.88956411144 0.236239323467
18 2.76394574647e+17 0.217815065867 1.56527546453 0.14712423562
19 2.32366586385e+17 0.193899186538 1.17144799404 0.209726783066
20 2.15572017861e+17 0.159357811423 0.893180209229 0.138284421768
21 2.12563377942e+17 0.117455224431 0.64913366081 0.187004485987
22 2.60916357635e+17 0.0780784011917 0.529670233272 0.129393703718
23 3.29684351487e+17 0.0687482024272 0.589295369861 0.190010006241
