00 9.57842493982e+16 0.228403823798 0.568814709376 0.145599467684
01 9.82234930303e+16 0.222092120307 0.567181259607 0.222519373528
02 1.01252454074e+17 0.211785246614 0.557538174866 0.159597934406
03 1.04661932301e+17 0.198421320524 0.539946129213 0.220448549766
04 1.12455816641e+17 0.183398250173 0.536229199837 0.172747872807
05 1.5909130824e+17 0.168643680632 0.69757333823 0.251068320824
06 2.64981110545e+17 0.156849096141 1.08061323977 0.229586936988
07 4.36959974903e+17 0.152020434972 1.7270979817 0.317325608002
08 6.83946816285e+17 0.160086055417 2.84674904629 0.431152496547
09 8.44299008971e+17 0.186204946682 4.08752895068 0.51931335291
16 1.07506899975e+18 0.215245747557 6.01650479372 0.617947901984
17 8.60083294131e+17 0.198981848802 4.44966506375 0.491402764942
18 5.97556949518e+17 0.196689305187 3.05585959147 0.323194600545
19 3.36503490093e+17 0.203159420254 1.77746020297 0.321969579725
20 2.52886069483e+17 0.212705394245 1.39854600882 0.213653596632
21 1.65617277625e+17 0.221681917883 0.954573249198 0.275091189652
22 1.51419190562e+17 0.227938607168 0.897371264275 0.175400427659
23 1.20370837692e+17 0.230264857565 0.720646518697 0.233730086228
