00 1.41250226897e+17 0.119763722152 0.439832976125 0.142668152399
01 1.94969419119e+17 0.0764682814752 0.387633386928 0.177161773011
02 2.67961724343e+17 0.0411779171819 0.286886748017 0.136942312278
15 7.96348889406e+17 0.150820929248 3.12275806714 0.449379620609
16 6.38649874741e+17 0.159429769714 2.64731486391 0.304234577371
17 4.54652420369e+17 0.186784793832 2.20797612371 0.335643444505
18 3.18297069593e+17 0.210784020751 1.74439033917 0.217349286111
19 2.29209422139e+17 0.225255604949 1.34239838314 0.283595030774
20 1.67502064985e+17 0.227384886371 0.99027338835 0.183909457165
21 1.45094932172e+17 0.216311842118 0.816029553559 0.272706504225
22 1.52854921852e+17 0.19265383344 0.765650253031 0.169833956644
23 1.61267515218e+17 0.158377148868 0.664068320896 0.233683524522
