09 1.02929846414e+18 0.197449473317 5.28409543041 0.535828329727
10 8.42453556066e+17 0.180841204294 3.96110820666 0.327840329073
11 6.89320997128e+17 0.183751700339 3.29326153785 0.302528410651
12 5.81200019152e+17 0.194057793933 2.93244623232 0.195926873688
13 4.8271079875e+17 0.204619975082 2.56807906191 0.245832536338
14 3.88535856948e+17 0.211933322771 2.14093607464 0.149619540219
15 3.55427099795e+17 0.214259271109 1.97999233469 0.199714148286
16 3.43890041829e+17 0.210883014942 1.88553478956 0.137434707871
17 3.18845264881e+17 0.201846670979 1.67330423711 0.195680653559
18 2.97379126214e+17 0.187839913062 1.45235139958 0.130377733094
19 2.56628804769e+17 0.170166135107 1.13540782849 0.189407744848
20 2.49404477537e+17 0.150791314582 0.977808754794 0.150559818414
21 2.38124089166e+17 0.13259277855 0.82091190018 0.227207391767
22 2.71190411293e+17 0.120146148783 0.847144571097 0.251496949649
23 3.70505445464e+17 0.121735684984 1.17269708904 0.328855443391
