00 1.0575586163e+17 0.150604313737 0.414109513075 0.119561190705
01 1.35914046633e+17 0.117357008549 0.414712114249 0.170867049527
02 1.88417665652e+17 0.0984575099849 0.482329489129 0.161040489438
03 2.41904301251e+17 0.0885345170087 0.556838892313 0.230609116491
04 3.45733735926e+17 0.0988058100632 0.888173047954 0.304632599331
15 8.57500841401e+17 0.169785638334 3.78537452095 0.366730860416
16 6.90479300927e+17 0.164237988372 2.94847621632 0.252145796658
17 4.61107530088e+17 0.172024925817 2.06237170508 0.263763272021
18 3.22924245212e+17 0.185591366689 1.55823075215 0.158622779165
19 2.1695190466e+17 0.210083055537 1.18502589492 0.225569692707
20 1.62661019968e+17 0.222615083559 0.941480710355 0.153970908799
21 1.28495453138e+17 0.222103461999 0.74202140982 0.228450878358
22 1.29258966608e+17 0.208579792692 0.700981019927 0.14112802106
23 1.2390206619e+17 0.183170825442 0.590076337188 0.197936320128
