00 1.44468174517e+17 0.206057673242 0.773988173359 0.190288688779
01 1.17640763197e+17 0.215878088466 0.660297640203 0.257789949092
02 1.02783191933e+17 0.222493490077 0.594583368454 0.162196036007
03 8.7295670521e+16 0.224539323748 0.509634081449 0.220044530257
04 8.59308231661e+16 0.221454711147 0.494774426193 0.144208753682
05 1.1277869164e+17 0.213314535822 0.625490690699 0.214017920085
06 1.67172930264e+17 0.200756491635 0.87258732538 0.135882160345
07 2.39390948794e+17 0.184947416246 1.15114317376 0.198056943024
08 3.31549017002e+17 0.167614799398 1.44488557136 0.145361265324
09 4.66592821054e+17 0.151200347176 1.83427390986 0.235930954237
10 6.65382209777e+17 0.139369667786 2.41108653572 0.264214182469
11 9.24001081237e+17 0.138261155503 3.32158988662 0.33058314828
12 1.37187503452e+18 0.157408979916 5.61458169363 0.475425227976
21 4.82841429512e+17 0.194761095629 2.44500687149 0.513412241815
22 3.34895447797e+17 0.189542133798 1.65039674215 0.302743006961
23 2.04472534766e+17 0.196249979212 1.04332099813 0.309079250742
