08 7.6822235161e+17 0.169298062167 3.38152244146 0.340016694834
09 6.35834516956e+17 0.166664862504 2.75525308094 0.309061012411
10 5.22417520325e+17 0.175346992799 2.38171287053 0.178097271855
11 4.61831368183e+17 0.186532715662 2.23981314142 0.225238746386
12 4.28243476082e+17 0.210144533628 2.33981866458 0.148980750758
13 3.9064038753e+17 0.221726588823 2.25199937518 0.221846727967
14 3.47700039264e+17 0.220310138403 1.9916479381 0.140631590187
15 3.54534816732e+17 0.206021379836 1.89908555572 0.196604550203
16 3.80085267374e+17 0.180055854679 1.77935101937 0.131789474007
17 4.10376231978e+17 0.144659665763 1.54348710243 0.177066785537
18 4.51473828778e+17 0.117834037265 1.38317358308 0.133242695897
19 4.82045461952e+17 0.0996562903335 1.24901042526 0.191037579316
20 4.87303140958e+17 0.0913701206978 1.15764861695 0.237378238827
