00 1.34544976059e+17 0.204526649329 0.715468861574 0.198844621877
01 1.55897941776e+17 0.19621714483 0.795336074524 0.285429127163
02 1.73209112878e+17 0.18926379088 0.852337546273 0.285356724562
03 1.95213070936e+17 0.184960821199 0.93877601764 0.337578937043
04 2.00689079806e+17 0.184491073698 0.962658939134 0.386977778288
05 3.07872554327e+17 0.188436111764 1.50837198346 0.432474565613
06 4.26797156611e+17 0.196001511524 2.17497508306 0.518734098099
07 5.94004946149e+17 0.20466761992 3.16091304228 0.52152371377
08 7.3146976691e+17 0.211193330691 4.01651994571 0.58980163836
09 9.19815063695e+17 0.213541118837 5.10687678345 0.58689032507
10 9.82669569619e+17 0.212030291602 5.41724860027 0.619140680627
11 1.03393374929e+18 0.208956957417 5.617238911 0.49885152828
12 8.65607081625e+17 0.207057458802 4.65999046871 0.411945834009
13 8.51497383236e+17 0.207915369848 4.60302422737 0.432231839102
14 7.05895439159e+17 0.211508429443 3.88187372788 0.274706883794
15 5.93854384299e+17 0.216809096196 3.34757884063 0.313229855775
16 5.42468938773e+17 0.222513122706 3.13836789597 0.232419124444
17 4.43919019761e+17 0.227448432064 2.62518581021 0.290260187815
18 3.62612561919e+17 0.230720406484 2.17521505974 0.204444349166
19 2.50813566455e+17 0.231750155276 1.51127815726 0.258211549811
20 2.12805037347e+17 0.230269476967 1.27406512079 0.193106685357
21 1.60803295723e+17 0.226310061514 0.946176497416 0.268994520387
22 1.68804665019e+17 0.22018356699 0.966368344979 0.193357661536
23 1.53691610663e+17 0.212465730412 0.849009208262 0.265176135746
