00 1.40397393789e+17 0.169753083929 0.619655154855 0.219572015083
01 1.697146347e+17 0.138792071651 0.612431189225 0.309909805245
02 2.13595532658e+17 0.103572539693 0.575188426396 0.223569206942
03 2.63939686937e+17 0.0708122444946 0.485944202723 0.266109603496
18 3.76662972538e+17 0.187870633496 1.8398616929 0.765223265331
19 2.87677885555e+17 0.190238848792 1.42291525404 0.544671654206
20 1.66561255462e+17 0.200348569107 0.867628039213 0.35068538989
21 1.71017288401e+17 0.206740639324 0.919261812026 0.406788062021
22 1.66467872299e+17 0.204266928855 0.884100906715 0.273133451587
23 1.59939975861e+17 0.191216653517 0.795162860641 0.333877218763
