00 1.0318701231e+17 0.173706575724 0.466030826757 0.134722428215
01 1.30534053614e+17 0.133845775101 0.454257221156 0.194401615116
02 1.76218438355e+17 0.0895018712599 0.410068879564 0.131188596412
03 2.24564548918e+17 0.0626058266953 0.365535280019 0.163337926392
04 2.90538348245e+17 0.0664279599419 0.501796613729 0.242127688878
16 7.66456102151e+17 0.15659137089 3.12053070583 0.37323403872
17 5.51245958098e+17 0.144774576042 2.07496639684 0.297809239986
18 3.67211426848e+17 0.176057457656 1.68090806606 0.202910371261
19 2.4213332816e+17 0.205306777175 1.29250194453 0.263357819154
20 1.68806196635e+17 0.22431020074 0.984488748187 0.173100941011
21 1.34621464313e+17 0.230638787049 0.80727221224 0.258400690194
22 1.30572623238e+17 0.223422019238 0.758492777665 0.160949039951
23 1.22707276689e+17 0.203095850835 0.647954807836 0.225004707599
