00 1.10185031519e+17 0.148177142651 0.424499481469 0.122913720465
01 1.43322001248e+17 0.12786450542 0.47647071694 0.191059129769
02 2.00061178748e+17 0.111059227602 0.57768463961 0.197099960179
03 2.56455169787e+17 0.104697906294 0.698108302705 0.269294658109
14 1.00360003695e+18 0.184938952287 4.82572322308 0.407881533482
15 7.75921716286e+17 0.172985412965 3.48980160153 0.33175361102
16 6.05692645753e+17 0.178702317891 2.81420567287 0.222217857012
17 4.19795288814e+17 0.189421753434 2.06747735195 0.254314198739
18 3.05713622362e+17 0.198790014558 1.58009320143 0.152055946403
19 2.09307555416e+17 0.207832588681 1.13102420789 0.209233922737
20 1.62570760756e+17 0.215619620378 0.911389588692 0.144646080932
21 1.28532543552e+17 0.210817482004 0.704519586865 0.212673988528
22 1.31916435537e+17 0.193879588682 0.664973510819 0.130698259581
23 1.28107141245e+17 0.16680564811 0.555593862796 0.182761368126
