00 1.23109404956e+17 0.197910611861 0.633481099176 0.160952376048
01 1.05527051132e+17 0.206101018934 0.565480051852 0.228201451552
02 9.40374799871e+16 0.209442732374 0.512082135606 0.141012187024
03 8.29932597207e+16 0.211025968209 0.455357057672 0.202361635381
04 8.3119042479e+16 0.202681910756 0.438014885095 0.130770081229
05 1.12281627088e+17 0.184993784045 0.540056479915 0.193910100353
06 1.76260111498e+17 0.167274629117 0.766579964252 0.125336749609
07 2.64403514757e+17 0.147406877593 1.01334730991 0.183310851471
08 3.96037002008e+17 0.128223503973 1.32031255461 0.142175832369
09 5.93835468586e+17 0.114212881985 1.7634151676 0.231438282087
10 8.8831714221e+17 0.113490745471 2.62121014177 0.336581421634
21 3.90742698201e+17 0.179158561319 1.82012739104 0.407583498779
22 2.69349903602e+17 0.178338510999 1.2489219794 0.25725074544
23 1.75959459264e+17 0.187763081804 0.859005948944 0.273058159435
