00 1.01748577342e+17 0.218282730193 0.577458888642 0.158042083537
01 9.68922606736e+16 0.228657851058 0.576034578854 0.244478051979
02 9.16496559099e+16 0.225622343825 0.537633464606 0.149769214741
03 8.86363600399e+16 0.209317892233 0.482382577529 0.221253819702
04 9.36636386458e+16 0.181065280693 0.440940058576 0.137169271076
05 1.30236906756e+17 0.143348591398 0.48540120542 0.196499058661
06 2.32260813756e+17 0.0999147131261 0.603363086999 0.11647885174
07 3.79177200582e+17 0.0767033861214 0.756188555841 0.16449512218
08 5.95823831134e+17 0.0732058390123 1.13406237 0.213524733169
20 3.79935504278e+17 0.162885820652 1.60903876664 0.367584243801
21 2.55090522603e+17 0.153073798654 1.01523955768 0.306145868536
22 1.84356805814e+17 0.16550569419 0.793314629247 0.197407196387
23 1.38140605832e+17 0.197423318792 0.709076598446 0.250030655548
