00 1.84937590177e+17 0.0858639937968 0.41286648249 0.150142067124
01 2.41888060243e+17 0.0473875652195 0.298024641995 0.147970794862
15 7.65439621478e+17 0.158820689695 3.16075886368 0.432249651256
16 5.7137373194e+17 0.18096843761 2.68841590058 0.274283679893
17 4.16569941243e+17 0.204452246172 2.21438516455 0.333337166998
18 3.04114601677e+17 0.220584594253 1.74415789645 0.214427449229
19 2.29141769794e+17 0.225387861635 1.34279011113 0.284896519669
20 1.74675490099e+17 0.217387589738 0.987279378254 0.183118811904
21 1.58299274643e+17 0.196770442973 0.809864078239 0.273177954351
22 1.75707389376e+17 0.165138715756 0.75441840839 0.173274369484
23 2.01725316859e+17 0.125576361772 0.658630215581 0.230325546329
