00 9.1502356551e+16 0.18607766892 0.4426901754 0.117596250167
01 1.06362686215e+17 0.163770533098 0.452895919404 0.184606350922
02 1.27192158648e+17 0.143587309623 0.474842676502 0.143223277739
03 1.50959809752e+17 0.124048426342 0.486884497856 0.200723892398
04 1.93976416043e+17 0.109766729258 0.5535960753 0.212332224098
05 2.63693234805e+17 0.109100385209 0.747994870847 0.292652843147
16 9.04050048796e+17 0.178389539321 4.19309986493 0.396360510855
17 6.03387879586e+17 0.17525795647 2.74946169511 0.325008834447
18 4.06038073421e+17 0.184036847506 1.942875142 0.199600458667
19 2.50641469884e+17 0.194830934098 1.26965050424 0.238420962271
20 1.80635542393e+17 0.202941822077 0.953121158731 0.153488592616
21 1.32218437476e+17 0.210406388061 0.723309700474 0.220393057882
22 1.25588905546e+17 0.213915566231 0.698500967896 0.141635026519
23 1.10935214459e+17 0.20498530879 0.591242318983 0.198526658466
