00 2.0855284808e+17 0.153804662915 0.833986412973 0.465527046789
01 1.85639693381e+17 0.173424429836 0.837055907467 0.393130935152
02 1.36370058542e+17 0.197964125564 0.701905864203 0.243623573439
03 1.06605117123e+17 0.21699911803 0.601463626224 0.31648299195
04 1.04355479749e+17 0.22551028403 0.611864080835 0.204041401968
05 1.42581544813e+17 0.221429378187 0.820865313029 0.286098133456
06 2.11312077719e+17 0.204495217994 1.12352004435 0.170942151816
07 2.83974157519e+17 0.175897398798 1.29870820647 0.238162925188
08 3.82747596772e+17 0.138244774422 1.37573423458 0.152010568803
09 5.50985266089e+17 0.0959029218144 1.37386851926 0.205448258847
10 7.6827792528e+17 0.0556671744273 1.11196439315 0.151805043664
