00 4.46483696315e+17 0.167248177636 1.94151319837 0.535612764148
08 9.100761191e+17 0.209848173836 4.96542310277 0.549142685599
09 8.58445395799e+17 0.192296319537 4.29197314352 0.460754578417
10 6.9773073078e+17 0.191948031507 3.48212904767 0.279099380402
11 5.95492200952e+17 0.200389416379 3.10258869979 0.291390057009
12 5.2410363337e+17 0.210894013547 2.87378828766 0.188979126664
13 4.60236193553e+17 0.219721305331 2.62921612741 0.250145303837
14 3.85788840702e+17 0.224837675936 2.25523652499 0.154447654164
15 3.57982162567e+17 0.225202663983 2.09608195338 0.208096568533
16 3.5518794172e+17 0.220491702362 2.03621584213 0.145924605018
17 3.34688111303e+17 0.210969254012 1.83583143038 0.210282921341
18 3.16372555514e+17 0.197434861337 1.62403726234 0.146302947267
19 2.69924907623e+17 0.181209219731 1.2717349293 0.20932008986
20 2.60898629392e+17 0.16418599907 1.11373345519 0.175892474863
21 2.42607771229e+17 0.149052547566 0.940193965382 0.25997738937
22 2.71259664627e+17 0.139944061746 0.986990660652 0.301298061743
23 3.77917597191e+17 0.143803861026 1.41299625027 0.371654471704
