00 3.66063076374e+17 0.105936945498 1.00826970844 0.335292894922
11 9.25128179774e+17 0.173348993328 4.16962100523 0.359169403109
12 7.7635743004e+17 0.171427208874 3.46030847032 0.2441807586
13 5.89746292151e+17 0.180499626355 2.76767361982 0.265525289837
14 4.40837735699e+17 0.190845826665 2.18743309446 0.158602050879
15 3.84287444773e+17 0.203673021536 2.03499361039 0.207647619807
16 3.515679959e+17 0.216890393843 1.98254474842 0.147347559849
17 3.08586795655e+17 0.217429780888 1.74449494347 0.210297904683
18 2.73304087326e+17 0.205295592938 1.45881124116 0.133544980456
19 2.26963720157e+17 0.181522407594 1.07117402391 0.186004888922
20 2.12642945602e+17 0.150287158022 0.830895103165 0.126495817734
21 2.01413122559e+17 0.129447426677 0.677882670773 0.191032712245
22 2.3759772768e+17 0.110614258817 0.683324110145 0.168051781108
23 3.14245496739e+17 0.0996720758329 0.814359025508 0.239518057752
