00 9.88890174342e+16 0.172062287131 0.442391833309 0.124749951643
01 1.22718815571e+17 0.133603721988 0.426287953477 0.177485480048
02 1.61426723715e+17 0.102485699147 0.430142196664 0.135890640461
03 2.039271077e+17 0.0867948237089 0.460195251418 0.195530147342
04 2.84721440832e+17 0.0851036774616 0.630001883341 0.27044183444
16 7.98727484421e+17 0.162337110137 3.3712409018 0.317713722031
17 5.27875782697e+17 0.162769086313 2.23396832974 0.290800925755
18 3.56907353127e+17 0.1717434387 1.5937088992 0.170389190968
19 2.31307728692e+17 0.199724419369 1.20114284702 0.233123277101
20 1.67231242511e+17 0.219195402023 0.953064305257 0.159235322749
21 1.29628332698e+17 0.22599953038 0.761694500156 0.237138812888
22 1.26560814766e+17 0.219506061314 0.722302515114 0.148671117074
23 1.1732893942e+17 0.200224551839 0.610795492144 0.207841890929
