00 1.23826736773e+17 0.22601491806 0.727653933899 0.190586468618
01 1.27572261057e+17 0.221969659008 0.73624645343 0.271443043766
02 1.30047212398e+17 0.216583322493 0.732317490892 0.22028457107
03 1.33033076853e+17 0.210391010625 0.727713050625 0.278022742771
04 1.34158166085e+17 0.20407734803 0.711844711531 0.235038882097
05 1.92867987334e+17 0.198419839335 0.99498971155 0.312500722702
06 2.76712933459e+17 0.194220408911 1.39732577627 0.273731756461
07 4.18034870613e+17 0.192163125206 2.08860306674 0.346755882709
08 5.66274431341e+17 0.192605334689 2.83575438572 0.330585241539
09 7.29890774308e+17 0.195304260756 3.70632023084 0.423426019786
10 8.55198779165e+17 0.199299003642 4.43144687969 0.514908846565
11 1.00254087025e+18 0.203198581819 5.29658695932 0.476317088188
12 9.68477874344e+17 0.205857376865 5.18357618386 0.483764708293
13 1.05888741688e+18 0.207005775723 5.69909108948 0.526944777649
14 9.54377716035e+17 0.207323246695 5.1444818532 0.437516000023
15 8.54093470414e+17 0.207915570892 4.61706261891 0.416396432387
16 7.63097206929e+17 0.20963272263 4.15922377312 0.342243626533
17 6.28220191094e+17 0.212687688744 3.47398221212 0.371376472839
18 4.92930850953e+17 0.216710778277 2.77740913701 0.270686444255
19 3.13388308236e+17 0.22102417698 1.80092621548 0.313892701695
20 2.59249734479e+17 0.224887183968 1.51585051102 0.234539486595
21 1.82112090874e+17 0.227657142078 1.0779370718 0.301489075548
22 1.80920776841e+17 0.22886801716 1.07658146593 0.212778321367
23 1.48834447157e+17 0.228262062384 0.88330470441 0.274871424129
