00 8.77880968992e+16 0.220078493035 0.502327073873 0.135654997687
01 9.56084448689e+16 0.202444851294 0.503241372501 0.210758192089
02 1.04142450605e+17 0.173447685132 0.469644941516 0.134397736161
03 1.14429117316e+17 0.135643275128 0.40356004631 0.177659977009
04 1.36488561778e+17 0.106726276822 0.378739816713 0.128869496989
05 1.81749404232e+17 0.0903979506404 0.42717411549 0.195619120345
06 3.16641101559e+17 0.0870883629565 0.716969634667 0.261527896193
18 5.59301913634e+17 0.163952793733 2.38417689329 0.301051325694
19 3.33368892939e+17 0.164541654265 1.42617979724 0.29014563452
20 2.17994795208e+17 0.173707221697 0.984549025719 0.17729033423
21 1.51766024542e+17 0.197273191646 0.778423569166 0.24466422082
22 1.33335027369e+17 0.217396966467 0.753652392318 0.162355107029
23 1.10799780569e+17 0.224964416405 0.64807620731 0.223595894979
