00 1.0097158688e+17 0.221036097622 0.580277503898 0.151424321836
01 1.10508454217e+17 0.21047029315 0.604727415619 0.231856235746
02 1.20756806648e+17 0.197842703362 0.621162179992 0.186144353663
03 1.32150525289e+17 0.184591510048 0.634240490434 0.247121704945
04 1.46114223839e+17 0.172629141693 0.655812899309 0.228984833449
05 2.1562843045e+17 0.164530684602 0.922414825324 0.308668304589
06 3.55516505835e+17 0.163800288581 1.51407636253 0.363882501532
07 5.39196313924e+17 0.174471014134 2.44592732039 0.431714962036
08 7.07326600466e+17 0.197653993527 3.63495411006 0.612359740429
14 1.26107619659e+18 0.217499773895 7.13137847818 0.603370256556
15 1.0417968684e+18 0.204078321508 5.52781206264 0.486251568155
16 8.20808808711e+17 0.20070189702 4.28318500997 0.364036487225
17 5.99563645503e+17 0.205113952309 3.19745059373 0.35184584861
18 4.35818968526e+17 0.213189583501 2.41571367393 0.232791828332
19 2.68809925187e+17 0.221679600944 1.54933160057 0.274351363031
20 2.10260759826e+17 0.228443342905 1.24884944227 0.190410343203
21 1.48379961268e+17 0.232158553267 0.895639605689 0.25883533939
22 1.43777241546e+17 0.23211925336 0.8677101149 0.169603557113
23 1.22206868598e+17 0.228125645082 0.724841539044 0.233157900085
