00 2.42563480292e+17 0.165651784706 1.04470790879 0.362600270718
01 1.92823117589e+17 0.155766991497 0.780922399865 0.316213432637
02 1.44439913986e+17 0.161706305124 0.607277964879 0.180078231916
03 1.03685277137e+17 0.19347702973 0.521578705626 0.248790412201
04 9.87135644184e+16 0.216649259832 0.556041737332 0.166140320939
05 1.25020147817e+17 0.22757140086 0.739726264537 0.240947248646
06 1.71861474979e+17 0.225144718752 1.00603628966 0.148008805184
07 2.20684401415e+17 0.209485607247 1.20198535185 0.204543959733
08 2.78776625891e+17 0.181868034867 1.31821448506 0.130731802566
09 3.7342606489e+17 0.144707602872 1.4049773582 0.189953478941
10 5.13825974043e+17 0.101636134757 1.35780543443 0.119210233468
11 7.0648935231e+17 0.0815544690494 1.49805146443 0.171692193283
12 9.7692874873e+17 0.0765493049997 1.94436363549 0.22100599611
