00 2.48563564627e+17 0.175153076612 1.13195350003 0.307678223325
01 1.73255872516e+17 0.179073773283 0.806665153707 0.311046722652
02 1.34547405783e+17 0.189604089952 0.663279199153 0.182713838131
03 9.93940675094e+16 0.199639489833 0.51591750418 0.231496224693
04 9.45073206841e+16 0.205817305563 0.505732294579 0.145246862922
05 1.18757733524e+17 0.212734422867 0.656860305458 0.212553491858
06 1.62786652643e+17 0.210906820375 0.892653198021 0.132374943936
07 2.12050394498e+17 0.196905346373 1.08560026581 0.181845077712
08 2.67741300409e+17 0.174262173675 1.21308670579 0.116990473446
09 3.53583809176e+17 0.155004636396 1.4249853742 0.18760904528
10 4.73505751267e+17 0.134776969378 1.65925942361 0.145698002509
11 6.33603917759e+17 0.117126753535 1.92951121777 0.209182891823
12 8.83710730156e+17 0.108091722715 2.4835671953 0.241137100971
13 1.31140228623e+18 0.118705974921 4.04745345942 0.331601745552
23 3.7145829659e+17 0.18912543699 1.82655752932 0.457189051904
