11 9.33513695202e+17 0.161431783191 3.91816829168 0.469313710177
12 7.51002441458e+17 0.181074659274 3.53567529122 0.314510387001
13 5.66078043883e+17 0.203469569074 2.99467104693 0.343591032909
14 4.35559374627e+17 0.219170205211 2.48200257548 0.221790103512
15 4.23366084268e+17 0.223876399082 2.46432353543 0.284432447499
16 4.02665687603e+17 0.215978211551 2.2611423916 0.18594272777
17 3.92496204772e+17 0.195594996858 1.99602764242 0.259582846392
18 3.78151886204e+17 0.1642928576 1.61531900377 0.169968695199
19 3.71185227143e+17 0.125145509591 1.20775627449 0.232151082377
20 3.96585368297e+17 0.0832542913557 0.858453278789 0.154608852916
21 4.38256499863e+17 0.0460288602245 0.524483626541 0.151414478183
