00 1.3806300831e+17 0.101056115845 0.362754895403 0.117082795775
01 1.9533058115e+17 0.0761037603932 0.386500185377 0.163604460086
02 2.86584984932e+17 0.0723069726023 0.538774408996 0.23161121963
14 8.79693425719e+17 0.163488676201 3.73931775446 0.349668801382
15 7.035500295e+17 0.152472857774 2.78907937321 0.292284895674
16 5.32894399641e+17 0.16482722776 2.28372317112 0.190138452614
17 3.82113381172e+17 0.196907947843 1.95627020498 0.257304001647
18 2.84458163147e+17 0.219120876819 1.6205987753 0.165364407268
19 2.06973685718e+17 0.228963494721 1.23212487833 0.234315811695
20 1.63240350432e+17 0.225370415049 0.956528183768 0.155279525688
21 1.3788695225e+17 0.208527952022 0.747585377843 0.230713782222
22 1.47359352104e+17 0.179802243257 0.688884093903 0.141838956283
23 1.57611496101e+17 0.141729684654 0.580793918646 0.19203428158
