00 1.26442345363e+17 0.169482331593 0.557173331112 0.177288190044
01 1.57875295234e+17 0.133583926107 0.548329646089 0.259442714484
02 2.10486833257e+17 0.0938623928133 0.513676743455 0.180694452614
03 2.67718205804e+17 0.0575012865055 0.400247672622 0.195439136265
17 5.41517581532e+17 0.172440287835 2.42786563831 0.649178415684
18 3.92330269587e+17 0.178968726787 1.82558606953 0.440707341556
19 2.83974354632e+17 0.196460102483 1.45053040116 0.398099125107
20 1.74031109576e+17 0.211658775899 0.95771550215 0.249086496115
21 1.57464877075e+17 0.217964101925 0.892363953424 0.338292941705
22 1.52549008381e+17 0.212730281899 0.843746632462 0.218517176933
23 1.45922923116e+17 0.195481764035 0.74165703102 0.287053429526
