00 4.23880602238e+17 0.22320070636 2.45987169563 0.662993284209
01 3.21497201394e+17 0.209572014395 1.75179721908 0.587393531969
02 2.39912052325e+17 0.202871824337 1.26545628913 0.411818142681
03 1.81038584857e+17 0.203984665831 0.960156476103 0.380951500098
04 1.68986374759e+17 0.210124730282 0.923213626857 0.255375077939
05 1.92757042827e+17 0.218123507515 1.09316589927 0.301626938685
06 2.2040055612e+17 0.225588202812 1.2927138992 0.194260288219
07 2.61763369664e+17 0.230913980792 1.57156536458 0.241498345148
08 2.89560139261e+17 0.233121609649 1.75507086962 0.163309570543
09 3.28438924801e+17 0.231737057302 1.97889821836 0.244658366704
10 3.60477741608e+17 0.226735299332 2.12505874479 0.167308893942
11 3.96653786101e+17 0.218489744756 2.25328439652 0.228062820706
12 4.45668575637e+17 0.20775275399 2.40731072284 0.166246725864
13 5.24904977226e+17 0.19563632326 2.66995247494 0.252525199045
14 5.84836904865e+17 0.18363111807 2.79225062296 0.206860134219
15 6.55866539455e+17 0.173671720745 2.96154223264 0.280911455416
16 8.06248012786e+17 0.168274953798 3.52745502463 0.300438260573
17 9.56098039709e+17 0.170541087279 4.23940398016 0.392765986919
18 1.06617191535e+18 0.183082110193 5.07512210637 0.550106223922
19 1.02644874591e+18 0.204544315009 5.45881064621 0.575976298679
