00 1.39357225862e+17 0.190035426 0.688553054353 0.231450948205
01 1.24110138943e+17 0.21355052448 0.689098416879 0.305903327412
02 1.04552958931e+17 0.226828108066 0.616604296539 0.183541054586
03 9.27666894074e+16 0.227449525059 0.548593225622 0.272039940753
04 9.39735547459e+16 0.214794852493 0.524810931578 0.168364229238
05 1.32729736474e+17 0.189667870031 0.654538726575 0.250842052562
06 2.23074077607e+17 0.154205084888 0.894378083914 0.149227704289
07 3.39829267574e+17 0.112032896663 0.989873487645 0.197444957393
08 5.09335846331e+17 0.0688124336955 0.911264618015 0.125288949352
09 6.91776647408e+17 0.044625533307 0.802643447317 0.14031505142
22 2.38624128032e+17 0.143235086405 0.888663037522 0.397115820821
23 2.08971960638e+17 0.163467323601 0.888162264942 0.34789433161
