00 1.0046703712e+17 0.199378453443 0.520805024557 0.149926725585
01 1.20161822357e+17 0.166648994323 0.520646018149 0.229377427798
02 1.4860470312e+17 0.125853434338 0.486262718409 0.146548546671
03 1.80060478442e+17 0.0818704419968 0.383282404862 0.179937371475
04 2.31734066759e+17 0.0463630293831 0.279341227002 0.137575711328
17 6.12227863081e+17 0.153471662761 2.44295033153 0.439356205859
18 4.39199636705e+17 0.153239625207 1.74987248072 0.288209360345
19 2.88903355861e+17 0.183127131492 1.37555711376 0.314365092919
20 1.82451965731e+17 0.209157659601 0.992191879687 0.20461221553
21 1.45750222883e+17 0.225500317718 0.854534760759 0.290146680714
22 1.34667413641e+17 0.229384280153 0.80315528119 0.186785225057
23 1.21828553026e+17 0.219895062749 0.696526930119 0.252043059759
