00 2.68368231031e+17 0.169497435002 1.18268089669 0.408506545912
01 3.72663471292e+17 0.18283187133 1.77150375565 0.49790125358
02 3.57097200818e+17 0.205559924347 1.90852671321 0.675041996817
07 7.02965484179e+17 0.223808849739 4.09057730693 0.63378321096
08 7.92696839022e+17 0.209374800014 4.3152392957 0.508540226763
09 7.98585115857e+17 0.202408881978 4.2026587321 0.470713069742
10 6.91006301684e+17 0.203636182207 3.65856101405 0.314492288422
11 6.19602678076e+17 0.209992880497 3.38291592946 0.314015443913
12 5.54216841839e+17 0.218162652365 3.14364482122 0.213149016005
13 5.07994155314e+17 0.225698823647 2.98099576512 0.279599325698
14 4.32634453525e+17 0.230984483041 2.59822798542 0.175720591261
15 3.94157564542e+17 0.233047184969 2.38829008212 0.23386844615
16 3.88614655017e+17 0.231431467038 2.3383791528 0.169110387815
17 3.5681046847e+17 0.22613202149 2.09784308562 0.23660585879
18 3.27049768388e+17 0.217554452566 1.84992946641 0.168776259053
19 2.61173353836e+17 0.206483435277 1.40212725387 0.232073714599
20 2.43961792882e+17 0.194077187734 1.2310328856 0.191478476565
21 2.09564024376e+17 0.181884831017 0.991029446183 0.276766341885
22 2.3765292772e+17 0.171927958586 1.06233875059 0.26962189257
23 2.72688593701e+17 0.166868841038 1.18308396947 0.333767081312
