00 3.08478580924e+17 0.18498843133 1.48368918838 0.412840513879
01 2.03393308104e+17 0.180412784739 0.954063580922 0.356722937936
02 1.57020499644e+17 0.188524263075 0.769656523562 0.211471250653
03 1.10680150206e+17 0.199561150422 0.574273910705 0.253749671467
04 1.03749889554e+17 0.208642358371 0.562812162568 0.155925000367
05 1.26632497881e+17 0.213352327418 0.702450791892 0.219695008501
06 1.66391469516e+17 0.212557803793 0.919562938584 0.134994424101
07 2.09668817598e+17 0.205977579864 1.12286396617 0.184767619059
08 2.54959161855e+17 0.194019267253 1.28614173383 0.121276989345
09 3.23682220795e+17 0.177716717395 1.49561728573 0.19471384184
10 4.10875417984e+17 0.158734231424 1.69571983581 0.140971563878
11 5.23125596966e+17 0.139502209432 1.89740659127 0.203161865301
12 6.93307391847e+17 0.123708680864 2.22997171484 0.191207389962
13 1.02487931848e+18 0.117704698064 3.13646087906 0.287571411708
14 1.47692486706e+18 0.132834004545 5.1008319571 0.442724164298
