00 1.33742078243e+17 0.172868507149 0.601114628632 0.204025375854
01 1.62523309332e+17 0.14084869895 0.595171113377 0.293727271474
02 2.06297491439e+17 0.104118117845 0.558461969645 0.206493815086
03 2.56634834651e+17 0.0693568344964 0.462783873575 0.244946744045
18 3.85007534572e+17 0.182839640112 1.8302606156 0.66530474245
19 2.92017856489e+17 0.1901958611 1.44405527946 0.496688484055
20 1.71310917072e+17 0.202877542061 0.903633582381 0.317038066678
21 1.67254256366e+17 0.210411271165 0.914996697937 0.383453633781
22 1.61129356386e+17 0.208254162009 0.872452336322 0.253794956384
23 1.53621570625e+17 0.194960244079 0.778702571524 0.317807656871
