00 1.39201016666e+17 0.215610730297 0.780344054399 0.18782077877
01 1.16039232355e+17 0.22390943245 0.675539245124 0.261051620788
02 1.03597920313e+17 0.228958192448 0.616709406983 0.170231399014
03 8.9908177553e+16 0.229787450279 0.537154042857 0.227838798954
04 8.86219300191e+16 0.226055363633 0.520870028025 0.152798241754
05 1.17113939771e+17 0.217950164272 0.663650062702 0.225261864624
06 1.72712264766e+17 0.206146506335 0.92570477955 0.147348523958
07 2.48929653569e+17 0.191775445322 1.24120347435 0.212259075046
08 3.44523969771e+17 0.176454588824 1.58061372108 0.158459707381
09 4.79885005503e+17 0.162408955909 2.0263781902 0.255474248556
10 6.68862817246e+17 0.152830906634 2.65779568011 0.292962844871
11 9.10378995133e+17 0.152607238366 3.61219103216 0.350699325158
12 1.29224615129e+18 0.168316712856 5.65517223407 0.500444854366
20 7.06620727815e+17 0.207068774748 3.80429629633 0.557636317385
21 3.85591949028e+17 0.19625723565 1.96755546013 0.463433339264
22 2.95834584227e+17 0.198184591965 1.52437626546 0.281824405858
23 1.88138643566e+17 0.20649953821 1.01011411841 0.304695343202
