00 4.18573374455e+17 0.210523578165 2.29110867738 0.677895797774
05 4.47608954183e+17 0.224417996641 2.61173912418 0.664835758237
06 5.16202521537e+17 0.208796943622 2.80231922846 0.510703413956
07 5.75776026585e+17 0.201584879225 3.01776126028 0.420043384099
08 5.61037363392e+17 0.203131104881 2.96306762714 0.279233641351
09 5.34675559898e+17 0.209889787213 2.91779642687 0.334555088402
10 4.83698328144e+17 0.218326747846 2.74571135598 0.210259836345
11 4.57853025402e+17 0.225932103748 2.68953612815 0.261946593436
12 4.41507718162e+17 0.231090333819 2.65273231532 0.175720123965
13 4.29827798783e+17 0.232848782015 2.60220686499 0.24694669679
14 3.93423870249e+17 0.230787355813 2.36072862294 0.159412237455
15 3.83795944246e+17 0.224945857314 2.24466600051 0.221074873102
16 4.06000234949e+17 0.215781886619 2.27779491329 0.164204562625
17 4.07025001388e+17 0.204148387993 2.16043094557 0.23815965023
18 4.06193835459e+17 0.191279317904 2.02010847437 0.19068459715
19 3.49997774792e+17 0.178827892418 1.62732347484 0.259757810681
20 3.30723993172e+17 0.168978608301 1.45301728255 0.258304904371
21 3.10519772248e+17 0.164663703737 1.32941473033 0.354791317513
22 3.69476057813e+17 0.16957543883 1.62900568066 0.495051616317
23 4.72453115843e+17 0.186483737164 2.29072538961 0.515481094923
