03 2.6301126364e+17 0.231085673796 1.58023151192 0.648406571972
04 2.81361254937e+17 0.214819476492 1.57148881476 0.615464387865
05 3.94940750099e+17 0.204013958795 2.09490907385 0.492989544612
06 3.89780678759e+17 0.202067235795 2.0478095124 0.330032365726
07 4.23770091938e+17 0.206815960109 2.27870287918 0.320934316335
08 4.17960809551e+17 0.21467850686 2.33290726553 0.213602720934
09 4.20201774962e+17 0.222776382369 2.43388681357 0.287455857252
10 4.06227802518e+17 0.229158494712 2.42035434511 0.184853929191
11 4.03858913257e+17 0.232601002412 2.44238768947 0.242356045539
12 4.10084388473e+17 0.232449628275 2.47842305521 0.164020531596
13 4.22189164719e+17 0.22852693959 2.50852154127 0.238401178099
14 4.09170060321e+17 0.221083400982 2.35197842141 0.158191381625
15 4.17235306247e+17 0.210765998604 2.28641441532 0.224628871998
16 4.64986537472e+17 0.19859499439 2.40094396882 0.177338200241
17 4.96952479947e+17 0.185977796463 2.40297530635 0.256516431734
18 5.23579614774e+17 0.174759320759 2.37901086387 0.235796575393
19 4.63897773063e+17 0.167375317857 2.0187709677 0.31518429864
20 4.19890039004e+17 0.167007976006 1.82324962453 0.388384316111
21 4.99990222302e+17 0.177034588886 2.30140464976 0.458100915266
22 6.75791478803e+17 0.1979719882 3.47848234935 0.676759955439
