09 9.60276944189e+17 0.189484886153 4.73090715357 0.478171917592
10 7.77322188724e+17 0.179801880246 3.63386376833 0.29137865849
11 6.40687594908e+17 0.185977284453 3.09798681617 0.29009671014
12 5.47288300496e+17 0.19689165 2.80166890927 0.184900892344
13 4.61468142818e+17 0.206729862942 2.48038039384 0.23797571122
14 3.77202192055e+17 0.212633556907 2.08535193802 0.145827959078
15 3.50109175144e+17 0.2132150478 1.94086215735 0.196287130906
16 3.43447579303e+17 0.20800931963 1.85744772978 0.135233312583
17 3.2416482078e+17 0.197266414446 1.66261762901 0.193633523397
18 3.07605231691e+17 0.181872229961 1.45456608532 0.131405830312
19 2.70884153876e+17 0.163335739785 1.1503716554 0.190018782091
20 2.66629363857e+17 0.143880236043 0.997430091003 0.155571917429
21 2.583696091e+17 0.12681270266 0.851878258793 0.234710517954
22 2.84337184772e+17 0.117643779558 0.869713028222 0.286620614373
23 4.20684760153e+17 0.1264549602 1.38313953965 0.363117403718
