00 9.81076941492e+16 0.219848173745 0.560788732114 0.152051015564
01 9.47185987499e+16 0.227488570108 0.560232363398 0.236275776392
02 9.09837281092e+16 0.221741771873 0.524547220147 0.146015597445
03 8.91481738849e+16 0.203028973131 0.470591217208 0.213172166156
04 9.49408286018e+16 0.1729066268 0.426813358897 0.13344014429
05 1.31599699328e+17 0.13406027095 0.458699575069 0.186630726412
06 2.34853348252e+17 0.096991279834 0.592246897326 0.119258208025
07 3.87499980778e+17 0.0816514115888 0.82263793095 0.180254074801
08 6.12383796016e+17 0.0809121706313 1.28828185707 0.244196317032
20 3.59555156996e+17 0.160529990876 1.50070403787 0.324829732948
21 2.35365794434e+17 0.158939697985 0.972633175366 0.291540568818
22 1.75463703163e+17 0.170989197222 0.780062341385 0.184501330144
23 1.3129510723e+17 0.201258423628 0.687030404091 0.240220343879
