00 9.58909830748e+16 0.221243645271 0.551597036747 0.149078875186
01 9.36630759377e+16 0.226519290972 0.551628832344 0.232053452278
02 9.10124643624e+16 0.218459483233 0.516945934242 0.143878094658
03 9.00966660504e+16 0.197698564932 0.463111521166 0.208730706796
04 9.67585243691e+16 0.165985155036 0.417572445379 0.131231741364
05 1.33746404732e+17 0.12618454346 0.438794954533 0.18006774814
06 2.39288946523e+17 0.0970768791539 0.603965027757 0.126642587808
07 3.96714803641e+17 0.0832727576238 0.858923927923 0.191177258436
08 6.19824361499e+17 0.0857786775579 1.38236056524 0.267036603753
19 4.75624468049e+17 0.180336210198 2.23008016518 0.430142739237
20 3.40648419734e+17 0.160236940888 1.41919597811 0.29981588768
21 2.21943798799e+17 0.16264135584 0.938528249282 0.282622047853
22 1.69100848355e+17 0.176147866505 0.77445559521 0.178729520594
23 1.27355040387e+17 0.204696088517 0.677796044123 0.236118871848
