00 1.63931271442e+17 0.153791499755 0.655492138388 0.209033256853
01 1.34474431066e+17 0.187537633819 0.655694431892 0.278972862441
02 1.07915805156e+17 0.213505493815 0.599056049027 0.169625085103
03 8.92782468689e+16 0.228075029591 0.529415608708 0.254381040524
04 8.8122693729e+16 0.229472219349 0.52576446273 0.160575758214
05 1.1856062325e+17 0.217342413825 0.669974553085 0.239387434615
06 1.83948074581e+17 0.192582703939 0.921055657262 0.141461674949
07 2.61686439215e+17 0.157304788995 1.07027778269 0.195064261131
08 3.72526208873e+17 0.11490784957 1.11296082482 0.118895350412
09 5.54754426894e+17 0.0704014866074 1.01544394524 0.146277842707
10 8.06630372295e+17 0.0630001881881 1.32126449657 0.189529579902
23 2.62164480581e+17 0.148825177879 1.01443356185 0.333772428291
