07 6.56531439711e+17 0.184802898015 3.15455173011 0.389819859421
08 5.86307345442e+17 0.182961929909 2.78907000948 0.259723390188
09 5.11009752807e+17 0.191864421896 2.54915936094 0.29364878822
10 4.46502235544e+17 0.202852021088 2.35492090342 0.170514541348
11 4.14324214072e+17 0.211580805537 2.27923932514 0.227228329563
12 4.00518926787e+17 0.21586589991 2.24791784261 0.14354841645
13 3.83748911651e+17 0.214687964159 2.14204308735 0.207033788107
14 3.53669136002e+17 0.207835337591 1.91112855119 0.130356045108
15 3.6157661727e+17 0.195758503342 1.84032413344 0.185709448379
16 3.9592084008e+17 0.179514824381 1.84791516197 0.134089598717
17 4.29307785899e+17 0.160776944681 1.79459264776 0.199734316343
18 4.7097285028e+17 0.141974738112 1.73852242399 0.168078449339
19 4.77641386979e+17 0.126780922013 1.57445120125 0.238482663742
20 4.39190827811e+17 0.121514136706 1.38756525156 0.30802631336
21 5.99489517105e+17 0.137312720075 2.1402559425 0.39446125407
