00 1.6722592521e+17 0.218590406074 0.950403555341 0.23179301522
01 1.39057974587e+17 0.224599630744 0.812041613352 0.300905162117
02 1.24726639667e+17 0.229362621435 0.743798354957 0.210436981599
03 1.07900115091e+17 0.232026356344 0.650927434394 0.26352302133
04 1.04433136809e+17 0.23209383445 0.630195466304 0.184258195245
05 1.35796122708e+17 0.229404223774 0.809957307155 0.259026992238
06 1.8721659373e+17 0.224117519998 1.09092148592 0.175537103076
07 2.59439718677e+17 0.216688302209 1.46165635631 0.239461119759
08 3.33801566213e+17 0.207845522852 1.80385818752 0.172225561193
09 4.31381699546e+17 0.198572460048 2.22717365776 0.2745617905
10 5.37287299398e+17 0.190086624654 2.65540935951 0.253371439742
11 6.54790544666e+17 0.183810956043 3.1292995766 0.307540750042
12 7.77936677309e+17 0.181270894653 3.66644921446 0.321615821216
13 1.00154815583e+18 0.183724301213 4.7842271116 0.432527974088
14 1.15837655503e+18 0.191307895621 5.7617711081 0.54493406692
15 1.30512111525e+18 0.202005106091 6.85466936304 0.532084327594
16 1.29729209909e+18 0.211871719752 7.14634720944 0.641136029003
17 1.22640810569e+18 0.217245700895 6.92722910109 0.620921622466
18 1.01784258414e+18 0.216963485719 5.74170154916 0.64592326567
19 7.14587983971e+17 0.212807796469 3.95381725055 0.587125507465
20 5.57403861328e+17 0.208281203794 3.01851542816 0.502178939894
21 3.58332693009e+17 0.206414939248 1.9230957475 0.473803244877
22 3.18628480331e+17 0.208222107708 1.72498283751 0.332551398382
23 2.07049517331e+17 0.21292182825 1.14621940598 0.341987336375
