00 1.05296772587e+17 0.201071065675 0.550475491184 0.141964851162
01 9.63950033705e+16 0.21087785112 0.528516850406 0.216366500997
02 8.9905217039e+16 0.215247786572 0.503149373192 0.139684071327
03 8.39445104335e+16 0.20707542226 0.451953968556 0.200377760504
04 8.59730570349e+16 0.187083524308 0.418187705145 0.126734948707
05 1.18761724291e+17 0.162045430393 0.500364662903 0.18820262956
06 1.9717117166e+17 0.141730096456 0.726572318624 0.129344646462
07 3.15407945062e+17 0.122083325313 1.00115731985 0.191671409329
08 5.1265680257e+17 0.107797771164 1.43684477792 0.180733276284
09 7.5551585131e+17 0.107383310228 2.10937461913 0.269419557463
20 4.7134855054e+17 0.17802786043 2.18174252321 0.386500472243
21 2.75088360112e+17 0.174048000298 1.24484305355 0.329562436277
22 2.03815230299e+17 0.182575120787 0.967501347542 0.209044702722
23 1.43593098205e+17 0.193335225976 0.721801706342 0.240181970488
