09 8.20474327871e+17 0.168833740067 3.6016174845 0.365458465689
10 6.57967081522e+17 0.168503098651 2.88260679321 0.223177676624
11 5.50200756134e+17 0.177806961109 2.54356763565 0.249833106797
12 4.8357859329e+17 0.18820482552 2.36630744417 0.151505633804
13 4.1674633993e+17 0.210799424093 2.28409709971 0.225044934817
14 3.53022712747e+17 0.221274675032 2.03098963709 0.145167909049
15 3.44966457116e+17 0.218774784939 1.96221902413 0.203196632884
16 3.52435959601e+17 0.2035220253 1.86494048745 0.137096110632
17 3.55732408443e+17 0.176800395589 1.63523439395 0.190744995718
18 3.62598434552e+17 0.140929471759 1.3286209519 0.124522214657
19 3.55593286611e+17 0.118118762202 1.09205821041 0.175079670622
20 3.74739046745e+17 0.100435131883 0.978561105122 0.165096298671
21 3.68860065841e+17 0.0932400716981 0.894206013625 0.248458735977
