00 9.63988623668e+16 0.204603458196 0.512812055768 0.144402930366
01 1.13989421084e+17 0.173411698931 0.513944578432 0.223728994904
02 1.38207780263e+17 0.133479492998 0.479645515383 0.141779009033
03 1.65778218721e+17 0.0892319896365 0.384610727666 0.177363945513
04 2.17261741029e+17 0.0539765292913 0.304902902942 0.136636241747
17 6.22941800429e+17 0.157453470578 2.55019305958 0.420308241794
18 4.5161077559e+17 0.14489459503 1.70133497145 0.262455256593
19 2.91218934449e+17 0.177437595243 1.34350287286 0.296427445954
20 1.85425296376e+17 0.20578446169 0.992098764762 0.19460011186
21 1.44451278754e+17 0.224428977371 0.842895372036 0.279487883778
22 1.32182635144e+17 0.230605154866 0.792531923245 0.180165163704
23 1.18110558844e+17 0.223300405112 0.685727526587 0.244693660702
