14 8.29260366748e+17 0.183953970074 3.96618915391 0.749875135779
15 7.05077480525e+17 0.18543025285 3.39931008281 0.524269257681
16 5.39952333011e+17 0.19813570648 2.78157976113 0.314937128689
17 4.22807720435e+17 0.208821969156 2.29558005964 0.374185837423
18 3.2198221434e+17 0.211049639868 1.7668099899 0.249527511486
19 2.58804901544e+17 0.202371264832 1.36174155702 0.321325405866
20 2.02778113261e+17 0.182566350501 0.962531962586 0.207375393218
21 2.04835419954e+17 0.153091353385 0.81532182321 0.305633746621
22 2.46422700596e+17 0.117187520856 0.750819299499 0.214445497896
23 3.2303039992e+17 0.0805804980368 0.676778713171 0.255900907237
