00 1.12706504328e+17 0.188198527444 0.551491151842 0.167482357015
01 1.36547669835e+17 0.154686573909 0.549174371773 0.251423018919
02 1.73290479784e+17 0.114431273424 0.51557610712 0.164589769396
03 2.13051088512e+17 0.0732034827558 0.405498123784 0.199172294421
04 2.49197326148e+17 0.0383238238899 0.24830505547 0.152313420214
17 5.6743213058e+17 0.158446678776 2.33760114955 0.570663685143
18 4.16783366564e+17 0.167131493233 1.81109828662 0.409877268431
19 2.93543426185e+17 0.188378291732 1.43772743852 0.376997586997
20 1.79236531589e+17 0.209039727751 0.974156449928 0.241144650396
21 1.5411909297e+17 0.221428762861 0.887286402331 0.324511374305
22 1.44442989923e+17 0.222190314682 0.834439667996 0.209802138518
23 1.33686832257e+17 0.21028612811 0.7309246447 0.276519388294
