05 4.15242211946e+17 0.187697755021 2.02644080528 0.421336446817
06 3.86679339828e+17 0.186031514554 1.87029812411 0.270955112275
07 3.79004559001e+17 0.194729936414 1.91889187554 0.271017467757
08 3.58737177347e+17 0.20565025536 1.91813419535 0.178349539096
09 3.57084641188e+17 0.214574482016 1.99215254989 0.242675689865
10 3.51025441004e+17 0.219325173257 2.00170660731 0.145611375127
11 3.56601702802e+17 0.218851448367 2.02911277786 0.20723244324
12 3.75665956087e+17 0.212882339143 2.07928883417 0.133536935551
13 3.98491350556e+17 0.201788832976 2.09068871908 0.200578505195
14 4.05575367014e+17 0.186522373638 1.96687088376 0.132515877364
15 4.48453752486e+17 0.168617115818 1.96604143637 0.195773894405
16 5.38143555597e+17 0.15028707924 2.10277660274 0.16142023247
17 6.63066830227e+17 0.134794054427 2.32381412646 0.23982031243
18 8.03240575099e+17 0.127531980354 2.66341039233 0.291815062149
19 8.85807670523e+17 0.138063717717 3.17974540454 0.381909803545
