09 8.95923365233e+17 0.169249217984 3.94249255243 0.389084360427
10 7.58483054797e+17 0.155228354359 3.06118998654 0.254148827171
11 6.17305632647e+17 0.159776662929 2.56440688377 0.254758424607
12 5.24706962778e+17 0.18982716594 2.58969452802 0.170657653297
13 4.36880543537e+17 0.214463283427 2.43606573164 0.244188795927
14 3.61827441622e+17 0.227097317561 2.13642107672 0.156806665166
15 3.53036501246e+17 0.226446795637 2.07854359571 0.218948876552
16 3.5550080794e+17 0.212465741621 1.96382531295 0.146704213951
17 3.56983309813e+17 0.186277218394 1.72894430709 0.205150767126
18 3.61635578929e+17 0.150146698623 1.4117580953 0.133412489072
19 3.58443773429e+17 0.107546915276 1.00228757543 0.165059584337
20 3.91306438755e+17 0.0824014741245 0.838349912084 0.137116575031
21 3.85568406827e+17 0.0752982654367 0.754848438274 0.211957230956
