00 1.02278038138e+17 0.165078480171 0.438981480359 0.122408386782
01 1.27218805146e+17 0.145124542378 0.480026842848 0.192653285223
02 1.67495553178e+17 0.126256043818 0.549830473438 0.177327269556
03 2.11788037893e+17 0.113244677426 0.623580568879 0.245393285015
04 2.92527161318e+17 0.114798812633 0.87312604034 0.34100984879
15 8.59792188177e+17 0.178111508968 3.98161098491 0.368694251509
16 6.82453772495e+17 0.179104139495 3.17798768737 0.24992062948
17 4.60316533713e+17 0.189012454604 2.26214450623 0.274515842312
18 3.28714328165e+17 0.199643516703 1.70626779611 0.162532895365
19 2.17850156665e+17 0.207083715003 1.17294371366 0.216301950981
20 1.66416665825e+17 0.209432936429 0.906181405859 0.143519207372
21 1.28064906552e+17 0.210433968429 0.700679369061 0.211080474733
22 1.28399076831e+17 0.199955118318 0.667525367592 0.13184655125
23 1.20180111555e+17 0.182069470964 0.568909362611 0.188048965096
