00 1.45070897796e+17 0.21618119713 0.815401609209 0.218557289223
01 1.5295261502e+17 0.212541555968 0.845228456426 0.30233236651
02 1.55050318412e+17 0.2088257984 0.841841169902 0.266907447242
03 1.60066550911e+17 0.205433792142 0.854960042266 0.318341717673
04 1.57664855834e+17 0.202738244478 0.831082098279 0.28860129977
05 2.29931118205e+17 0.201020472715 1.20174241391 0.354591060036
06 3.07408911913e+17 0.200401266507 1.60173351736 0.315378971923
07 4.44221248931e+17 0.200798397261 2.31917178519 0.373721673602
08 5.60047447992e+17 0.2019334534 2.94040019626 0.326547846088
09 6.82378003358e+17 0.203436861462 3.60934182269 0.413525793145
10 7.41666930192e+17 0.204999190412 3.95306912635 0.412856029076
11 7.9880151864e+17 0.206496097417 4.28868430146 0.39695730528
12 7.5912448908e+17 0.2080096103 4.10553491771 0.3489442114
13 8.06298667369e+17 0.209725962167 4.396645859 0.41240930155
14 7.32581378076e+17 0.211796925773 4.03412057764 0.304403482272
15 6.5540600464e+17 0.214229973755 3.65059789049 0.338951523304
16 6.26357519471e+17 0.216868659933 3.53177021304 0.270597127884
17 5.36714214599e+17 0.219441869793 3.06221684069 0.330042773524
18 4.45755707433e+17 0.221625835133 2.56856550405 0.248076476923
19 3.01630536665e+17 0.223120621539 1.74979981322 0.299997263357
20 2.57891645296e+17 0.223694257984 1.49991088611 0.2338506738
21 1.89355554537e+17 0.223217388548 1.09895376216 0.306997136035
22 1.9626596236e+17 0.221678954409 1.13120886637 0.231984916728
23 1.67467661883e+17 0.219184823068 0.954365615824 0.293706969359
