00 1.03855048407e+17 0.227257159435 0.613646885641 0.181892963949
01 1.04910686554e+17 0.226599716902 0.6180910287 0.274783626515
02 1.02452693476e+17 0.212706206838 0.566600419049 0.162646213816
03 1.04594605719e+17 0.186501619092 0.507183646187 0.24579703862
04 1.16394783522e+17 0.150252451882 0.454703641875 0.154572861589
05 1.59327210018e+17 0.107752715716 0.44636642874 0.20937822544
06 2.80530324834e+17 0.0649185834028 0.473502413534 0.135522858985
07 3.82303176726e+17 0.0450050915839 0.447345326515 0.149745570748
20 2.65362228117e+17 0.142130643297 0.980618708916 0.400506219643
21 2.26209873113e+17 0.166396906512 0.978656200823 0.362258518547
22 1.69453994301e+17 0.194300677803 0.856050674676 0.248423624663
23 1.37037607741e+17 0.216316543972 0.770731044221 0.292673873413
