00 1.43905724867e+17 0.225406588747 0.843369762126 0.215434147298
01 1.35105755259e+17 0.226537783467 0.795770516584 0.292177398094
02 1.29189042125e+17 0.226248406749 0.759949188707 0.223497558189
03 1.21455696298e+17 0.224482574181 0.708881871205 0.276883747883
04 1.1912831198e+17 0.221350203134 0.685595977451 0.210700618885
05 1.61868740181e+17 0.217126441274 0.913795571235 0.28853665815
06 2.24503284471e+17 0.212219134923 1.23874121326 0.214719339184
07 3.23139829759e+17 0.207152046478 1.74041600286 0.284267533624
08 4.22113065058e+17 0.202506983748 2.22250193374 0.220665585823
09 5.38708583854e+17 0.198863929151 2.78537234697 0.331384876622
10 6.44374314348e+17 0.196701816751 3.2954895558 0.333976717132
11 7.54962161919e+17 0.196263525972 3.85245993271 0.365921177339
12 8.0803766394e+17 0.197426723143 4.14773393236 0.368100155973
13 9.5445758772e+17 0.199664158163 4.95484523962 0.460265216009
14 9.62685559341e+17 0.202206843147 5.06120180534 0.446830086026
15 9.45616951658e+17 0.204378978973 5.02486990406 0.443735697092
16 8.92557372685e+17 0.205937056153 4.77907658224 0.420630331529
17 7.97000991967e+17 0.207137049051 4.29229927273 0.441554702098
18 6.43135672208e+17 0.208513685632 3.48666732372 0.372567392018
19 4.06848270312e+17 0.210523364545 2.22692773486 0.391009519877
20 3.4060934308e+17 0.213306278196 1.88900689357 0.309869395729
21 2.32437002558e+17 0.216658909012 1.30934823209 0.356015840227
22 2.29027511294e+17 0.220148292839 1.31092040624 0.260897524996
23 1.73879598398e+17 0.223261142634 1.0093345033 0.308107036423
