00 1.46897380783e+17 0.159455823267 0.6090147125 0.188706274459
01 2.0257965878e+17 0.148277022398 0.780985623661 0.275894672039
02 2.68547088621e+17 0.146362658932 1.02193691442 0.392113736049
03 3.35316154458e+17 0.161387454603 1.40701133704 0.437794014044
11 1.30305637896e+18 0.213480593175 7.23260846674 0.600824487607
12 9.71457890536e+17 0.195868777579 4.94723500672 0.440892694428
13 8.32234171942e+17 0.194161384196 4.20128120877 0.376534475539
14 6.22540352352e+17 0.201561520301 3.26248467659 0.22517259596
15 4.98540531845e+17 0.211681152468 2.74382249266 0.265020890584
16 4.36745919172e+17 0.220731664889 2.50649500068 0.18263566481
17 3.50248991965e+17 0.226576910378 2.06331669602 0.240392729563
18 2.86472122061e+17 0.228069804366 1.6987266617 0.155591852195
19 2.10762996477e+17 0.224761962059 1.23165912006 0.214154591957
20 1.80549237662e+17 0.21678093548 1.01763044865 0.152794148827
21 1.4621553926e+17 0.204768176862 0.778447524482 0.224160193143
22 1.58848187873e+17 0.189855449062 0.784113045078 0.159615467671
23 1.64749727451e+17 0.173688223474 0.743992274448 0.231175015027
