00 2.83944371842e+17 0.0480637366657 0.354833115414 0.152105050146
14 7.84071537601e+17 0.1621495248 3.30555750802 0.44151705329
15 6.41498861047e+17 0.181326162084 3.02433368782 0.382268447189
16 4.90637978299e+17 0.20344243304 2.59523118522 0.24159841701
17 3.81913603091e+17 0.218952682668 2.17414620655 0.315285911279
18 2.97262614414e+17 0.223517433765 1.72752779493 0.202913363132
19 2.3616112224e+17 0.215517380334 1.32331748645 0.276321891045
20 1.9281582417e+17 0.19507159339 0.977935141345 0.176497392927
21 1.86597078406e+17 0.163751022313 0.794442021092 0.263867617549
22 2.21687826012e+17 0.124644055499 0.718433811914 0.168307131092
23 2.86447548837e+17 0.0828864359289 0.617308026495 0.20677348957
