10 8.78436760166e+17 0.181113819917 4.13652296692 0.347507014741
11 7.1749118288e+17 0.18176327808 3.39075228424 0.308531573318
12 6.00146090172e+17 0.191521059707 2.98845599439 0.200799999336
13 4.93378960133e+17 0.202322702953 2.59536588465 0.248411132477
14 3.93706066062e+17 0.210227485024 2.15196373878 0.150719990961
15 3.57945159423e+17 0.213285038052 1.98495302065 0.200316868816
16 3.43969309058e+17 0.210652127599 1.88390453633 0.137568484843
17 3.16559144941e+17 0.202273323483 1.66481822848 0.195301752473
18 2.93167328566e+17 0.188760559324 1.43879915181 0.128980163976
19 2.51340929488e+17 0.171345039333 1.11971655768 0.187781523241
20 2.43452808453e+17 0.151915158635 0.96158847242 0.14720851658
21 2.31494636302e+17 0.133233956718 0.80191660519 0.222465349426
22 2.66068923011e+17 0.119639197002 0.827639079703 0.237254870848
23 3.59066108629e+17 0.118920634753 1.11020960847 0.315007974902
