05 4.98580718669e+17 0.205318904619 2.66156922256 0.557475343436
06 4.84775929893e+17 0.188511322192 2.37602953929 0.35931015344
07 4.71125954176e+17 0.18971756257 2.32390255993 0.31185817348
08 4.31032716881e+17 0.199083181606 2.23109548098 0.207143740486
09 4.0978361116e+17 0.209765353078 2.2349185009 0.266209712225
10 3.84347995734e+17 0.218149651067 2.1799799101 0.158006294976
11 3.76212142235e+17 0.222329242426 2.17471697494 0.2191332988
12 3.81873868586e+17 0.221392744978 2.19814670404 0.140849115196
13 3.87477424678e+17 0.21514990921 2.16750905126 0.207975415146
14 3.76191082291e+17 0.204016056158 1.99547454524 0.132877493485
15 3.97581591443e+17 0.188963076771 1.95333426045 0.194819914779
16 4.54117758185e+17 0.171521758481 2.02516798748 0.150434458418
17 5.19002596985e+17 0.153877267447 2.07643023698 0.223048864363
18 5.96510902865e+17 0.139234295853 2.15942416375 0.217027412402
19 6.06356636937e+17 0.132824553622 2.09401529056 0.300499278887
20 5.52990074678e+17 0.143678099242 2.06576663356 0.453488993778
