00 1.44758413002e+17 0.186490944745 0.701899463217 0.244976116703
01 1.28417899975e+17 0.210597031236 0.703155140801 0.314382890068
02 1.06735702239e+17 0.225202842247 0.624966771351 0.188154019772
03 9.38553106293e+16 0.227477152328 0.555098408613 0.2774829264
04 9.48366047199e+16 0.216545504961 0.533947451904 0.172685642504
05 1.33926158972e+17 0.193010251109 0.672077160906 0.255838836995
06 2.23132093231e+17 0.158825453709 0.921415454557 0.15260584282
07 3.36685206329e+17 0.117411569705 1.02779920285 0.203559621599
08 5.01156882827e+17 0.0741815808903 0.966591855895 0.12920425379
09 6.87881078457e+17 0.0416825946532 0.745489372236 0.13005784172
22 2.47477847865e+17 0.148455899864 0.95522821163 0.449877365674
23 2.17601689806e+17 0.160780288936 0.909637626556 0.365422530791
