00 1.28892093057e+17 0.205822964369 0.689752769598 0.248616491842
01 1.37454639753e+17 0.193975565945 0.693233879984 0.342888931101
02 1.40609383081e+17 0.17169065289 0.627674236377 0.217840049304
03 1.51462012974e+17 0.140870078418 0.554748106769 0.313721201185
04 1.73942952362e+17 0.105439152363 0.476850333873 0.235636255609
05 2.22847345486e+17 0.0720013185706 0.417177870588 0.266408665562
20 1.79296818565e+17 0.187199009419 0.872668857514 0.778918552054
21 2.11441768559e+17 0.189730822913 1.04304253942 0.561802096419
22 1.79198470165e+17 0.200307546115 0.933264951483 0.37298558572
23 1.61472047827e+17 0.207278810825 0.87021308543 0.385908299352
