00 3.14187392887e+17 0.196039340597 1.60142032246 0.50385889907
01 3.46376439734e+17 0.203245504509 1.83038581033 0.552197219479
02 2.81629946712e+17 0.20875401402 1.52857592796 0.622818228608
03 2.79132077902e+17 0.210943105217 1.53090566924 0.547269470809
04 2.42831170837e+17 0.21012352948 1.32663810978 0.567720194783
05 3.65338989567e+17 0.20818675051 1.97752716389 0.499309103676
06 3.9160771276e+17 0.207317996134 2.11087048327 0.383793886491
07 4.74050698046e+17 0.208750646641 2.5729181337 0.372434269182
08 4.96160797515e+17 0.21243609621 2.74046403583 0.258253988869
09 5.13667310123e+17 0.217498742364 2.90477184257 0.337447655896
10 4.94660184524e+17 0.222810789599 2.86560628372 0.233104571102
11 4.85883221242e+17 0.227338317274 2.87195672163 0.277586852462
12 4.78057934658e+17 0.230280205163 2.8622692611 0.196029220747
13 4.83657690649e+17 0.231117517395 2.90632588303 0.273418782922
14 4.51863052293e+17 0.229612778505 2.69759180446 0.182134327446
15 4.3504686802e+17 0.225808282815 2.55416684151 0.248124098098
16 4.58802330437e+17 0.220008697912 2.62445308628 0.19150298859
17 4.4864828198e+17 0.212757882273 2.48178991734 0.269310453803
18 4.30788166594e+17 0.204820207133 2.29408715932 0.218761129775
19 3.43018021013e+17 0.197146622026 1.75824594755 0.288471475987
20 3.16989854698e+17 0.190827901936 1.57275323158 0.26990677989
21 2.73812437528e+17 0.187005979837 1.33131864246 0.359915234436
22 3.14411658613e+17 0.186647860545 1.52579084868 0.41084077493
23 3.13989888308e+17 0.190101278625 1.55193686031 0.43019517293
