00 1.66689068833e+17 0.219074405585 0.949450025473 0.245110463826
01 1.55146349934e+17 0.220451278414 0.889257490791 0.320404413218
02 1.45954546067e+17 0.221216137307 0.839475023488 0.25257548363
03 1.35456273971e+17 0.221243806122 0.779190402026 0.301104044308
04 1.31278028557e+17 0.220483458247 0.752560476933 0.233879481481
05 1.76208973427e+17 0.218971090007 1.00320144548 0.304446266017
06 2.33543637568e+17 0.21682598514 1.31659656151 0.22640770573
07 3.24498757907e+17 0.214240932176 1.80754382598 0.289179233439
08 4.05709938733e+17 0.211461611297 2.23059401146 0.216289197244
09 4.97854636725e+17 0.208764706532 2.70229640541 0.322919335913
10 5.70402585851e+17 0.206420059014 3.06130592126 0.286876268449
11 6.41192383801e+17 0.204653375922 3.41177683497 0.327009708758
12 6.78715763796e+17 0.203602642387 3.59289639639 0.29385148751
13 7.84013027871e+17 0.203291981611 4.14397261316 0.38915701665
14 7.91951414886e+17 0.203629543495 4.19288233218 0.339475396229
15 7.72575082084e+17 0.204441715356 4.10661095059 0.375240417874
16 7.79229974185e+17 0.205542021648 4.16427710979 0.34480217237
17 7.1987553077e+17 0.206797981363 3.8705889715 0.397945679486
18 6.12394287577e+17 0.208169960282 3.31453445756 0.348025937925
19 4.07035205899e+17 0.20969208388 2.21915357398 0.384691756977
20 3.49254171627e+17 0.211411471629 1.9197447983 0.322764230834
21 2.50573512884e+17 0.213333078291 1.38984608989 0.37438374711
22 2.53509943291e+17 0.215378316591 1.41961416545 0.293566995617
23 1.95050804177e+17 0.217395343446 1.10248155065 0.331844543091
