00 1.12676880178e+17 0.170065423705 0.498223475601 0.150385841382
01 1.43560604193e+17 0.130246148658 0.486153610674 0.215898350913
02 1.97439994355e+17 0.0867205570121 0.445174763461 0.146892849389
03 2.52719947708e+17 0.0464921656924 0.305486939748 0.140400672924
16 6.54398646613e+17 0.161366359642 2.74554611132 0.514257799477
17 5.65106643547e+17 0.152746279063 2.24426636396 0.38202299246
18 3.78075163636e+17 0.1801044191 1.77041820079 0.260787482811
19 2.56361963978e+17 0.205952048138 1.37275506019 0.305571741959
20 1.71068078346e+17 0.223184822474 0.992674766111 0.196937755909
21 1.42038379161e+17 0.228452826508 0.843675798988 0.286996178677
22 1.3858314957e+17 0.220532142986 0.794613012867 0.181139296442
23 1.32254399996e+17 0.199721613961 0.686765617734 0.248044914908
