11 9.51059999839e+17 0.185147390162 4.5782431983 0.727387869162
12 8.4448436094e+17 0.183012849124 4.01833871234 0.523035769006
13 6.54763093998e+17 0.195221238918 3.32341522262 0.452466947943
14 4.97093641948e+17 0.207490360574 2.68169561418 0.291977531784
15 4.86243258848e+17 0.212148561246 2.68205100228 0.336598673266
16 4.49029132028e+17 0.206118784226 2.40638680816 0.217949919503
17 4.31009226409e+17 0.188770125022 2.11540330443 0.298544045193
18 3.9962052328e+17 0.16119572712 1.67484514138 0.204216879293
19 3.78921975099e+17 0.126180115404 1.24312288222 0.280959061419
20 3.69601910025e+17 0.088776580331 0.853111835051 0.200352618142
21 4.28012401167e+17 0.0563114564829 0.626652044264 0.210686958659
