00 1.31120006442e+17 0.199774945442 0.681056795468 0.191485748776
01 1.55845323012e+17 0.189938344166 0.769626067571 0.277566297346
02 1.78754079296e+17 0.181975570757 0.845750765729 0.287062303713
03 2.07223472979e+17 0.177698872573 0.957407815497 0.34005769867
04 2.15730067732e+17 0.178959876443 1.00378268292 0.419888239626
05 3.2610184399e+17 0.186812821597 1.5839201457 0.461456193558
06 4.61483782907e+17 0.199897859615 2.39849013171 0.59890043682
07 6.11710129803e+17 0.213671960538 3.39833787061 0.573773165976
08 7.5230307635e+17 0.222743008307 4.35682651001 0.669903235545
09 9.84343161898e+17 0.224327548297 5.74119749298 0.647791375321
10 1.08372568039e+18 0.219404790185 6.18213974361 0.701314702645
11 1.14515314067e+18 0.211909914834 6.30940191729 0.546962922972
12 9.19485786947e+17 0.206509606156 4.93694884094 0.450817643398
13 8.82757039442e+17 0.205750800477 4.7223271548 0.440540537384
14 7.12949380384e+17 0.20932992599 3.88028266679 0.273695443872
15 5.88619594889e+17 0.215469257728 3.29756510706 0.309051936491
16 5.29037815428e+17 0.222239717966 3.05690358725 0.224679635742
17 4.26241473078e+17 0.228077360563 2.52761678369 0.281714784056
18 3.44898099955e+17 0.231872712882 2.07928391072 0.194693569832
19 2.3962746211e+17 0.232941429915 1.45129825544 0.249576485676
20 2.02207192423e+17 0.230991433269 1.21441135908 0.184030125904
21 1.54145509112e+17 0.226083371113 0.906093144891 0.258870319346
22 1.62043120284e+17 0.218614796425 0.921050617579 0.1832834054
23 1.49926838191e+17 0.209289824104 0.815832201433 0.255591892199
