00 2.90419740931e+17 0.0763537105793 0.576540245985 0.227806932309
12 9.98887218433e+17 0.164844971998 4.28119992434 0.36658178208
13 7.67508541147e+17 0.155769556906 3.10841609978 0.302462418149
14 5.39371506311e+17 0.161948846768 2.2711154291 0.179623778572
15 4.45851901265e+17 0.19445685125 2.25417287794 0.235934096872
16 3.82442026479e+17 0.217244641923 2.16017050857 0.164714306316
17 3.17307723774e+17 0.227725625271 1.87873659479 0.235655320057
18 2.67114097657e+17 0.224839981433 1.5615061477 0.148755114284
19 2.15469656078e+17 0.208746810786 1.16944369171 0.210888053581
20 1.92307957739e+17 0.180755946319 0.903780979028 0.139932146671
21 1.79595026589e+17 0.143323937889 0.669246927334 0.196041280294
22 2.11674161143e+17 0.100129292173 0.55106438209 0.123001567433
23 2.76330262459e+17 0.0810626254024 0.582401470379 0.176978258407
