00 1.50064273347e+17 0.211455483889 0.825029751915 0.198414289742
01 1.21986090198e+17 0.220658541257 0.699849090636 0.269138269517
02 1.07058150768e+17 0.227197009136 0.632405583111 0.173995782068
03 9.10543118869e+16 0.229790448117 0.544008689419 0.231182801911
04 8.91420738164e+16 0.227859513204 0.528108608191 0.15385086402
05 1.16621972466e+17 0.221390030995 0.671292494575 0.225382834379
06 1.69389635313e+17 0.210868915679 0.92869422687 0.145349443858
07 2.40002913334e+17 0.197254170481 1.23088096515 0.208639911206
08 3.2533472779e+17 0.18197533298 1.53927528091 0.152266447036
09 4.46567554417e+17 0.167005501664 1.93906019976 0.246297099001
10 6.13722233952e+17 0.155117470589 2.47517505495 0.258252820091
11 8.26498865987e+17 0.150496070563 3.23400562304 0.320959120525
12 1.15171585717e+18 0.159402640856 4.77325027788 0.440497964614
13 1.5319215963e+18 0.18711996911 7.45298116621 0.532608846659
20 8.50431090309e+17 0.215825554083 4.77216379315 0.599373208776
21 4.57269250755e+17 0.198621587304 2.36141215467 0.518755490309
22 3.35256893795e+17 0.195961905482 1.70813707309 0.316415844243
23 2.05793862116e+17 0.202438869449 1.08317759645 0.320061321466
