00 1.0014014143e+17 0.164296353583 0.427769162189 0.118847628733
01 1.23508363943e+17 0.144141148982 0.462868574676 0.187302476569
02 1.61314155931e+17 0.124538890857 0.522337037537 0.166711802957
03 2.02953473473e+17 0.11003959818 0.580655885422 0.232593253367
04 2.80235639451e+17 0.108863681146 0.793194565774 0.318304321915
15 8.98121970057e+17 0.178768980398 4.17446507036 0.386538670688
16 7.21134822998e+17 0.175147103807 3.28392156826 0.26723419525
17 4.80141622034e+17 0.183777839454 2.29422413816 0.280416100461
18 3.3778790946e+17 0.194593934826 1.7090184394 0.165634077551
19 2.21405781585e+17 0.202808975488 1.16748007299 0.217069833745
20 1.66968007167e+17 0.21013455407 0.91222944098 0.145724820111
21 1.27979002657e+17 0.213966325594 0.711963120743 0.215714814527
22 1.27170424294e+17 0.20535123532 0.678979696848 0.135200744973
23 1.18085063737e+17 0.185052488025 0.568150305918 0.188990461688
