00 1.12996847222e+17 0.222026826771 0.652296617022 0.162366460287
01 1.01640516411e+17 0.22662497354 0.598891262902 0.235968874612
02 9.50204284847e+16 0.226556242211 0.559714251479 0.154967956093
03 8.71723831664e+16 0.221563116308 0.502168806629 0.213464374831
04 8.79303389143e+16 0.21195023749 0.484558261603 0.145006412835
05 1.19741346331e+17 0.19854082195 0.61811217837 0.219122554182
06 1.87127960515e+17 0.182658773263 0.888694656479 0.152430933248
07 2.86315590115e+17 0.166183575197 1.2371046584 0.220304155427
08 4.3157203764e+17 0.151769474854 1.70298599937 0.183672384871
09 6.32033311022e+17 0.143462890236 2.35750646365 0.285529160686
10 9.11132076636e+17 0.147887091724 3.50336149774 0.443688134755
11 1.21912620655e+18 0.173222028472 5.49066737601 0.523686610305
19 7.19684820843e+17 0.205019770506 3.83629003695 0.578703573191
20 4.66046898486e+17 0.192648019673 2.33435831377 0.389654035879
21 2.69262533905e+17 0.195004697545 1.36519393359 0.356779751863
22 2.18756514277e+17 0.204109523695 1.16090748629 0.224936294679
23 1.49875562513e+17 0.214317867975 0.835146286501 0.266163202597
