00 1.82523847028e+17 0.18486686964 0.877307918103 0.531963445383
01 1.70183621239e+17 0.197081159308 0.872039619591 0.453484192612
02 1.32369127002e+17 0.208088244971 0.71615594248 0.271239743326
03 1.15473531063e+17 0.210991078285 0.633461005644 0.357259168625
04 1.1743119217e+17 0.203118168912 0.620162626897 0.232778638447
05 1.73566254244e+17 0.184103643172 0.830808673186 0.318129633902
06 2.84177957488e+17 0.155286445221 1.14735360554 0.202752663157
07 4.1099660949e+17 0.119763433726 1.27978149526 0.273096010744
08 5.54895656339e+17 0.0830655380397 1.19841036249 0.199342554111
23 1.97009088298e+17 0.184467342967 0.944885319523 0.712029380413
