00 9.46655593469e+16 0.227888213711 0.560902295708 0.154670797844
01 9.49783013753e+16 0.228154587664 0.563413114869 0.24043541392
02 9.39627186764e+16 0.214970091738 0.525178530599 0.145741853047
03 9.52420206793e+16 0.189362682294 0.468917397075 0.2147065946
04 1.04852337313e+17 0.153535396156 0.418562173829 0.133999903387
05 1.43387456368e+17 0.110941019775 0.413596316442 0.179917990466
06 2.60921713304e+17 0.076655967895 0.520031368432 0.125962868622
07 4.16009286226e+17 0.0694579541463 0.751274002105 0.192453309706
19 4.26489080377e+17 0.17056472256 1.89134378341 0.416082438216
20 3.01480012732e+17 0.151579330722 1.18815160245 0.280642561429
21 2.08690989724e+17 0.157422536415 0.854169288163 0.271661498016
22 1.60913749325e+17 0.191004310313 0.799115712451 0.191783842985
23 1.24862058277e+17 0.215623314904 0.700002443697 0.248270469693
