00 2.15083301806e+17 0.190716419653 1.06651784844 0.262321316465
01 1.53088593065e+17 0.19995031589 0.795862926105 0.301787656392
02 1.24754329402e+17 0.210570085244 0.683007774197 0.184840469258
03 9.71092654942e+16 0.219001311946 0.552943470179 0.239337681136
04 9.28426384171e+16 0.223338782641 0.539119407871 0.152872534293
05 1.17082344066e+17 0.222656279958 0.677797098644 0.220287063191
06 1.62117332631e+17 0.216743012058 0.913582773509 0.137026808095
07 2.1627386353e+17 0.205982154085 1.15826246334 0.192279954394
08 2.76351270896e+17 0.191309460281 1.37458392456 0.130969754094
09 3.64906322669e+17 0.174201753143 1.65275034969 0.213388067089
10 4.82253569705e+17 0.156770607626 1.96568281396 0.178599809127
11 6.31029435204e+17 0.142077514582 2.33103243833 0.242453623781
12 8.5599066181e+17 0.13504699478 3.00557312737 0.276051619929
13 1.249325323e+18 0.144120323574 4.68138241482 0.377613802099
22 5.43533367082e+17 0.204188028095 2.88555816713 0.529247451404
23 3.14166166871e+17 0.189184179545 1.54531698153 0.400051398382
