00 9.97746464987e+16 0.184057447361 0.477470935393 0.136273470185
01 1.23571204816e+17 0.146427672661 0.470450342158 0.201797338594
02 1.61204309087e+17 0.10286489116 0.431138856427 0.133524529173
03 2.01884625783e+17 0.0647729265489 0.339993108966 0.15287408481
04 2.68558094959e+17 0.062641325438 0.437393710659 0.212328659671
16 7.58024221369e+17 0.166368215892 3.27888957012 0.415293124623
17 5.86538016275e+17 0.145483801027 2.21862628143 0.320434856862
18 3.89112702101e+17 0.166047735846 1.6798933625 0.210260619312
19 2.52730161929e+17 0.197539438365 1.29802853038 0.268049939823
20 1.72382764809e+17 0.219919804582 0.985669982704 0.175607951686
21 1.35963315426e+17 0.230177045931 0.813686491791 0.261638009418
22 1.2965457152e+17 0.227007563594 0.765246778126 0.16450158658
23 1.19714186838e+17 0.210467409859 0.655094305507 0.228577487522
