00 9.85015250919e+16 0.230342550472 0.589916405391 0.151213341412
01 1.00653280999e+17 0.224616235051 0.587817386611 0.22883972044
02 1.03348601227e+17 0.215197988291 0.578250687996 0.166312562466
03 1.06357604459e+17 0.202943357833 0.561198803877 0.227044224672
04 1.13047678735e+17 0.18912787114 0.555892137229 0.178499226606
05 1.60250347357e+17 0.175488556135 0.731174654024 0.258119922774
06 2.61392751616e+17 0.164375578169 1.11713120158 0.232242416463
07 4.26863951347e+17 0.159096395153 1.76572541288 0.318152468148
08 6.62165057705e+17 0.164216568338 2.82720030968 0.406008352027
09 8.55748788942e+17 0.183859384308 4.09077358189 0.492507277883
16 1.05288520036e+18 0.212082937626 5.80577364317 0.591439927105
17 8.39427725812e+17 0.200479845967 4.37549687046 0.476561938712
18 5.88494462783e+17 0.200066150602 3.0611833673 0.320051590214
19 3.34849496452e+17 0.206583174581 1.79853107158 0.323790963064
20 2.56118960557e+17 0.215545698972 1.4353388497 0.216960071466
21 1.68113166246e+17 0.223896825986 0.978640112555 0.279901006246
22 1.55148190356e+17 0.229738297709 0.926730509773 0.180772317758
23 1.2327155584e+17 0.231970100193 0.743478194137 0.239650175519
