00 1.17093534807e+17 0.198909051753 0.605565063349 0.188016175135
01 1.35130666629e+17 0.173401831407 0.609229531894 0.287428474815
02 1.5774799659e+17 0.139071128929 0.570392991273 0.185214988637
03 1.83859165898e+17 0.100146035039 0.478731928229 0.253839248835
04 2.13925540835e+17 0.0634977153436 0.353178360513 0.201856179099
19 3.01521145779e+17 0.178011623795 1.39553098799 0.528571066687
20 1.78064146127e+17 0.192973075028 0.89340123159 0.342274114436
21 1.73501282696e+17 0.20832176635 0.939746435555 0.384060035203
22 1.55326419027e+17 0.216014210183 0.87237055689 0.249238055477
23 1.41241616939e+17 0.212714971627 0.781149370032 0.311617661025
