00 2.04401167893e+17 0.156390874269 0.831128411059 0.457915722877
01 1.81653050966e+17 0.176567705327 0.833925621745 0.392170245086
02 1.34098767194e+17 0.200504237383 0.699071647308 0.241267233648
03 1.05897916239e+17 0.218294860776 0.601041242927 0.316389621572
04 1.03941854661e+17 0.225287132201 0.60883582116 0.203635923161
05 1.42763057873e+17 0.219629060466 0.815227823017 0.286205981116
06 2.13592258624e+17 0.201227510644 1.11749660089 0.171122901337
07 2.89405048159e+17 0.171431081482 1.2899385302 0.238120923349
08 3.93116769894e+17 0.133033521339 1.35974041311 0.151888842927
09 5.68060428157e+17 0.0906752573274 1.33923466302 0.202665450384
10 7.79345092131e+17 0.0514428444592 1.04238493722 0.151725175635
