12 8.9438058836e+17 0.169865379486 3.95003174922 0.558660051138
13 6.99611047587e+17 0.18334426793 3.33501155924 0.441924677325
14 5.15985222468e+17 0.202276769875 2.71366742671 0.282308962172
15 4.78083582815e+17 0.215841913529 2.68295235888 0.32044829212
16 4.23215505949e+17 0.219153841998 2.41148190717 0.208807070432
17 3.83738343947e+17 0.210407530049 2.09927736551 0.288104049931
18 3.40723274895e+17 0.189673395232 1.68027964998 0.184357951175
19 3.09756243383e+17 0.158542501123 1.27684776868 0.262942552417
20 2.96013419281e+17 0.120223812367 0.925284406219 0.168836893817
21 3.41401631073e+17 0.0801796298921 0.711709867023 0.223941559634
22 4.61930885803e+17 0.0458601440767 0.550789641387 0.179009435615
