00 1.30187956501e+17 0.214453241465 0.725899961053 0.196061241096
01 1.43892646131e+17 0.207606706928 0.776700038771 0.281132545587
02 1.53393272081e+17 0.200881812536 0.801161881686 0.256007594792
03 1.65751740932e+17 0.195165468706 0.841074421405 0.311869900765
04 1.70034063558e+17 0.191354503359 0.845956378443 0.309880177054
05 2.55910625262e+17 0.190176838168 1.26537511271 0.374579915383
06 3.57299279145e+17 0.191896023833 1.78267208564 0.389854440984
07 5.24280893752e+17 0.195974274647 2.67138476447 0.434916904744
08 6.67980550855e+17 0.200999752588 3.49086206185 0.465993971585
09 8.37127978904e+17 0.205218222848 4.4666418193 0.513429135434
10 9.18256444204e+17 0.207477767921 4.95346273299 0.570095784546
11 1.00359931251e+18 0.207867841636 5.42401659697 0.4854496955
12 8.84433665234e+17 0.207547010152 4.77260063533 0.432331281092
13 9.07465432095e+17 0.20792656238 4.90584036213 0.461068902502
14 7.76030806269e+17 0.209859623851 4.23429586061 0.317661909391
15 6.64402418481e+17 0.213364617287 3.68575916134 0.340857322041
16 6.08385500805e+17 0.2178469116 3.44590746273 0.260118652782
17 4.98095920151e+17 0.222462857841 2.88100388877 0.314922953489
18 4.02363134124e+17 0.226389113084 2.36835645987 0.225530008939
19 2.70950772167e+17 0.228959036441 1.61295232067 0.275954341613
20 2.28359563482e+17 0.229724034158 1.3639516842 0.20653812255
21 1.6770320945e+17 0.22847305605 0.996207284085 0.281472515541
22 1.72761007896e+17 0.225233618531 1.01170126069 0.201733859091
23 1.51434643176e+17 0.220260282894 0.867230970996 0.270314544744
