00 9.71263033918e+16 0.174445022562 0.440523204849 0.119972267285
01 1.17085595366e+17 0.155118803028 0.47221661253 0.190469428504
02 1.47818123822e+17 0.135361906015 0.520232517587 0.162928696767
03 1.82360039778e+17 0.118920944917 0.563847134383 0.225404636947
04 2.43277983256e+17 0.11227791876 0.710183386644 0.290888810136
05 3.03177261611e+17 0.127080480513 1.00172571424 0.373363178488
15 9.48942815972e+17 0.184450528078 4.55085809156 0.420274027439
16 7.65096245232e+17 0.177268333498 3.52631074531 0.294066341827
17 5.07751322184e+17 0.184616573495 2.43722204152 0.292906514715
18 3.53767420184e+17 0.195601764477 1.79913582167 0.175896328096
19 2.28072382456e+17 0.204817832982 1.21454556958 0.224584383179
20 1.70947526047e+17 0.209643146362 0.931787407802 0.148059748533
21 1.28837664691e+17 0.210619755868 0.70552969458 0.213034396123
22 1.26529184e+17 0.205684504228 0.676652404519 0.134684146943
23 1.15368059777e+17 0.189931922386 0.569714011761 0.189421205288
