00 1.1941081278e+17 0.209072979261 0.64910493398 0.196161108282
01 1.10426147554e+17 0.225524113637 0.647497735286 0.284735321779
02 9.88207286256e+16 0.229503129722 0.589671329027 0.170913960629
03 9.22495538142e+16 0.220096653906 0.527899271089 0.256004512147
04 9.57050828119e+16 0.197819773822 0.492241303722 0.156971959994
05 1.35398674454e+17 0.164495664925 0.579084869592 0.233119402532
06 2.39595839807e+17 0.123332034984 0.768295904928 0.136701774669
07 3.80607513015e+17 0.0793216564007 0.784950877642 0.168149894722
08 5.56711883811e+17 0.046989946032 0.680156395767 0.127662250108
21 2.82340503197e+17 0.151074606161 1.10901648842 0.427324201415
22 2.09457479971e+17 0.154721182738 0.842595234895 0.290609574411
23 1.70335286106e+17 0.184826675987 0.818545123091 0.308059179176
