00 1.98021907154e+17 0.189637117393 0.976359894988 0.241120351556
01 1.44605160274e+17 0.199822367397 0.751278982057 0.289042659763
02 1.18589310882e+17 0.210314500187 0.648467342789 0.174342708675
03 9.34788383748e+16 0.217879821023 0.529545966938 0.230910728749
04 8.99632499756e+16 0.220841290976 0.51655760689 0.14774098345
05 1.146840732e+17 0.218464933141 0.651415657983 0.214542993519
06 1.61420514468e+17 0.210717632408 0.884367864401 0.133192113707
07 2.1818517912e+17 0.1981732899 1.1242003436 0.188228085462
08 2.83425080299e+17 0.18197129899 1.34095598074 0.129381086215
09 3.810178348e+17 0.163840440581 1.623079378 0.210605208652
10 5.16332624093e+17 0.146253692465 1.96340437316 0.183866795209
11 6.92460468598e+17 0.132954740107 2.39371344257 0.250730909881
12 9.69541898256e+17 0.130362738045 3.28619554917 0.313491994132
13 1.40242632464e+18 0.149101581806 5.43670356764 0.413472321554
22 5.147768741e+17 0.197733631052 2.64650621293 0.483806797836
23 2.95778600944e+17 0.185866994598 1.42936247022 0.376451995437
