00 1.50403218528e+17 0.190810405118 0.746160975518 0.298360565541
01 1.38140083453e+17 0.209891611838 0.753855564162 0.352273669952
02 1.1393112602e+17 0.220609194306 0.653490601858 0.209023435968
03 1.01649026816e+17 0.219746309947 0.580761962367 0.302496957074
04 1.03507541704e+17 0.206393755137 0.555446065651 0.189866729312
05 1.50244241559e+17 0.181256023521 0.70804951833 0.276733398279
06 2.55590128627e+17 0.146506831281 0.973588196144 0.166812134452
07 3.87948130919e+17 0.106043901912 1.0696278721 0.2232219384
08 5.45517013331e+17 0.0662282890118 0.939345118913 0.150423353192
22 2.36501379802e+17 0.163523438555 1.00551149005 0.615969170327
23 2.17475035551e+17 0.171971741382 0.97238857484 0.449017625445
