03 2.48956921952e+17 0.220518546625 1.42739008362 0.634079718087
04 2.89872448857e+17 0.204310153692 1.53982099901 0.502420642384
05 3.38880333022e+17 0.199325418899 1.75623407274 0.408486287733
06 3.32338586324e+17 0.203330367093 1.75693769567 0.268788052593
07 3.59570185084e+17 0.211593737794 1.97815278599 0.284068118076
08 3.590124737e+17 0.220461091757 2.05785532956 0.188919517857
09 3.70779053349e+17 0.227586830044 2.19399516436 0.2643003131
10 3.70346933987e+17 0.231550480116 2.22960426973 0.168942297632
11 3.78319189425e+17 0.231597190186 2.27805919287 0.228838996053
12 3.96451151824e+17 0.22750732839 2.3450841021 0.154324258836
13 4.2242936198e+17 0.219534055294 2.41117840368 0.229508977599
14 4.25775891287e+17 0.208359478054 2.30657550439 0.155604264027
15 4.5134222258e+17 0.195084230557 2.28929350546 0.224507104633
16 5.23522803484e+17 0.181238878867 2.46694983508 0.186760353797
17 5.93404829018e+17 0.168880632247 2.60557915027 0.271089863491
18 6.56538205737e+17 0.160843637977 2.74559983052 0.286010118359
19 6.11002848032e+17 0.161125592969 2.55965310106 0.370005871694
20 6.03484827112e+17 0.174406645559 2.7365458729 0.541904830708
21 9.25057434386e+17 0.201440875011 4.84495385447 0.574067007087
