00 3.02053306886e+17 0.182712939554 1.43491523768 0.417531519974
01 2.07749072045e+17 0.173517610716 0.937251187851 0.352837068018
02 1.59292515203e+17 0.180276423342 0.746633807554 0.207991656512
03 1.10520551596e+17 0.191098228612 0.549127322518 0.247334393661
04 1.03868970656e+17 0.200157860285 0.540544963827 0.152269599626
05 1.27195085241e+17 0.208534567799 0.689638875299 0.216360610461
06 1.67382207821e+17 0.215161376941 0.936368844065 0.137208359443
07 2.10019488589e+17 0.209237363197 1.14254202432 0.189251028422
08 2.55773809542e+17 0.191307408444 1.27221704094 0.121011319246
09 3.26823013043e+17 0.165886339925 1.40960230936 0.185044322892
10 4.19605766378e+17 0.145821030201 1.59087097342 0.132086222216
11 5.41681510229e+17 0.125798065313 1.77170463607 0.19280281697
12 7.32981011881e+17 0.110069214382 2.0976447475 0.186308693845
13 1.09742487728e+18 0.106210758185 3.03051653494 0.276959241582
