03 2.44487317999e+17 0.204482768299 1.29982953356 0.56680201499
04 2.81554184665e+17 0.191756080436 1.40373289893 0.364040462449
05 2.7689211726e+17 0.194202204071 1.39809954601 0.338317289657
06 2.78574255399e+17 0.203466685808 1.47369509294 0.214609644443
07 2.98681901644e+17 0.21376170414 1.66001555957 0.245437321331
08 3.03808641806e+17 0.221880171856 1.75263695504 0.162880519627
09 3.23044346534e+17 0.226062287797 1.89873174497 0.234507386331
10 3.36286109044e+17 0.225446106016 1.97117423857 0.146913927185
11 3.56444773408e+17 0.219831245305 2.03730015894 0.20844631706
12 3.91060842351e+17 0.209587570031 2.13099878374 0.138306891308
13 4.3864168609e+17 0.195606011752 2.23082472091 0.21306042254
14 4.71280231962e+17 0.179289633813 2.19688716551 0.153855931084
15 5.36654476189e+17 0.162628067277 2.26915208671 0.221884562356
16 6.69035954507e+17 0.148456193994 2.58238581773 0.207772238758
17 8.46545809803e+17 0.141195395979 3.10773764158 0.3022587943
18 1.03503575793e+18 0.148156769 3.98703639606 0.421340693588
