00 3.21974306155e+17 0.189957119573 1.59019410611 0.475086136637
01 2.21701087682e+17 0.173681558486 1.00114015109 0.371288525784
02 1.71665174561e+17 0.177532140847 0.792378234665 0.219411637747
03 1.16186790437e+17 0.18800851953 0.567946767936 0.256008149344
04 1.0871396709e+17 0.197907937247 0.559399281393 0.155719589018
05 1.31571715978e+17 0.204704285618 0.700265647298 0.216735046606
06 1.70164921514e+17 0.214717527896 0.949972173333 0.138558258136
07 2.10387373869e+17 0.212195323971 1.1607236409 0.191298618134
08 2.52682628363e+17 0.197411549249 1.29694419746 0.123371943644
09 3.18501054037e+17 0.171629742234 1.42127059895 0.186203410145
10 4.02284173739e+17 0.15122646918 1.58173639524 0.129060345895
11 5.11217309459e+17 0.130842505221 1.73911279053 0.188970554711
12 6.83530806876e+17 0.113377824712 2.0149281362 0.170749841315
13 1.01437194999e+18 0.105246472251 2.77573580146 0.259159262494
14 1.43930274498e+18 0.118033126258 4.41702046817 0.390139966641
