00 1.24443869582e+17 0.192495293732 0.622826339935 0.202588846252
01 1.4400401995e+17 0.166650700279 0.623957639958 0.302841594422
02 1.68889211644e+17 0.132742160269 0.582886688793 0.200375810885
03 1.96535832861e+17 0.0953512394176 0.487238316585 0.268689521758
04 2.21924972125e+17 0.0616375786548 0.355651866045 0.22515867629
19 2.87346591219e+17 0.182402244396 1.3627292421 0.578604611756
20 1.70156574889e+17 0.193549189745 0.856275347188 0.37961695132
21 1.76296087279e+17 0.2062090897 0.94520024756 0.409211631917
22 1.60817698704e+17 0.211908908217 0.886046276814 0.269358821012
23 1.48193297241e+17 0.207163718328 0.798207136681 0.327947351475
