00 1.57660298399e+17 0.163328544515 0.669511103697 0.217568070227
01 1.32017799446e+17 0.194910119679 0.669021732334 0.287543669552
02 1.06769866901e+17 0.218230484891 0.605811435465 0.172826057276
03 8.97158687646e+16 0.229808406278 0.536053981285 0.259878723299
04 8.90628759375e+16 0.228076625993 0.528142166371 0.162965839833
05 1.2106387374e+17 0.212909694504 0.670167481708 0.243203314113
06 1.91203965596e+17 0.185456587421 0.921960908983 0.143459643979
07 2.75851803818e+17 0.148119248453 1.06233300851 0.196832246928
08 3.99454785564e+17 0.104692890824 1.0873219826 0.119924511052
09 5.98367161695e+17 0.0608106951107 0.946065198886 0.140088344871
10 8.32240175202e+17 0.0586299971472 1.26865021654 0.201062842824
22 3.18684771989e+17 0.169992503814 1.40852458027 0.437025513223
23 2.49152374744e+17 0.143400764705 0.928944667724 0.324092096886
