00 3.35783035442e+17 0.0580962411175 0.507201036946 0.217162523949
12 9.7564816666e+17 0.163791397204 4.15487218632 0.439346631923
13 8.00793467987e+17 0.140065048671 2.91624257779 0.315321582173
14 5.63805840221e+17 0.171948415445 2.52058354197 0.218725825467
15 4.72564765812e+17 0.201583562786 2.47679351763 0.270602865866
16 3.98269237185e+17 0.222145498348 2.30031667245 0.181225665152
17 3.3098046582e+17 0.230540666379 1.98391588586 0.257533651128
18 2.77766015409e+17 0.22551162556 1.62862610717 0.16094045142
19 2.28531537209e+17 0.207220840893 1.23126893009 0.228504207132
20 2.04446855963e+17 0.177106181018 0.941428848901 0.149358351171
21 2.00168960084e+17 0.137890940742 0.717638641545 0.212838794611
22 2.43740728079e+17 0.0938078159295 0.594484419208 0.135936447443
23 3.17847722284e+17 0.0551909944455 0.456100628751 0.144521013977
