00 1.76479574717e+17 0.113958593037 0.522895464896 0.181413971436
01 2.56860132763e+17 0.107695119488 0.719227149931 0.264341475043
02 3.67737800549e+17 0.123861013976 1.18425779819 0.388622259057
12 1.05123873975e+18 0.184261352482 5.03626947115 0.436507867368
13 8.48644173684e+17 0.17463006324 3.8531684287 0.341755335957
14 6.03973579509e+17 0.181185122526 2.84520670216 0.208066985772
15 4.7875388857e+17 0.192048228361 2.39053973915 0.23708797826
16 4.0740283913e+17 0.201321997135 2.13249798351 0.157600311198
17 3.24969540333e+17 0.206346986796 1.74346862165 0.212041270142
18 2.65588142773e+17 0.213766143664 1.47611758017 0.138423711098
19 2.02482102363e+17 0.208727988291 1.09885572917 0.196029793884
20 1.74636728631e+17 0.191712052463 0.870479107715 0.132363047559
21 1.50024437354e+17 0.169105175149 0.659617627643 0.192588737762
22 1.67736259445e+17 0.149301479213 0.651125062973 0.135680717388
23 1.92252384193e+17 0.129299277613 0.646310454286 0.200230834611
