01 3.26987168751e+17 0.210729514234 1.79155202803 0.620477034571
02 2.51266510788e+17 0.191532851395 1.25127057305 0.398017266867
03 1.71527949067e+17 0.190501519481 0.849584708198 0.350892965203
04 1.65072471966e+17 0.198882199194 0.853579382526 0.221593217865
05 1.77958864484e+17 0.209513653162 0.969405107073 0.270774093773
06 2.04214588113e+17 0.21847463839 1.16000841559 0.166809352356
07 2.3501451205e+17 0.223657788562 1.36663347717 0.21312647598
08 2.59616596341e+17 0.223996167926 1.51198119047 0.140978110495
09 2.98431205892e+17 0.219157116529 1.70048638671 0.215125498976
10 3.36945854638e+17 0.209410743765 1.83456213273 0.140054104833
11 3.82996771265e+17 0.195576654309 1.94753590551 0.202204118065
12 4.51847977409e+17 0.179006736054 2.10297962234 0.146660173955
13 5.64039349776e+17 0.161643604086 2.37050718695 0.225444848331
14 6.85684252211e+17 0.14626437906 2.60757071591 0.206323564953
15 8.5090996683e+17 0.137196611707 3.03529107224 0.282166095365
16 1.15784079155e+18 0.141829374763 4.26961172407 0.392149324044
