10 9.61011325521e+17 0.169184591853 4.22729603073 0.375693235228
11 8.1354497147e+17 0.153792371529 3.2530422732 0.311875565474
12 6.5775956746e+17 0.1577523949 2.69784182292 0.191253368146
13 5.06821279944e+17 0.190714361234 2.51311051326 0.253643425318
14 3.93611560913e+17 0.215205765561 2.2023944098 0.165201633005
15 3.65659889543e+17 0.227691463896 2.16469852399 0.228707775716
16 3.48155555058e+17 0.226864527173 2.0535877799 0.155109973611
17 3.26948873771e+17 0.212677186569 1.80789873226 0.21870475537
18 3.08285546145e+17 0.186261587571 1.4929656365 0.138555121277
19 2.81357357119e+17 0.149906458251 1.09660940762 0.189013104255
20 2.85982880836e+17 0.107130081759 0.796571604546 0.12251744833
21 3.03701607938e+17 0.079726362115 0.629538633604 0.172988592689
22 3.39910853989e+17 0.073201139121 0.646928404501 0.229696669379
