00 1.12923151705e+17 0.204825021446 0.601366661212 0.16609225228
01 1.02548323761e+17 0.223652959057 0.596316137439 0.253034318193
02 9.29030789214e+16 0.22967379351 0.554772466681 0.155103257167
03 8.60401867263e+16 0.222171500647 0.497007612423 0.231211958098
04 8.83153172758e+16 0.201665796171 0.463064648086 0.141097554861
05 1.23235397184e+17 0.169857767625 0.544244725909 0.211470736067
06 2.11937122176e+17 0.129646665015 0.714400468159 0.125419435233
07 3.3752505483e+17 0.0853085459766 0.748638063114 0.150986033519
08 5.39165101349e+17 0.0707047655345 0.991160093957 0.143532131976
09 7.36733440253e+17 0.074561360939 1.42822804682 0.215104567086
21 3.12730102059e+17 0.155910181106 1.26770297809 0.358537256622
22 2.15433785744e+17 0.151757030201 0.850033379767 0.228701076685
23 1.5969941307e+17 0.177498932931 0.737008360651 0.258970509171
