07 7.65856919112e+17 0.187023470368 3.72406368927 0.432336553596
08 6.95404997025e+17 0.168989327147 3.0554165861 0.300771910386
09 5.78098532013e+17 0.172286736261 2.58956644226 0.295291419947
10 4.85314576945e+17 0.182425095598 2.30187251045 0.169119742072
11 4.38023294492e+17 0.191826734386 2.18463903235 0.21987191761
12 4.13533843237e+17 0.211805347676 2.27730566551 0.145164322015
13 3.84963726095e+17 0.220115986345 2.20315342718 0.216134356665
14 3.4827288057e+17 0.215526172256 1.95160994209 0.136512579441
15 3.58341404436e+17 0.198443488729 1.84887347976 0.190427927164
16 3.89643821697e+17 0.170313186654 1.72539850426 0.127708207972
17 4.2756004091e+17 0.139166609788 1.54705411573 0.175659544205
18 4.78720520784e+17 0.118483649534 1.47473441465 0.142972986456
19 5.15092781633e+17 0.101878305339 1.36439627181 0.205695125462
20 4.93858833967e+17 0.0970124377534 1.24567168412 0.274701140716
