00 1.97290440543e+17 0.0817980300315 0.419587203891 0.154402329123
01 2.66696836464e+17 0.0796832403248 0.55253297096 0.227986032242
13 9.18635265829e+17 0.161336349095 3.8534407584 0.347942215317
14 6.58389694961e+17 0.158089054375 2.70618931145 0.217831644716
15 5.1628179047e+17 0.168571993845 2.26279692095 0.234980233114
16 4.21889607068e+17 0.199514993447 2.18850585693 0.168176605368
17 3.30993172573e+17 0.219892481674 1.89235566349 0.24012563472
18 2.66169820991e+17 0.227646101732 1.57540557583 0.153278093967
19 2.05546530472e+17 0.22200381486 1.18643496129 0.217759935089
20 1.75003205314e+17 0.203376001093 0.925377753959 0.143798713202
21 1.55238908363e+17 0.173307162309 0.699504381894 0.209113635918
22 1.75605119806e+17 0.134480015612 0.61399986058 0.130628222039
23 2.10394615404e+17 0.0964895984409 0.527823190815 0.166249456945
