00 3.21844679113e+17 0.195019491454 1.63191562684 0.42791881854
01 2.05633233633e+17 0.194082424056 1.0376547077 0.381358788267
02 1.62538831565e+17 0.201868410113 0.85309784325 0.233509000512
03 1.18043411237e+17 0.212063673863 0.65085070602 0.275312392206
04 1.10274848804e+17 0.220981893297 0.633587366666 0.174786624716
05 1.33299660942e+17 0.226554935555 0.785192098452 0.240767159904
06 1.71621463234e+17 0.227688007643 1.01597987484 0.150410445315
07 2.16196106671e+17 0.223975485869 1.2589883289 0.203403666318
08 2.59407239401e+17 0.215588448263 1.45405530948 0.135592882901
09 3.21683814175e+17 0.203211552645 1.69961655082 0.21700580674
10 3.92832903134e+17 0.188023971534 1.92041206751 0.159105770055
11 4.77943679157e+17 0.171727109321 2.13397304743 0.221636077205
12 5.98010544845e+17 0.156696490636 2.43635999725 0.193206574702
13 8.24699559195e+17 0.146435494072 3.1398974727 0.292722789451
14 1.09252591923e+18 0.146579370082 4.16368578701 0.408750587638
15 1.45517098952e+18 0.165136061931 6.24783137276 0.454036522588
23 4.15778457242e+17 0.210250780725 2.27286137634 0.592920526277
