00 8.99630226425e+16 0.19958499572 0.466837006716 0.125088791728
01 1.0380125667e+17 0.170881089016 0.461179466309 0.191187447253
02 1.22446490773e+17 0.134447508933 0.428028267214 0.127402671825
03 1.43819828376e+17 0.113650911531 0.424976619372 0.181018224904
04 1.85483025731e+17 0.0972747226795 0.469113057134 0.1790893032
05 2.44804087392e+17 0.0933532384463 0.594184612916 0.254010088291
16 9.04788990537e+17 0.185038844164 4.35294883455 0.455866459552
17 6.553956138e+17 0.166703103892 2.84066856055 0.346160742289
18 4.4048881833e+17 0.169918242644 1.94602423379 0.212208558554
19 2.67521868171e+17 0.179871521793 1.25110870406 0.243425013708
20 1.85239759703e+17 0.195267805881 0.940455397418 0.156552038289
21 1.35292425668e+17 0.214955460912 0.756127988655 0.234654379561
22 1.25871204235e+17 0.222188887745 0.727146754572 0.151558885265
23 1.1016732671e+17 0.21638063158 0.619789969056 0.211176510394
