00 1.79517350507e+17 0.153791891469 0.717816135034 0.285646887732
01 1.52678309945e+17 0.183832615256 0.72974857826 0.322215995255
02 1.17743060287e+17 0.209735918668 0.642068671818 0.195482242627
03 9.57024462923e+16 0.22581719293 0.561892702236 0.281144933258
04 9.4291038291e+16 0.229381009317 0.562342911852 0.179023756967
05 1.28271548764e+17 0.21955881005 0.732241863856 0.260634598986
06 1.96902813456e+17 0.196906099859 1.00805549127 0.154795992693
07 2.75070812183e+17 0.163286431433 1.16779861413 0.214785382731
08 3.84705501819e+17 0.121954706544 1.21983281109 0.132242187579
09 5.6673847827e+17 0.0779744043854 1.14896847742 0.170324602509
10 7.94968515283e+17 0.0469164427118 0.969724464929 0.146652857921
23 2.62980072409e+17 0.149994135922 1.02558218687 0.410179805275
