00 1.83787755282e+17 0.0756589764686 0.361535029755 0.129378080735
01 2.41304666882e+17 0.0476703864975 0.299080255082 0.143849207406
14 8.42493878103e+17 0.148070942019 3.24347041657 0.374403963066
15 6.84349069299e+17 0.15708207943 2.7949733464 0.324751496227
16 5.12755660381e+17 0.187281623688 2.49677252842 0.221380877127
17 3.79713325386e+17 0.212317742744 2.09611677953 0.291545554977
18 2.8682727146e+17 0.227035022835 1.69311573927 0.185423765246
19 2.17339003405e+17 0.22902283103 1.29416544018 0.257004445976
20 1.73032489029e+17 0.217605785804 0.978974639366 0.166465393135
21 1.5500531105e+17 0.193505731207 0.779854817449 0.24890236754
22 1.72682400777e+17 0.158745184692 0.712724989717 0.15506048918
23 2.00624966853e+17 0.116760728155 0.609053047612 0.203757448567
