00 1.59560642859e+17 0.196243605605 0.814131652549 0.202715552312
01 1.25252701322e+17 0.207086318786 0.674391141703 0.263890202841
02 1.0647014582e+17 0.215609351001 0.596854935073 0.161331188252
03 8.78662603584e+16 0.219803821172 0.50214683425 0.219476973888
04 8.58824814372e+16 0.218723060749 0.488396459321 0.14207494331
05 1.1190387058e+17 0.212172891234 0.617317161794 0.209280458642
06 1.63521017808e+17 0.200590970788 0.852821832366 0.130339049116
07 2.29321608681e+17 0.184989101966 1.10297195973 0.188747092964
08 3.1177063823e+17 0.166964606075 1.35342120674 0.1346947885
09 4.35217011492e+17 0.148812663275 1.68391086715 0.218819144002
10 6.17685166789e+17 0.133940977259 2.15106722683 0.22359920587
11 8.59204564005e+17 0.128063606275 2.86085370986 0.295226825247
12 1.27403593179e+18 0.141164134314 4.67605266429 0.416873245424
21 6.32158656984e+17 0.204331441539 3.35841713124 0.589167695011
22 3.99170461109e+17 0.186294853787 1.9334484699 0.356673132635
23 2.35427503779e+17 0.187401924743 1.14710875098 0.327006641666
