11 8.99052293243e+17 0.142957020039 3.34167175422 0.343900542029
12 7.242616036e+17 0.163445962294 3.07781850358 0.235730338684
13 5.40968849533e+17 0.194538462283 2.73622045141 0.286959578048
14 4.12628662366e+17 0.217838105629 2.33704239958 0.184486091843
15 3.86180938696e+17 0.229592441311 2.30526983708 0.250671479385
16 3.63601076732e+17 0.228114879779 2.15651321356 0.167313296254
17 3.42305460138e+17 0.213208375756 1.89754217038 0.235154442651
18 3.22567137303e+17 0.185980846678 1.55977404196 0.148717061158
19 3.00970794098e+17 0.14881062941 1.1644789859 0.206102441224
20 3.10397332896e+17 0.105495829752 0.85138622885 0.132140056746
21 3.42818078074e+17 0.0617359467401 0.550269163848 0.151533778736
22 3.91256819762e+17 0.0556024980488 0.565626270493 0.204679135356
