00 9.38787064484e+16 0.229632117402 0.560496719658 0.155463740805
01 9.5613621014e+16 0.226959681942 0.564211362382 0.241920961838
02 9.57620460524e+16 0.210919955925 0.525151289848 0.145411759049
03 9.84370352073e+16 0.182784782143 0.467812592915 0.215164208768
04 1.09889666514e+17 0.145026990009 0.414361156757 0.134064145073
05 1.49148527804e+17 0.10144534143 0.3933910065 0.176494784193
06 2.69400308627e+17 0.0696958824633 0.488178398387 0.130404286112
07 4.11196356121e+17 0.0670340913788 0.716668526882 0.200286784052
19 4.1199919311e+17 0.164095938126 1.75779224661 0.407649009105
20 2.83591674854e+17 0.148404512964 1.09424339407 0.263045047522
21 2.00251237002e+17 0.166063227665 0.864613535775 0.279775402617
22 1.56520041025e+17 0.197796510701 0.804937067209 0.193962065133
23 1.23194691142e+17 0.219979393527 0.704607629524 0.2510529411
