00 1.49550365939e+17 0.223902500101 0.870602221446 0.222596185796
01 1.39511006168e+17 0.225295030708 0.817209546886 0.298854791959
02 1.32579814869e+17 0.225465252081 0.777195675886 0.229449772875
03 1.23870407354e+17 0.22431512697 0.722436159987 0.28180712791
04 1.21090166563e+17 0.221894077265 0.698598960156 0.214663291246
05 1.63718400778e+17 0.218397069125 0.929646091183 0.291016366351
06 2.24602531421e+17 0.214151015213 1.2505703632 0.215636276637
07 3.20155749519e+17 0.209590624307 1.74464272885 0.283482459058
08 4.13254159995e+17 0.205213346675 2.2049369992 0.216581070206
09 5.2268482797e+17 0.201531818346 2.73877821887 0.326962532113
10 6.19562807841e+17 0.198993695382 3.20551640899 0.317275613004
11 7.19452903538e+17 0.197880263689 3.70150378685 0.353033599275
12 7.68230956787e+17 0.198205034514 3.95894832593 0.344792825568
13 9.07149007223e+17 0.199658596454 4.70912253647 0.438932339164
14 9.20336700808e+17 0.201688387724 4.82615185908 0.418147693038
15 9.06011634008e+17 0.203719547451 4.79887928169 0.427010910838
16 8.72316965655e+17 0.205417584877 4.65892035264 0.404766181647
17 7.8734430538e+17 0.206827836211 4.23396269491 0.434477283465
18 6.43882801974e+17 0.20827968817 3.48680043955 0.372794223922
19 4.12010269426e+17 0.210142860318 2.25110642894 0.394163619673
20 3.47045183423e+17 0.212603863295 1.91836181507 0.317584977213
21 2.39368217936e+17 0.215576799312 1.34165809127 0.363357374391
22 2.36789418177e+17 0.218752806321 1.34675709307 0.269699522657
23 1.79526177663e+17 0.221711927793 1.03488046841 0.314654982904
