00 1.78894335255e+17 0.176049711637 0.818851699513 0.430417624348
01 1.63325908961e+17 0.194908720198 0.82767474116 0.399572929209
02 1.25605772941e+17 0.21168819357 0.691320738572 0.236564116212
03 1.06212040224e+17 0.219604262952 0.606440037062 0.324895718659
04 1.06425922868e+17 0.215868191817 0.597323259832 0.20746296329
05 1.52235981977e+17 0.199878271114 0.791145286851 0.293693990588
06 2.43738240036e+17 0.172627721394 1.09397540184 0.177892952392
07 3.49458201087e+17 0.136627645916 1.24138693537 0.243202930643
08 4.90909780073e+17 0.096303034055 1.22917863297 0.161894326963
09 6.71983923779e+17 0.0586697502183 1.02505335293 0.184373799952
23 2.15333927044e+17 0.168297783701 0.942245789603 0.590307619417
