00 9.49615225569e+16 0.223284607761 0.551289604229 0.142075541655
01 1.01405895874e+17 0.213553682683 0.563045665252 0.220085145789
02 1.08597860909e+17 0.200554725823 0.566275169711 0.165469441363
03 1.16556664598e+17 0.185612549499 0.562493871605 0.226498334417
04 1.29109655099e+17 0.170565895468 0.572564302325 0.191617164129
05 1.86311920499e+17 0.157967316634 0.765211047595 0.272138204923
06 3.16795346261e+17 0.151588624498 1.24858684046 0.294783086344
07 5.07067964285e+17 0.157137376314 2.07166256753 0.379152872018
08 7.01552205088e+17 0.180571062961 3.29368071228 0.560500609273
15 1.33821347422e+18 0.21965748325 7.64266369873 0.627806688832
16 9.71154768059e+17 0.200684431996 5.06728671821 0.49015767604
17 7.14300358368e+17 0.196034075112 3.64070746272 0.399119834909
18 4.98395321785e+17 0.201422576127 2.61008981073 0.2614461375
19 2.92645315419e+17 0.210785057782 1.60381675273 0.288315660979
20 2.21304094453e+17 0.220089499056 1.26637438947 0.193683021947
21 1.51257968507e+17 0.22695402064 0.892543706768 0.259702849844
22 1.41830023421e+17 0.230024335443 0.848233278966 0.165848215639
23 1.17304818837e+17 0.228653546683 0.697376234624 0.22651728596
