00 9.74408933912e+16 0.189040348516 0.478926771606 0.135250960625
01 1.19082324118e+17 0.152820220332 0.473152862244 0.202206216181
02 1.52217440496e+17 0.109944561033 0.435122471598 0.132859869632
03 1.88942267439e+17 0.0705997739518 0.346821315649 0.154921034367
04 2.55541043897e+17 0.0648143000932 0.430630561536 0.198902016368
16 7.66505988242e+17 0.171323081542 3.41432436608 0.420041675084
17 6.01802074145e+17 0.148579966462 2.32480903183 0.327018509781
18 3.99498629764e+17 0.159662615371 1.6584098977 0.205479480299
19 2.56302978646e+17 0.192594999844 1.28342947544 0.264184786431
20 1.74162001486e+17 0.216812515242 0.981773041645 0.174141936536
21 1.35754699129e+17 0.229157486694 0.808839347141 0.259290644126
22 1.28537887253e+17 0.228165072962 0.762524267013 0.163926639144
23 1.17498114533e+17 0.213721710697 0.652909349082 0.227381937905
