00 2.32199640495e+17 0.0761955053916 0.460006792941 0.209275426715
15 7.5401702289e+17 0.183721177976 3.60175128714 0.663500318218
16 5.93410294972e+17 0.187713454894 2.89616851261 0.416736547488
17 4.54129914251e+17 0.200295464393 2.3649642138 0.424105988854
18 3.27553821556e+17 0.209394297284 1.78328545947 0.282891889026
19 2.55353200163e+17 0.209471825457 1.39072182534 0.342695712993
20 1.86967229991e+17 0.198559117862 0.965225254659 0.219584627474
21 1.81753690817e+17 0.17676357802 0.835313250387 0.32115855502
22 2.08927818215e+17 0.145861088301 0.79233541247 0.218598971538
23 2.53857862412e+17 0.109523922838 0.7228912323 0.280318482725
