00 8.89907907319e+16 0.197548020276 0.457078817829 0.120041912193
01 9.92208244949e+16 0.18269859694 0.471315140983 0.191086083482
02 1.12158060829e+17 0.164348406683 0.479257963444 0.140710753293
03 1.26512397254e+17 0.144615841511 0.475688116553 0.198363930872
04 1.52108557055e+17 0.126636410049 0.500824521685 0.177902746407
05 2.14111075015e+17 0.115542585392 0.643212626375 0.256505527367
06 3.92596563415e+17 0.120759152818 1.23265033833 0.363828079572
16 9.73498964331e+17 0.192410004018 4.8700844306 0.503539864491
17 6.89972740515e+17 0.178553805107 3.20312871422 0.366625832965
18 4.68619617214e+17 0.183058126398 2.23040035714 0.230896881789
19 2.76580704554e+17 0.193723950483 1.39308797455 0.262305236051
20 1.98093066869e+17 0.203911658535 1.05023063105 0.166031190951
21 1.3899360335e+17 0.210397973748 0.760343285228 0.229831121478
22 1.28678130148e+17 0.211620052355 0.708002688611 0.142989759372
23 1.09746675151e+17 0.207000053298 0.590656757742 0.197711537054
