00 1.10649965834e+17 0.198329183349 0.570573051395 0.156548857528
01 1.31728967156e+17 0.184028496411 0.630288977744 0.237763349992
02 1.57925403314e+17 0.170458867649 0.69991442097 0.225174763384
03 1.88605344149e+17 0.160278724082 0.785965021795 0.289884893308
04 2.15875788237e+17 0.157323448256 0.88302040841 0.361676289011
05 3.12216713384e+17 0.166770377783 1.35378098027 0.427356630826
06 4.5984010405e+17 0.191915175741 2.29450765392 0.610906563744
13 1.24044139705e+18 0.208561992341 6.7264321579 0.597901171665
14 9.32403269129e+17 0.198823276738 4.81997030345 0.378733256917
15 7.22198818771e+17 0.200268017559 3.76046646869 0.346172238168
16 6.03324685592e+17 0.20782402426 3.26001946647 0.244821499971
17 4.49019763363e+17 0.21705496951 2.5340112472 0.286714992069
18 3.41242381216e+17 0.225101084534 1.99716478262 0.187599508425
19 2.28513077846e+17 0.230231446528 1.36788330804 0.241109067606
20 1.84465536178e+17 0.231480137354 1.11020279894 0.169143485187
21 1.38777044707e+17 0.228471692151 0.824372282132 0.239104114468
22 1.41295106517e+17 0.221331877293 0.813100890621 0.158306147005
23 1.2889395856e+17 0.210640144235 0.705906292574 0.226508392141
