10 8.86769800252e+17 0.177695858957 4.09695835518 0.341409548512
11 7.20891038417e+17 0.177411445083 3.32525234269 0.303937923168
12 6.00946025424e+17 0.186994234022 2.92170948454 0.196522801168
13 4.8930347696e+17 0.197679343588 2.51485494366 0.241967930299
14 3.89071527641e+17 0.205304214401 2.07682863253 0.147078075937
15 3.55600745397e+17 0.209913859932 1.94078365158 0.197428769402
16 3.41848887266e+17 0.212046214462 1.88468182403 0.138365138916
17 3.16459981615e+17 0.201884196947 1.66109500061 0.195772560167
18 2.94694955174e+17 0.180816593788 1.38542918803 0.125046624671
19 2.56061384418e+17 0.162488818982 1.08178491046 0.181877756248
20 2.51324488263e+17 0.142346665263 0.930155272879 0.142061827429
21 2.43405077977e+17 0.123447385044 0.781240729948 0.216045536533
22 2.77866351254e+17 0.110749850158 0.800115075894 0.240965085978
23 3.72557356795e+17 0.113344163093 1.09790724706 0.318461341807
