00 1.4665368893e+17 0.199723967136 0.761546670254 0.315075845235
01 1.38862508612e+17 0.21178384676 0.764629742358 0.369315481106
02 1.1841417075e+17 0.214599191789 0.660701218823 0.219523644497
03 1.10298085241e+17 0.205994791514 0.590741607915 0.317038029474
04 1.15400761663e+17 0.185865564987 0.557674721926 0.204518249621
05 1.71238908968e+17 0.155716152851 0.693281267194 0.290086612933
06 3.04047482879e+17 0.118754325743 0.938780799406 0.184910738196
07 4.63315661809e+17 0.0805772434493 0.970650170762 0.233648243517
22 2.16554274356e+17 0.177478216654 0.999275326962 0.659900245373
23 2.05274295725e+17 0.185130725816 0.988067063332 0.477430024885
