00 1.69689207024e+17 0.170100232938 0.750468514687 0.314673834866
01 1.48742839124e+17 0.195696988712 0.756821668435 0.345568274982
02 1.16548482962e+17 0.216087139174 0.654800334716 0.205089376951
03 9.80190948164e+16 0.226076762921 0.576155831174 0.294956311021
04 9.7729479154e+16 0.223459208296 0.567802353013 0.186948911335
05 1.36529171521e+17 0.207847965265 0.737810072997 0.270853857466
06 2.17107223868e+17 0.180304571764 1.01778105069 0.162255631857
07 3.12182276669e+17 0.143279796941 1.16296474345 0.222179642937
08 4.47509206154e+17 0.100887942476 1.17385535924 0.141852885026
09 6.49176246455e+17 0.0595836832233 1.00568810745 0.163435763013
23 2.41372963513e+17 0.15071005628 0.945810655801 0.435378969148
