08 8.42010665787e+17 0.198477691959 4.34512867231 0.465208177021
09 7.53087440183e+17 0.190648472173 3.73294921697 0.407159379001
10 6.18440746798e+17 0.195884143255 3.14971113185 0.245431159112
11 5.38529979706e+17 0.205982394952 2.8841200693 0.275791035722
12 4.85187903239e+17 0.215946631582 2.7241420281 0.177015375813
13 4.3582532054e+17 0.223050097855 2.52748289025 0.24108115911
14 3.74036320117e+17 0.225825262375 2.19613810333 0.149864664762
15 3.54121127578e+17 0.22362076952 2.05890981536 0.204688441089
16 3.58722227625e+17 0.216420858412 2.01850928328 0.144308781342
17 3.4688734996e+17 0.204764837077 1.84678862416 0.210083405211
18 3.36090344476e+17 0.189713710869 1.65778460738 0.151422547824
19 2.93999267904e+17 0.172858029568 1.32132348775 0.214664915545
20 2.88025879673e+17 0.15644051631 1.17153185049 0.190343704614
21 2.7140368159e+17 0.143741250871 1.01430952175 0.280115753517
22 3.00255170649e+17 0.140082579759 1.09357349116 0.368721946475
23 4.65463791135e+17 0.154016147332 1.86391243566 0.431135096092
