00 1.95378910541e+17 0.072992852691 0.370792864937 0.137181928807
01 2.48433007491e+17 0.0420507115657 0.271616403277 0.135083503591
14 8.44143183189e+17 0.147249347946 3.23178786573 0.413889129919
15 6.98701590866e+17 0.161459136525 2.93310564429 0.357867955698
16 5.21438369824e+17 0.189036379915 2.56284136628 0.236389572637
17 3.87223361143e+17 0.212475358592 2.13916098537 0.304997151197
18 2.91507601201e+17 0.226018466212 1.71303862373 0.194962214599
19 2.22202947367e+17 0.227065617272 1.31182088449 0.266718457152
20 1.75842514236e+17 0.214898757337 0.982496782705 0.171895329723
21 1.59764483883e+17 0.190250550831 0.790277307611 0.257225283221
22 1.79591962841e+17 0.155204102696 0.724708645548 0.161768243881
23 2.11756712869e+17 0.11333772368 0.624000619075 0.211464081421
