08 8.11753325966e+17 0.165442568593 3.49176243809 0.379820559786
09 6.86637803256e+17 0.152786614463 2.72763569836 0.310883782522
10 5.59059044179e+17 0.162087343367 2.35602627666 0.184094046067
11 4.87467179858e+17 0.19476757389 2.46851279927 0.252347777459
12 4.46959315339e+17 0.217809679013 2.53115369016 0.161030707298
13 4.01418041875e+17 0.228608608372 2.38595811813 0.238395811474
14 3.54706012905e+17 0.226009184653 2.08433723597 0.15021887641
15 3.66239253743e+17 0.210113108081 2.00074336554 0.210707705343
16 3.93053581457e+17 0.182200781948 1.86198141711 0.140558956341
17 4.32420772996e+17 0.14471959289 1.62707371385 0.189576786035
18 4.86024220003e+17 0.101378294999 1.28107997556 0.125523877128
19 5.49951546366e+17 0.0766636461797 1.09619355993 0.166882349302
20 5.7755934828e+17 0.0726440518828 1.09086253281 0.224221268124
