00 1.9261082015e+17 0.165553874394 0.829074155678 0.23389375977
01 1.45134171503e+17 0.173858128705 0.656051642185 0.265993255038
02 1.15341593121e+17 0.186123631598 0.558162700836 0.154601779656
03 9.05838779543e+16 0.21013455837 0.494904882923 0.228726946854
04 8.77573286048e+16 0.222145467015 0.50686721142 0.15062883947
05 1.14231007832e+17 0.221134894786 0.656772009358 0.222538623939
06 1.66013145048e+17 0.207186786526 0.894288981133 0.134128885494
07 2.26058217706e+17 0.181468223982 1.06658196537 0.184766297811
08 3.02420776898e+17 0.146198162701 1.14954741057 0.115921941711
09 4.24401846725e+17 0.117014968374 1.29119558548 0.173970621063
10 6.14746498012e+17 0.0986643089149 1.57699199799 0.160803852136
11 8.71405986313e+17 0.0900518206164 2.04026408465 0.23144854835
23 3.12364457361e+17 0.16848157975 1.36831908808 0.358677454537
