10 8.42129554904e+17 0.163584163822 3.58173553578 0.294635886911
11 6.81703705128e+17 0.164671306089 2.91868302671 0.279409659651
12 5.66468356052e+17 0.173919813093 2.5615218358 0.171899810635
13 4.60141859586e+17 0.198262336032 2.37194879968 0.235100069542
14 3.71196753543e+17 0.217959357864 2.10355095713 0.153396162589
15 3.51024621867e+17 0.225053126199 2.05397890162 0.214137841368
16 3.44105334935e+17 0.218912045759 1.9585488735 0.145796394118
17 3.31707210953e+17 0.200029222153 1.72512952013 0.204542587799
18 3.21368415409e+17 0.169988323793 1.42035083464 0.131687793519
19 2.98934679779e+17 0.131459673077 1.02174423716 0.171160911033
20 3.1096740964e+17 0.104565897846 0.845431246134 0.130979316238
21 3.20934038178e+17 0.0891087952909 0.743549183257 0.203483059183
22 3.10712729477e+17 0.0878202548302 0.709458648122 0.291343468272
