00 1.06767785113e+17 0.232168121117 0.644489977701 0.165721879213
01 1.08029570765e+17 0.227926786134 0.640193654671 0.244598102391
02 1.09749589515e+17 0.220742982668 0.629887745141 0.183043407987
03 1.11581984167e+17 0.211266239751 0.612911161694 0.242760925619
04 1.15423420687e+17 0.200467452453 0.601604616562 0.19130447071
05 1.63925381569e+17 0.189634135597 0.808232048941 0.273604045518
06 2.54072747039e+17 0.180393392627 1.19165916513 0.23615533349
07 4.02206824244e+17 0.17474715961 1.82739700292 0.317979081027
08 5.97011922529e+17 0.174977091758 2.71604865868 0.34499852678
09 8.0473687414e+17 0.182920046956 3.82726517693 0.438545020068
10 1.02691010441e+18 0.197967491019 5.28566523868 0.670268437852
11 1.33714848255e+18 0.215251267182 7.4833955373 0.608632124432
12 1.46345441497e+18 0.22786642774 8.67027537218 0.685139110576
13 1.57786158856e+18 0.231637691988 9.50279763294 0.65207079754
14 1.39715999328e+18 0.226738962919 8.23655580559 0.672982772939
15 1.30615892127e+18 0.216951078587 7.36768725614 0.593057267782
16 9.87616901737e+17 0.208104876271 5.34372522162 0.510839496098
17 7.87336956751e+17 0.204488862163 4.18604259904 0.447127221687
18 5.7210430311e+17 0.206586717337 3.07291789879 0.314229091285
19 3.34817754575e+17 0.212447517254 1.849411218 0.329376289919
20 2.65248371098e+17 0.219698698568 1.51514277011 0.231428407934
21 1.7655569957e+17 0.22640303113 1.03929138419 0.292325182216
22 1.66660817352e+17 0.231189518491 1.00178608699 0.194887152701
23 1.32297937022e+17 0.233193650479 0.802127011011 0.254693099294
