00 8.74839922251e+16 0.213526050766 0.485682895493 0.129705780243
01 9.57298889189e+16 0.194640159129 0.484454901126 0.20042756896
02 1.05163123527e+17 0.165029504793 0.451230473152 0.130019276197
03 1.16117249548e+17 0.136246586325 0.411335050476 0.17780548887
04 1.38622747216e+17 0.115865735704 0.417602291381 0.142881895856
05 1.88193909076e+17 0.100444973583 0.491481437869 0.214418155667
06 3.38061738145e+17 0.0983703184258 0.864636261553 0.288460006484
17 7.31694561095e+17 0.180439469454 3.43269103857 0.416420954493
18 5.40747497718e+17 0.168669810178 2.37140222266 0.273706163379
19 3.14443570989e+17 0.174542638174 1.42697907137 0.280732049375
20 2.12165547854e+17 0.184990431766 1.02046350388 0.173794300324
21 1.46988814245e+17 0.196589105009 0.751306385405 0.23240060024
22 1.31319417281e+17 0.214559542105 0.732571685073 0.153716919294
23 1.09688518869e+17 0.220051002464 0.627563781934 0.214020259272
