11 9.37772040746e+17 0.191026987609 4.65763396819 0.754319422786
12 8.27453932883e+17 0.188345323079 4.05202403637 0.538213492778
13 6.51265890712e+17 0.197600634031 3.34595437612 0.471481238867
14 5.02072998963e+17 0.205528154228 2.68294355588 0.307321775243
15 5.04641845377e+17 0.205584200424 2.69740614734 0.353784708738
16 4.75106177134e+17 0.195330629416 2.41287250409 0.230340183495
17 4.68947934458e+17 0.174635113744 2.12926417272 0.312673274042
18 4.41192342943e+17 0.145130304732 1.6647898586 0.222696451484
19 4.21301004143e+17 0.110411934289 1.20943312841 0.299453780947
20 3.93693532349e+17 0.076732524774 0.785436566833 0.233129047634
