00 1.41020370553e+17 0.205088176213 0.751961875745 0.208760403564
01 1.61604893462e+17 0.19805032134 0.832153428087 0.296024902233
02 1.76082579247e+17 0.192353827371 0.880624109342 0.295884587052
03 1.95509735554e+17 0.188987184962 0.960669698432 0.345031829818
04 1.97167099643e+17 0.1887201493 0.967444516523 0.384918806749
05 3.02264294377e+17 0.191708554986 1.50661292857 0.428240553503
06 4.07997091603e+17 0.197086555897 2.0906792816 0.479774213259
07 5.75425010702e+17 0.202974796214 3.03671613138 0.492693767728
08 7.05520114504e+17 0.207306781188 3.80273670404 0.520018607068
09 8.63424199795e+17 0.209007498164 4.69201542819 0.54137169233
10 9.02016535231e+17 0.20857517989 4.89159478859 0.542980945803
11 9.32925885781e+17 0.207629467802 5.03627553425 0.455369758291
12 8.07296476413e+17 0.20782731238 4.36223468166 0.372473877944
13 8.02117842186e+17 0.209975399226 4.37905036762 0.410157290873
14 6.78363445068e+17 0.21388454325 3.77237784576 0.266171586804
15 5.80000522021e+17 0.218755458791 3.29883528763 0.30966385785
16 5.3854366553e+17 0.223612658388 3.13105469839 0.232412583438
17 4.48535168007e+17 0.227567777289 2.6538759317 0.292300506934
18 3.71311490323e+17 0.229941977518 2.21988255736 0.209005957161
19 2.58342780653e+17 0.230306314003 1.54694731259 0.262634028619
20 2.21256879364e+17 0.228490988473 1.31443527988 0.199267230112
21 1.67177646006e+17 0.224581065441 0.976168280307 0.276425525013
22 1.7644966324e+17 0.218900420797 1.00424754385 0.202248037527
23 1.60047280417e+17 0.211995732637 0.882162852182 0.274259825603
