00 3.54855717165e+17 0.19962217211 1.84176379521 0.494556015971
01 2.2535096889e+17 0.194293200478 1.13838818539 0.414111575635
02 1.76649305986e+17 0.199837970712 0.917832209735 0.253080614095
03 1.26234412597e+17 0.209522406282 0.687672384956 0.287788309479
04 1.17444150861e+17 0.219045172348 0.668864930934 0.18272656669
05 1.40172453635e+17 0.225938038727 0.823427520707 0.248130930007
06 1.76717818349e+17 0.228825233309 1.05137489635 0.15544513474
07 2.19363913782e+17 0.227073829956 1.29510690547 0.207620879498
08 2.59021852795e+17 0.22063875211 1.48590671762 0.138573483445
09 3.15902735142e+17 0.209998869053 1.72481964488 0.219359349019
10 3.78265657169e+17 0.19611297318 1.92875286966 0.156915996015
11 4.51794429221e+17 0.180428119505 2.11942690095 0.219562942121
12 5.5483100745e+17 0.164958470168 2.37962592896 0.182634079576
13 7.4538527014e+17 0.152554109355 2.95650123632 0.276824094926
14 9.61537937101e+17 0.147586816151 3.68966839138 0.344538260586
15 1.24280692445e+18 0.156807441807 5.06691573656 0.405630925532
16 1.75183688371e+18 0.186131741412 8.47788369568 0.581651682086
23 4.40158064673e+17 0.218836427724 2.50438808118 0.639088694559
