00 1.54977980994e+17 0.136883026261 0.551560231099 0.1797632373
01 2.24758356579e+17 0.126453665113 0.738959466809 0.267019919095
02 3.20480161528e+17 0.130924898807 1.09092965066 0.412312510105
12 1.03620106978e+18 0.190539543722 5.13336925507 0.460302367448
13 8.55105790848e+17 0.184119160115 4.09347536054 0.359960758211
14 6.20414204297e+17 0.191159623953 3.0835517957 0.216238082381
15 4.90280344258e+17 0.202071588617 2.57586492883 0.251925315509
16 4.21469039702e+17 0.211762686532 2.32053681957 0.169536116452
17 3.35104995814e+17 0.21763578458 1.8962018057 0.225499308259
18 2.72953707395e+17 0.218401910472 1.5499538903 0.142860789042
19 2.03997562568e+17 0.213616653151 1.13300919074 0.199671655445
20 1.7487149486e+17 0.203512269767 0.925300865748 0.139552297962
21 1.45687404689e+17 0.188921399635 0.715610178477 0.207011165271
22 1.5993530798e+17 0.171256613527 0.71213945993 0.145645556397
23 1.73666993234e+17 0.152587782152 0.688985994596 0.214253974332
