00 1.92213462675e+17 0.21524030967 1.07567421595 0.267906794152
01 1.60619960467e+17 0.219593422936 0.91704825968 0.333269171914
02 1.43265588395e+17 0.223742924857 0.83342120625 0.241728181554
03 1.23877618646e+17 0.226989250795 0.731091084014 0.289535615389
04 1.18694199935e+17 0.228790795554 0.706059651201 0.206887876418
05 1.52365194935e+17 0.228812828418 0.906440891341 0.279553475496
06 2.0140867471e+17 0.226941414988 1.18840721037 0.192217956704
07 2.72142084732e+17 0.223278734375 1.57985204648 0.253495203851
08 3.37124811333e+17 0.218140370418 1.91205381176 0.180811608895
09 4.17988701552e+17 0.212021108602 2.30418312504 0.281707837271
10 4.93385752674e+17 0.205579556418 2.63718062862 0.237104017552
11 5.71620734072e+17 0.199586951457 2.96628903228 0.291030699545
12 6.43574643347e+17 0.194865317227 3.26066980291 0.262603118371
13 7.90625639515e+17 0.192165238838 3.95019988607 0.369619210102
14 8.67783045015e+17 0.19197342209 4.33137330037 0.374915483781
15 9.23433867791e+17 0.194232655657 4.66338632409 0.412485589049
16 9.75929087019e+17 0.19814567856 5.02777941051 0.446576100003
17 9.66468770906e+17 0.202330429097 5.08419706929 0.496524741696
18 8.45471565539e+17 0.205454080276 4.51634515533 0.514982277335
19 5.88559873155e+17 0.206956513831 3.16696378775 0.514990522042
20 4.95457733924e+17 0.207317127193 2.67063872511 0.473061120726
21 3.54097921704e+17 0.207645711557 1.91169978773 0.472021855357
22 3.34756845556e+17 0.208957628774 1.81869991324 0.37433652635
23 2.2755151273e+17 0.211661984908 1.25226412618 0.368351970006
