00 1.38898355183e+17 0.201990125756 0.729458501998 0.274307742572
01 1.31579055506e+17 0.215520212779 0.737306597036 0.346416427844
02 1.13283787367e+17 0.218879716819 0.644683605775 0.205454250443
03 1.05448361727e+17 0.210225434776 0.576366119953 0.301506001113
04 1.09919177949e+17 0.189605749441 0.541874010937 0.191218426864
05 1.61004861822e+17 0.158596437059 0.663904733289 0.27548882221
06 2.86716387278e+17 0.120394344668 0.897494820347 0.169546494924
07 4.4362522185e+17 0.080452965269 0.927965078714 0.216396499508
08 5.45778071083e+17 0.046221051985 0.65588735149 0.161949778381
22 2.12570664783e+17 0.170668817963 0.943258786398 0.546637305454
23 1.97761683018e+17 0.184474072536 0.948529479507 0.424638438734
