05 4.26076250374e+17 0.193890202531 2.14791227244 0.460326432125
06 3.99002473924e+17 0.19048390016 1.97609223257 0.292518636743
07 3.98672259558e+17 0.197835939604 2.05066422766 0.28601845928
08 3.78060668884e+17 0.208356505562 2.04805639634 0.189441543619
09 3.74335417376e+17 0.217758417159 2.11938188733 0.255612962202
10 3.6367792788e+17 0.223717340085 2.1153875255 0.15506103613
11 3.65278282269e+17 0.225024808169 2.13711356029 0.216298822208
12 3.79854595308e+17 0.221225862923 2.18487517644 0.140256401644
13 3.97274873506e+17 0.212480962759 2.19474703766 0.209886940812
14 3.96732137411e+17 0.199498507738 2.05783420402 0.137613301947
15 4.27273146074e+17 0.183510829656 2.03864048768 0.202357295072
16 4.99789073582e+17 0.166312917576 2.161155854 0.16335916968
17 5.87750762451e+17 0.150443839681 2.29901051844 0.240785533926
18 6.84822211358e+17 0.139749837126 2.48829860494 0.261322754446
19 6.990098736e+17 0.140692571444 2.55698291112 0.347271130016
20 7.57287961313e+17 0.162685132416 3.20318679884 0.513173577798
