00 1.24234237585e+17 0.202218134596 0.653182810213 0.181614295174
01 1.46537574385e+17 0.191441763877 0.729388704576 0.266194482845
02 1.68851424535e+17 0.182008741344 0.799043316598 0.265403751029
03 1.95818132424e+17 0.175828867506 0.895192491993 0.323019650709
04 2.09000775714e+17 0.175100394545 0.951499075479 0.390283857151
05 3.16071944456e+17 0.181713923816 1.49330150412 0.440152440919
06 4.5848374019e+17 0.195503372492 2.33051305343 0.591045673931
07 6.02140563374e+17 0.212310831238 3.32386505183 0.570017502783
08 7.44555348572e+17 0.225475534109 4.36485438722 0.673646641798
09 9.95812281413e+17 0.230384727336 5.96491846422 0.656142560174
10 1.15157921557e+18 0.226656929126 6.78634862485 0.741551600265
11 1.26562954166e+18 0.217611778291 7.16081327567 0.597621677266
12 1.00415518141e+18 0.208815330046 5.45175788624 0.511731954298
13 9.66287386382e+17 0.204752895673 5.14410365077 0.478074024738
14 7.69069975979e+17 0.206323357284 4.12560458519 0.300974032536
15 6.25653250964e+17 0.211822949191 3.44572063655 0.320468599347
16 5.53505216611e+17 0.218938248086 3.15077002321 0.232240366333
17 4.37579622595e+17 0.225711917854 2.56794033157 0.28616147647
18 3.4825935291e+17 0.23073201806 2.08921916594 0.195976163601
19 2.38582156318e+17 0.233087600523 1.44587410094 0.249993196041
20 1.98889092669e+17 0.232303139455 1.20126657639 0.182193881627
21 1.50396444966e+17 0.228301866036 0.892730514807 0.255748132891
22 1.56349725587e+17 0.221367295677 0.899878614261 0.177987832788
23 1.43095626488e+17 0.212121036607 0.789193408241 0.248997204152
