00 1.05186482402e+17 0.173199587981 0.473674640741 0.138163504423
01 1.33530420569e+17 0.133195581694 0.462427213082 0.199567393115
02 1.81534767769e+17 0.088880126129 0.419505659459 0.134697293405
03 2.31850504628e+17 0.0561691314819 0.338593878444 0.152998258797
16 7.41543249765e+17 0.156689682993 3.02099659501 0.401123529279
17 5.56953292844e+17 0.14420698917 2.0882304942 0.311602776122
18 3.70728503334e+17 0.177428142726 1.71021941486 0.215505435889
19 2.46415564377e+17 0.205974037132 1.31963542378 0.273221491393
20 1.69499926414e+17 0.224616259903 0.989883427648 0.178494685184
21 1.3640063063e+17 0.230708393792 0.818188030522 0.265786350481
22 1.32411674255e+17 0.223289161629 0.768718385089 0.166060189515
23 1.24954162161e+17 0.202766490096 0.658749438991 0.230912959353
