10 8.84557998267e+17 0.156746975939 3.60494657305 0.319811732396
11 7.1751377208e+17 0.152436890367 2.8437647735 0.279549173701
12 5.88209095241e+17 0.176088523028 2.69299864113 0.18507243269
13 4.69740202921e+17 0.205373941835 2.50828232491 0.253392056823
14 3.76380677995e+17 0.223848998805 2.19056338641 0.163454633328
15 3.59376534114e+17 0.229473383906 2.14415108387 0.227142582916
16 3.51754722258e+17 0.221581228352 2.02649832935 0.152722946599
17 3.4228739199e+17 0.200733214987 1.78641966474 0.214264671685
18 3.34768949074e+17 0.168666061687 1.4680681656 0.137816661192
19 3.19738862654e+17 0.128307385194 1.06664629271 0.180753579168
20 3.39193148308e+17 0.0844281202067 0.744573437365 0.117793141839
21 3.6021563977e+17 0.0715327585727 0.669947678239 0.183923377021
22 3.10273752267e+17 0.0758412355325 0.611820162856 0.27590821148
