00 3.20648927533e+17 0.196250302593 1.63611367542 0.425066910823
01 2.05545231263e+17 0.195844125299 1.04662547668 0.383665159022
02 1.62955898212e+17 0.203507021667 0.862229407217 0.236645312529
03 1.19164674326e+17 0.213451724093 0.661333534833 0.278057727816
04 1.11326322159e+17 0.222198197598 0.643149211353 0.177534966895
05 1.34630088764e+17 0.227752070701 0.797219318861 0.243850882363
06 1.72958752674e+17 0.229037249016 1.02996391955 0.153062488117
07 2.1806124828e+17 0.225642565322 1.27930138594 0.206325814255
08 2.61298627787e+17 0.217714117644 1.47909840495 0.137987858161
09 3.23123745876e+17 0.205893818195 1.72975872649 0.220265783275
10 3.92643465817e+17 0.191304895443 1.95298004654 0.161871829007
11 4.74981420004e+17 0.175561291744 2.1680971429 0.224328456126
12 5.89926377091e+17 0.160900375388 2.46790376365 0.194488654001
13 8.04992728565e+17 0.150552616338 3.15103779688 0.293920205509
14 1.05236860359e+18 0.149563488408 4.09229390556 0.397423161963
15 1.3806402585e+18 0.16507831958 5.92575811925 0.444090536712
23 4.10142387371e+17 0.209816574435 2.23742143947 0.586991415633
