12 9.25007281161e+17 0.155143308673 3.7312259438 0.507288289489
13 7.30210586294e+17 0.171698744986 3.25978227229 0.409029907103
14 5.28219904347e+17 0.195434265881 2.68403899998 0.264963613096
15 4.71237459051e+17 0.214881930502 2.63277078807 0.305369613616
16 4.09038679704e+17 0.224364676283 2.38611960494 0.200580616709
17 3.58847980125e+17 0.221499137157 2.06659746718 0.278535758399
18 3.11777980269e+17 0.205830307768 1.66850729848 0.17458807746
19 2.73233512575e+17 0.178390364373 1.26729787254 0.250775943363
20 2.54710532439e+17 0.141639447478 0.938003536117 0.160133941461
21 2.78961781679e+17 0.0997661106221 0.723604231228 0.221721691559
22 3.7545246769e+17 0.0593963197008 0.579812864888 0.161535874944
