08 7.71563047052e+17 0.164091285664 3.2917760814 0.343919617888
09 6.40005286117e+17 0.15901612541 2.64605018185 0.301326930933
10 5.26053597212e+17 0.166549840054 2.27796770437 0.173560029897
11 4.65083086584e+17 0.195126698406 2.35950330641 0.239828035642
12 4.31696603603e+17 0.217145984179 2.43727078025 0.155177242342
13 3.93497340625e+17 0.226759052762 2.31995618984 0.230204184998
14 3.51219271815e+17 0.223046837129 2.03679704065 0.145133696748
15 3.6274791974e+17 0.206264336652 1.94537093497 0.203250191799
16 3.91903561676e+17 0.177796813055 1.81165931156 0.135890008875
17 4.32113955228e+17 0.140148363988 1.57456166092 0.181640774961
18 4.87074623082e+17 0.101592062056 1.28655579869 0.12571785357
19 5.44156676431e+17 0.0848626576522 1.20064312527 0.181421884892
20 5.46305566871e+17 0.0809236729408 1.1494353785 0.246276643944
