00 2.95675968309e+17 0.186660020522 1.43496294012 0.468990152537
01 3.58239120188e+17 0.196918682069 1.83414336074 0.536137165124
02 3.06691707617e+17 0.208439240508 1.66209125175 0.663754131061
03 3.09629511258e+17 0.216779015813 1.74515069865 0.587540917246
04 2.47043200983e+17 0.219218231477 1.40806571407 0.679412924094
05 4.10537924844e+17 0.216198216115 2.30769674197 0.610841004105
06 4.70387407055e+17 0.210807198251 2.57818733572 0.512348750131
07 5.76397207174e+17 0.206856093613 3.10001314078 0.45375140031
08 5.98236783019e+17 0.206593363206 3.21338547394 0.321259170965
09 6.04019057505e+17 0.209992861029 3.29783194004 0.376903597323
10 5.55829205212e+17 0.215683460605 3.11696232862 0.254677788024
11 5.28144867289e+17 0.222015842082 3.04866971377 0.290865057483
12 5.0072788126e+17 0.227572691052 2.962751777 0.202152917376
13 4.87543807236e+17 0.231309157602 2.93210703099 0.275513633068
14 4.38886285807e+17 0.232561211249 2.65376608192 0.17903725665
15 4.12974140134e+17 0.231017902979 2.48051491579 0.241789980392
16 4.23284652341e+17 0.226705770662 2.49498790628 0.181154308313
17 4.02907998877e+17 0.219964903153 2.30426609277 0.254114908759
18 3.80128081358e+17 0.211421859564 2.08955203166 0.194414881967
19 3.03342541308e+17 0.201977623642 1.59297854671 0.259750816293
20 2.82396406411e+17 0.192780393813 1.41545275142 0.2313587314
21 2.40269562647e+17 0.185219645679 1.15706872478 0.321110182342
22 2.75867863436e+17 0.180864646952 1.29726333687 0.344591808385
23 2.94884987495e+17 0.181254121884 1.3896771061 0.38628474533
