00 1.12620006717e+17 0.151605862689 0.443920185137 0.132328401689
01 1.48977690602e+17 0.108512099487 0.420312931582 0.179746509813
02 2.1555491965e+17 0.0647243686356 0.362743058097 0.125367923387
03 2.74008389974e+17 0.0605961631214 0.431700284484 0.19105862211
16 7.15196322439e+17 0.14577122789 2.71063119872 0.286729289893
17 4.88059551587e+17 0.161991111412 2.05559403912 0.291406167929
18 3.33855318657e+17 0.194123241353 1.68503599161 0.193547942987
19 2.28111156065e+17 0.217799065957 1.29174231485 0.258832813182
20 1.64842130815e+17 0.229669860893 0.984341000595 0.169923540298
21 1.34680812688e+17 0.228210589118 0.799125277767 0.254574968699
22 1.3498680401e+17 0.213302697549 0.748619285147 0.155409054155
23 1.32142011394e+17 0.186085060102 0.639331007439 0.219967547944
