00 1.87886879018e+17 0.191025337131 0.933170014576 0.652253423879
01 1.79562655126e+17 0.196231729696 0.916133150511 0.521316955253
02 1.41672841198e+17 0.201169133133 0.74100526896 0.318815967915
03 1.28478249049e+17 0.199087599722 0.665039081712 0.401415243395
04 1.33460712103e+17 0.187492153051 0.65059374276 0.272117224684
05 2.04239922023e+17 0.166314305569 0.883168540816 0.352198126919
06 3.39617590171e+17 0.13737633599 1.21304092456 0.240936014065
07 4.85073724948e+17 0.104693267749 1.32038278747 0.320417355979
08 5.97587717022e+17 0.0748521456839 1.16299879419 0.268506439354
23 1.86487973373e+17 0.197512120821 0.95767451334 0.82445101114
