00 1.08370672964e+17 0.142109232211 0.400412301359 0.116102878973
01 1.40364410895e+17 0.12117844146 0.442237654267 0.180306571272
02 1.96762484219e+17 0.103411320778 0.529034177688 0.179498965771
03 2.52566792234e+17 0.0957342284421 0.6286614616 0.251642470819
15 8.20633790389e+17 0.169319622693 3.61268449771 0.345746056168
16 6.43104002388e+17 0.170779840224 2.85555916816 0.23132983415
17 4.36380996991e+17 0.180557688996 2.04859055281 0.25687529145
18 3.11934033549e+17 0.190247900668 1.54296467077 0.151969775352
19 2.12045553805e+17 0.210457859432 1.16029298725 0.217707115107
20 1.62044681144e+17 0.220220245028 0.927823504063 0.149426905715
21 1.28298973652e+17 0.217073814336 0.724109037237 0.220803867915
22 1.30601395797e+17 0.201308311551 0.683569808327 0.135876574863
23 1.26367511287e+17 0.174253724129 0.572520245717 0.190154998754
