00 1.6321716337e+17 0.173027958212 0.734269445599 0.287492346944
01 1.42620832715e+17 0.199147409074 0.738466802197 0.334126448135
02 1.1340828384e+17 0.218709477962 0.644890130436 0.19860674499
03 9.62991989659e+16 0.227247860958 0.568978461402 0.288704679302
04 9.62567709701e+16 0.222923663312 0.557905712084 0.182215968387
05 1.34512791219e+17 0.205592441969 0.71902514379 0.26587674409
06 2.16063758188e+17 0.176514908747 0.991600338563 0.159031483058
07 3.14052159311e+17 0.13833855801 1.12958359433 0.216809586786
08 4.54859454794e+17 0.0954155218764 1.12841695875 0.13796009511
09 6.58554205097e+17 0.0544451426047 0.932232017845 0.152801626833
23 2.40034788828e+17 0.150801638702 0.941138627016 0.408514256267
