07 6.98262812155e+17 0.186171697539 3.37991609975 0.414143092876
08 6.27118334172e+17 0.17973594751 2.93060840782 0.275848216146
09 5.37256093458e+17 0.187205864639 2.61501477922 0.29883540292
10 4.62364799714e+17 0.198230562173 2.38302568859 0.173594401131
11 4.24121658889e+17 0.207585053052 2.28907424358 0.227990149922
12 4.05855980697e+17 0.212694773652 2.24440959469 0.143222939424
13 3.84360529146e+17 0.212336343019 2.12195643815 0.205636476284
14 3.50920713772e+17 0.206169532032 1.8810781428 0.129091665176
15 3.57383324043e+17 0.19455227162 1.80777317583 0.183167422868
16 3.88511278003e+17 0.178473643665 1.80281460814 0.13105873493
17 4.1895500583e+17 0.159554601464 1.73800117364 0.194606626941
18 4.57093575075e+17 0.140170284077 1.66584434297 0.160347333956
19 4.65240677416e+17 0.123901997222 1.49875047714 0.228079853101
20 4.35551093282e+17 0.116871703947 1.32349355913 0.286113793371
21 5.5436923448e+17 0.130131776104 1.87566738061 0.374078352052
