00 2.37955927186e+17 0.209765099663 1.29778606832 0.329809237385
01 1.91142496345e+17 0.212944391526 1.05827078705 0.376613092261
02 1.65232502134e+17 0.217075573545 0.93256644439 0.272680713389
03 1.38867095927e+17 0.221443990227 0.799533379663 0.314553400501
04 1.31267206806e+17 0.225292808592 0.768912500129 0.225272200619
05 1.65056068503e+17 0.227981244129 0.978371884055 0.291201016047
06 2.08817222618e+17 0.229051461007 1.24357713803 0.198643062162
07 2.72327336816e+17 0.228261915472 1.61621094797 0.255022764963
08 3.25100392726e+17 0.225592678957 1.90684698165 0.178638935453
09 3.89935043696e+17 0.221239391005 2.24299378157 0.273906274009
10 4.45704939991e+17 0.215597089807 2.49840988734 0.213548862927
11 5.02950054557e+17 0.209238716453 2.73615222025 0.270081967306
12 5.61265404538e+17 0.20287692603 2.96056279895 0.224434363428
13 6.716650773e+17 0.197317762769 3.44581770997 0.325078752796
14 7.34554199284e+17 0.193374585977 3.69314696827 0.295087307775
15 7.76912363561e+17 0.191716857723 3.87262712378 0.355050173117
16 8.65584603228e+17 0.192634310934 4.33527363354 0.371065005269
17 8.93723470015e+17 0.195763404662 4.54891708224 0.445210559721
18 8.28754019138e+17 0.199999200503 4.30950367228 0.487123841533
19 6.14278475726e+17 0.20387765349 3.25617900973 0.513414965116
20 5.46685722149e+17 0.206315393119 2.93253167162 0.521199752714
21 4.23728882125e+17 0.207210278922 2.28282547616 0.518409491531
22 4.008773424e+17 0.207396375714 2.16165320591 0.46897252672
23 2.68601305775e+17 0.208039510044 1.45287178532 0.418157008361
