00 2.86699374476e+17 0.14987034676 1.11716110138 0.391797071399
01 4.14563272966e+17 0.17105554873 1.84374705165 0.490120007522
09 1.00163400863e+18 0.205700488115 5.35695171666 0.589086152749
10 8.40374366227e+17 0.194231272453 4.24390154472 0.37018148929
11 7.12983951267e+17 0.196544544568 3.64346075563 0.328062461909
12 6.08419301467e+17 0.205368119501 3.24869812307 0.220363020516
13 5.24038787464e+17 0.215378205727 2.93452987816 0.276013635832
14 4.25420188096e+17 0.2234925576 2.47203439319 0.168856212311
15 3.80239769524e+17 0.227975852532 2.25382262622 0.222207964
16 3.65084106036e+17 0.227937074339 2.16362127846 0.156045426719
17 3.28766214219e+17 0.223128947332 1.90728874172 0.219465667557
18 2.97437447514e+17 0.21384707633 1.65375934209 0.148529943138
19 2.40726710114e+17 0.200884594996 1.25731547931 0.210814135726
20 2.24740366702e+17 0.185519858716 1.08403882804 0.166160793542
21 1.98754993094e+17 0.169560131755 0.876223993218 0.245512028479
22 2.27447034694e+17 0.155533935243 0.919769041499 0.228027087082
23 2.77605388816e+17 0.147212615951 1.06254240273 0.30113370429
