00 4.05058289106e+17 0.213967402908 2.25340102381 0.681549555822
01 4.14872581414e+17 0.224876789703 2.42567557035 0.653686942079
02 2.98406840946e+17 0.227691606482 1.76656305801 0.690538746834
03 2.81255079211e+17 0.222888728588 1.62990326237 0.622571504096
04 2.61778884523e+17 0.214311556042 1.45865824211 0.613282918863
05 3.87332109576e+17 0.207225052632 2.08688783661 0.508829208797
06 3.95936393257e+17 0.205041962126 2.11077294871 0.358642927141
07 4.49808345627e+17 0.207861169803 2.43093991164 0.345449786401
08 4.53333752162e+17 0.213846857153 2.52054395168 0.231195452103
09 4.5887837167e+17 0.220862611081 2.63507595872 0.308546577496
10 4.40386538398e+17 0.22716405385 2.60103977441 0.202786191806
11 4.34637508901e+17 0.231508921214 2.61618398093 0.25671544985
12 4.34992450642e+17 0.233114744208 2.63648200046 0.176919681415
13 4.4312426399e+17 0.231614217701 2.66848087346 0.252647163708
14 4.21764384971e+17 0.227013187198 2.48939800925 0.167948223837
15 4.18918990746e+17 0.21966986099 2.39262078805 0.234040659939
16 4.5517353607e+17 0.210260631467 2.48833195315 0.181746098505
17 4.66191550143e+17 0.199770970407 2.42141999756 0.26079786316
18 4.70117706171e+17 0.189486339666 2.31610296722 0.224867394922
19 3.96084900815e+17 0.181003256012 1.86400907432 0.299682605906
20 3.66233685626e+17 0.176238165402 1.67815317444 0.318039455428
21 3.54084638461e+17 0.177247825464 1.63177903713 0.40615042414
22 4.32963533933e+17 0.185401063276 2.08706938833 0.559684422767
23 4.46266269434e+17 0.199553009581 2.31539820564 0.546572587985
