00 1.58341437795e+17 0.0954250858141 0.392853377528 0.132300910688
01 2.18216662273e+17 0.0531207128924 0.301387441288 0.139006444617
15 7.54620193915e+17 0.14382643958 2.82189272887 0.337076183491
16 5.61353110294e+17 0.173739039248 2.5357527016 0.234676204373
17 4.02872905764e+17 0.202081131605 2.11673832994 0.2992988214
18 2.9508964033e+17 0.221932310498 1.70273806775 0.190473720879
19 2.18246785062e+17 0.229862601899 1.30433612063 0.262085312641
20 1.6841252568e+17 0.224495795673 0.983005502802 0.170355431923
21 1.47311566086e+17 0.205949144299 0.788805965499 0.254499393182
22 1.59925496762e+17 0.175660306717 0.730406607141 0.157933276527
23 1.76983268734e+17 0.136395535516 0.627632920625 0.213339569191
