00 1.63129434535e+17 0.114646362459 0.486257103267 0.170060333663
01 2.19500162552e+17 0.0749991544978 0.428020491693 0.211015124587
16 6.27589587999e+17 0.171531639604 2.79893824672 0.479356627619
17 4.83626157443e+17 0.187197927564 2.35387917411 0.419642899986
18 3.35940941752e+17 0.205601001382 1.79581464477 0.275261426248
19 2.48077243692e+17 0.217324254985 1.40174325627 0.327161391485
20 1.73273159447e+17 0.218260509533 0.983285889802 0.20923681317
21 1.57268799587e+17 0.207035447739 0.846565624783 0.305361658747
22 1.68138740163e+17 0.184035555501 0.804531167628 0.195417136069
23 1.8118876808e+17 0.151155860392 0.712081347446 0.263821156672
