00 1.95648388958e+17 0.0630447415206 0.320699654881 0.118031985423
01 2.53600479714e+17 0.0604379975768 0.398504734638 0.18431930998
13 9.42154855988e+17 0.169353543727 4.14848885363 0.418282337186
14 7.5934926904e+17 0.144685595406 2.85653942891 0.265724371923
15 5.92589327506e+17 0.16468961518 2.53742601597 0.275621488699
16 4.6123613729e+17 0.196270918375 2.3537082466 0.192094170491
17 3.52152753389e+17 0.219132642345 2.00637224733 0.265716293305
18 2.75335198543e+17 0.230047103021 1.6468416844 0.167225094152
19 2.11792979686e+17 0.22758409629 1.25321856094 0.23730032744
20 1.75245662816e+17 0.211712989567 0.964646362767 0.1542795019
21 1.57132240093e+17 0.183661863911 0.750339202497 0.22987212032
22 1.7669316048e+17 0.145898647326 0.670261620752 0.142347249867
23 2.10110656738e+17 0.102277876045 0.558731464346 0.181114662884
