00 3.28172840052e+17 0.0997094307209 0.850770103552 0.305419702034
11 9.74733572577e+17 0.177161428997 4.48981500784 0.385351404643
12 8.37234652076e+17 0.168719504587 3.67270320875 0.267727565214
13 6.28927848323e+17 0.17577804708 2.87434443224 0.274946291146
14 4.62348861745e+17 0.186245274524 2.23886755771 0.164093763129
15 3.96587940947e+17 0.199801464023 2.0602101316 0.210237079981
16 3.57445955473e+17 0.216137278428 2.00869229602 0.149768408427
17 3.08772579232e+17 0.219870719993 1.76514128206 0.214152584226
18 2.69545302719e+17 0.210735742153 1.47687356472 0.136238320884
19 2.21005045244e+17 0.189512201508 1.08896196938 0.190588741117
20 2.04131332839e+17 0.158005062427 0.838598383704 0.127879318325
21 1.91149744021e+17 0.131836649762 0.655214088219 0.186387216605
22 2.2530986111e+17 0.111995185973 0.656074114709 0.154680911681
23 2.94843241567e+17 0.0984293683159 0.754552084512 0.224581128289
