00 1.10290994456e+17 0.203550017842 0.583693081125 0.176247829539
01 1.27513890661e+17 0.177115082685 0.587200465482 0.270511535762
02 1.49556392178e+17 0.14147557955 0.55012300873 0.17069384183
03 1.75316103171e+17 0.100795615828 0.459448459177 0.23234172445
04 2.0955684874e+17 0.0617821280488 0.336618569621 0.175512302346
18 4.08343644958e+17 0.164413888954 1.74557153413 0.605387201475
19 3.15195829613e+17 0.174394273608 1.42917704149 0.452138955827
20 1.85602697162e+17 0.194709347873 0.939603083322 0.290605696747
21 1.66443943405e+17 0.212448560537 0.919380180847 0.352076127867
22 1.48903611079e+17 0.221059157068 0.855829175492 0.229453370666
23 1.33983319028e+17 0.217824131865 0.758804803939 0.293649254614
