09 8.99126912857e+17 0.165320174939 3.86473928169 0.433239786038
10 7.9916250596e+17 0.140518883204 2.91973299374 0.269719194684
11 6.51476081759e+17 0.170671750842 2.89090265113 0.298155810016
12 5.4928824513e+17 0.200587980938 2.86469612113 0.19190307995
13 4.52116837621e+17 0.221578388926 2.60466233265 0.268240340324
14 3.74116255498e+17 0.23047409295 2.24182672074 0.171056911296
15 3.72832124916e+17 0.225962630437 2.19039931909 0.237100743225
16 3.78093995711e+17 0.20815948783 2.04630016496 0.156286100047
17 3.89709454957e+17 0.178452616782 1.80816147256 0.218828722005
18 4.06186546528e+17 0.139517470701 1.47342310971 0.142133740439
19 4.26535861697e+17 0.0955154185646 1.05925953543 0.177218176468
20 4.84811799817e+17 0.0556524311664 0.701504838267 0.121744870923
21 4.31469520091e+17 0.0586230220626 0.657645227086 0.193224041321
