00 1.54182543296e+17 0.108008763413 0.432979711871 0.145534168982
01 2.11391143854e+17 0.0657126660623 0.361167966761 0.169203732619
02 2.63659664825e+17 0.0417123994258 0.285944808543 0.15842480728
15 7.97137459641e+17 0.146499106263 3.03627806055 0.427368881693
16 6.14282245688e+17 0.167181228562 2.67010797347 0.295122637629
17 4.39686458963e+17 0.193557690103 2.21272207952 0.335444437725
18 3.11910677164e+17 0.21504521123 1.74394733385 0.215666944042
19 2.28313730073e+17 0.226274233621 1.34319937173 0.284212596298
20 1.69206653122e+17 0.224912173129 0.989472537603 0.183834932268
21 1.48667529924e+17 0.210461835795 0.813509873043 0.272990023577
22 1.59454293787e+17 0.183872772693 0.762301881024 0.171200659574
23 1.72921080888e+17 0.147467973324 0.663008354932 0.232994027463
