10 8.77789405413e+17 0.152187759919 3.47330888554 0.317409308408
11 7.11140772972e+17 0.148306640165 2.74213936681 0.274348981793
12 5.8388531321e+17 0.182938435672 2.77719171108 0.191124048926
13 4.67561138563e+17 0.210342686135 2.55704971126 0.260221339286
14 3.76563495563e+17 0.226673661568 2.21928268515 0.166846604141
15 3.63394580649e+17 0.229976895886 2.17288129862 0.23174993355
16 3.57952533436e+17 0.219728003121 2.04495707998 0.154780158668
17 3.52778162943e+17 0.196661761723 1.80382735056 0.217147980632
18 3.4971124775e+17 0.162718409064 1.47951590451 0.139956145093
19 3.41571340894e+17 0.121093891318 1.07541727362 0.182325885641
20 3.69050886612e+17 0.0765108632329 0.7341464497 0.118305269582
21 3.87481005278e+17 0.064354316843 0.648337959993 0.180219766498
