00 2.68993101519e+17 0.151513891149 1.05966097909 0.37210962636
01 3.92975100384e+17 0.168561095017 1.72224814411 0.471662615519
09 9.99726455302e+17 0.206991162368 5.38029806685 0.595609199063
10 8.46494680859e+17 0.195681043729 4.3067170292 0.381188246265
11 7.208704232e+17 0.197555082758 3.70270201893 0.33225912685
12 6.15881504059e+17 0.205976586235 3.29828641302 0.225515594609
13 5.32850375408e+17 0.215807103407 2.98981529772 0.280514891513
14 4.32742432268e+17 0.223987593113 2.52015233188 0.171727907245
15 3.85368738774e+17 0.228758503102 2.29206577143 0.225572227012
16 3.69254111125e+17 0.229194068821 2.2004021561 0.158854574032
17 3.31042456333e+17 0.224998239033 1.93658321272 0.222500071885
18 2.98070029622e+17 0.216406135418 1.67710876305 0.151055955514
19 2.39256507671e+17 0.204141219567 1.2698949969 0.213161368637
20 2.22324729753e+17 0.189397310758 1.09480035418 0.167525039823
21 1.94743101197e+17 0.173862333776 0.880320741586 0.247018444094
22 2.22394714324e+17 0.159876743927 0.924449312607 0.224934064359
23 2.6667719566e+17 0.15084270829 1.04588407124 0.297296377
