00 1.54028001339e+17 0.197012488674 0.788981436603 0.197351070102
01 1.22274571196e+17 0.207743630027 0.660445845287 0.259272281748
02 1.04578321707e+17 0.215779614823 0.5867126194 0.158649228505
03 8.6998896664e+16 0.219269336389 0.495980948791 0.217146041018
04 8.52725568608e+16 0.217374120358 0.481937222996 0.14066752656
05 1.11582309352e+17 0.209995847245 0.60922736134 0.207789865563
06 1.64309887641e+17 0.197656621345 0.84440036836 0.129418099461
07 2.32112741182e+17 0.181464229111 1.09512415078 0.188374963037
08 3.18656512929e+17 0.163117900569 1.35144311619 0.135455782737
09 4.48541406666e+17 0.145065479069 1.69176472504 0.2200618527
10 6.42856982094e+17 0.131002469477 2.18961215655 0.233915044915
11 9.00203625044e+17 0.127271204549 2.97881999217 0.305331661113
12 1.34665437887e+18 0.144678160015 5.06561842047 0.433080524642
21 5.96656960247e+17 0.200557163216 3.11125951136 0.568269826407
22 3.79849798413e+17 0.185000921345 1.82708662966 0.341426532784
23 2.26516008789e+17 0.187690842146 1.10538949168 0.319096735643
