00 4.3451224761e+17 0.130140090107 1.47023403947 0.407488597108
10 9.49865391653e+17 0.183529719776 4.53254175802 0.391196493966
11 7.76742539452e+17 0.178457326282 3.6040003168 0.32262284056
12 6.42482990903e+17 0.186507104525 3.11551870083 0.211561779538
13 5.17360227009e+17 0.197519816606 2.65691132611 0.254150732242
14 4.05609754071e+17 0.206488717369 2.17759978463 0.153170443475
15 3.64130853509e+17 0.21096773648 1.99731641063 0.201737608322
16 3.45114768901e+17 0.209827432552 1.88277819325 0.137979066069
17 3.12902613212e+17 0.203810084163 1.65809040627 0.19573694521
18 2.85696900278e+17 0.190367491398 1.41407245735 0.12698986586
19 2.41826416871e+17 0.173579199163 1.0913769302 0.184866442402
20 2.32497936818e+17 0.154183928193 0.93203357508 0.141255931579
21 2.19119454517e+17 0.13473367738 0.767592017207 0.21393420643
22 2.54993612856e+17 0.119149356733 0.789940448513 0.211976577965
23 3.39688672813e+17 0.114308489829 1.00956177923 0.288889520574
