06 5.93549727416e+17 0.18655097187 2.87890924106 0.416268127701
07 5.54256141049e+17 0.175440231446 2.52820946732 0.323232775288
08 4.84931206364e+17 0.18137399056 2.28680160918 0.215763847686
09 4.37302481491e+17 0.192210635031 2.18540887937 0.260175314734
10 3.97970299788e+17 0.201785646635 2.08792205138 0.148343795543
11 3.82455570262e+17 0.207156168899 2.05992879844 0.209573899266
12 3.82321080603e+17 0.212551244302 2.11283335653 0.135160133929
13 3.79736452494e+17 0.208757397816 2.06109263565 0.200136045557
14 3.63570490736e+17 0.192971391998 1.82412629585 0.12407638482
15 3.88771277814e+17 0.172346046084 1.74208300661 0.176992492545
16 4.44855319213e+17 0.152836343034 1.76774156436 0.13143038153
17 5.20498536644e+17 0.132816194408 1.79739650563 0.196192953959
18 6.18616285265e+17 0.116075277988 1.86695748929 0.190824674231
19 6.7758830176e+17 0.109186669857 1.92357386527 0.267700232294
20 6.39649310709e+17 0.123950159666 2.06140048901 0.385289825912
