00 1.61565235083e+17 0.153107688149 0.643158870349 0.199630023899
01 1.32063489089e+17 0.187287545864 0.643080016012 0.271994992294
02 1.06680610362e+17 0.213297144038 0.591621407376 0.16674583268
03 8.84093050372e+16 0.227763679526 0.523547144109 0.249869690449
04 8.72663850569e+16 0.229025267331 0.519641386333 0.158203755291
05 1.17283704811e+17 0.216783004831 0.661052962612 0.235787555682
06 1.81677646993e+17 0.191963379456 0.906761832296 0.139550819264
07 2.58888956748e+17 0.156688105013 1.05468532108 0.191725228139
08 3.68902213484e+17 0.114337930116 1.09666740313 0.116968210615
09 5.49205064796e+17 0.0744559715044 1.06318151302 0.152032290545
10 8.05388300814e+17 0.0666109159242 1.39483896219 0.195496905811
22 3.57778207766e+17 0.174499379398 1.62323395565 0.408337869413
23 2.59376670277e+17 0.150499258208 1.0149359083 0.327127662875
