00 1.33705202827e+17 0.121453312823 0.422212435449 0.133513987557
01 1.88897385068e+17 0.104468612466 0.51308004063 0.203167484541
02 2.81659161115e+17 0.0984752761725 0.721148055611 0.281553637522
13 1.0673904808e+18 0.186279966926 5.16967004999 0.425777521379
14 8.21721054361e+17 0.169780983258 3.6273278229 0.287833356457
15 6.19227880954e+17 0.173726238381 2.79697939193 0.27564427325
16 4.90266267942e+17 0.184028041844 2.34579127305 0.180173091264
17 3.61628182475e+17 0.193421323032 1.81861163899 0.225613425128
18 2.77290244892e+17 0.211078788418 1.52178231223 0.146935588448
19 2.00976213854e+17 0.219217545843 1.14549532172 0.210236520795
20 1.63114030335e+17 0.214518309536 0.909764597273 0.142711398258
21 1.34919440578e+17 0.197403183033 0.692471702601 0.207788686819
22 1.446865017e+17 0.169322453677 0.636965510525 0.12852372743
23 1.52504518717e+17 0.140757871214 0.558121496532 0.179995069284
