00 1.22630092748e+17 0.185189978412 0.590456469943 0.187631902349
01 1.4669279959e+17 0.154523803401 0.58935576243 0.28119151654
02 1.81875576407e+17 0.117187750942 0.554153333512 0.189283657255
03 2.20919320472e+17 0.0788877818819 0.45312371434 0.237891954371
18 3.98364360012e+17 0.17652508003 1.82835381384 0.632446039642
19 2.99289910742e+17 0.185703988353 1.44506258256 0.474647680088
20 1.76075453607e+17 0.201712079267 0.923430192226 0.302257782873
21 1.65505784402e+17 0.213128761508 0.917125114152 0.367382360591
22 1.54654330791e+17 0.214802574725 0.863723859604 0.239352816096
23 1.44173543269e+17 0.204877788429 0.767986874067 0.304907439837
