00 2.65656580065e+17 0.187541311392 1.29536116854 0.329135274614
01 1.77414817447e+17 0.192513902765 0.888025291792 0.332430652736
02 1.40572317147e+17 0.202869270826 0.741462890424 0.202362537927
03 1.04723964853e+17 0.213071803274 0.580156824965 0.251037094515
04 9.88752072702e+16 0.220209796742 0.56610552169 0.158377644981
05 1.22135774895e+17 0.222758857376 0.707377467169 0.224501148712
06 1.63991267387e+17 0.220067985993 0.938319926291 0.139152931425
07 2.12245927784e+17 0.212154007107 1.17074942586 0.192482444814
08 2.6291975309e+17 0.199618632555 1.36457572117 0.127346418936
09 3.38064336463e+17 0.183612468678 1.61389351214 0.20830949354
10 4.32887492286e+17 0.16586090696 1.86677691413 0.161027073665
11 5.51260179156e+17 0.148816246843 2.1329482433 0.223638364887
12 7.27739421777e+17 0.13617604487 2.57661757999 0.22258605981
13 1.05878465063e+18 0.13421066677 3.69460504211 0.330540521129
14 1.52513886252e+18 0.153028438912 6.06813010064 0.513321963776
23 3.77901674297e+17 0.196062768352 1.92640365911 0.489893304048
