00 2.0628135274e+17 0.0793928596517 0.425808928658 0.159759303452
01 2.76198755958e+17 0.0796639889449 0.572080460673 0.23317993982
13 9.02064489163e+17 0.159526117507 3.74147398811 0.342117226012
14 6.41891251001e+17 0.157619371884 2.63053689082 0.211830002295
15 5.06833160086e+17 0.172582609484 2.27423532285 0.236970515503
16 4.16505458642e+17 0.202538322093 2.19331623514 0.16810562584
17 3.28954855415e+17 0.221669439048 1.89590019507 0.240601178547
18 2.66000454689e+17 0.228030235492 1.57705980441 0.153232558976
19 2.0669141225e+17 0.220963206966 1.18745112988 0.217679540028
20 1.76957345385e+17 0.200992454828 0.924744372468 0.143703161687
21 1.58156525913e+17 0.169785538208 0.698169962705 0.208375744064
22 1.79965358653e+17 0.130156078123 0.609013217287 0.13026904946
23 2.18364663909e+17 0.0930511686112 0.528296266163 0.165830107766
