00 1.16797376644e+17 0.155075734341 0.470923412757 0.143225173924
01 1.53499234587e+17 0.112710887798 0.449826910171 0.197747702242
02 2.21728244207e+17 0.0690682409754 0.39817387485 0.136805180576
03 2.82605073188e+17 0.0477514321578 0.350864721474 0.158565334499
16 7.01963252804e+17 0.143429030365 2.61772962624 0.367214134613
17 5.2001051519e+17 0.16207031329 2.19123494488 0.33956090867
18 3.50149064039e+17 0.191689280123 1.74511537256 0.226714701593
19 2.39820489513e+17 0.215253649998 1.34217812851 0.284660485247
20 1.67305950005e+17 0.2280514954 0.992013674286 0.185397178289
21 1.39193702051e+17 0.227949787212 0.824958543855 0.273894402149
22 1.39158305069e+17 0.214486988213 0.776038789218 0.169980370812
23 1.36403008515e+17 0.188581195661 0.668799103373 0.236739552911
