00 1.28987850336e+17 0.166537374316 0.558513745753 0.166296912668
01 1.7046630396e+17 0.151720344383 0.672443364908 0.247113144526
02 2.26151961236e+17 0.142705043722 0.839098663415 0.309146015147
03 2.87868065503e+17 0.146032387347 1.092989582 0.364325510761
04 3.42516536698e+17 0.170236960521 1.51603332753 0.524370693346
12 1.13811053764e+18 0.207096863034 6.1281771754 0.570380067573
13 9.92997969119e+17 0.192648091121 4.97377824417 0.443984015534
14 7.32542722854e+17 0.193891952011 3.69288760011 0.262296401854
15 5.67416683003e+17 0.202699348281 2.99038978806 0.285396777911
16 4.81473557918e+17 0.21302621819 2.66672877125 0.195306334248
17 3.70673427308e+17 0.221475604824 2.13447315914 0.249373501173
18 2.93334371474e+17 0.226174827308 1.7249661211 0.159166227697
19 2.09638450702e+17 0.226178176367 1.23280670438 0.216606949077
20 1.74709688776e+17 0.221212536555 1.00484730879 0.151719074076
21 1.3860360691e+17 0.211579900114 0.762469169943 0.220993886307
22 1.47321666841e+17 0.198099636913 0.758793586475 0.149138274071
23 1.46647153778e+17 0.182102643763 0.694325694487 0.219492177593
