00 1.33712759686e+17 0.154878210804 0.538439017527 0.17455687674
01 1.72114433914e+17 0.116506369183 0.521363122259 0.248868022654
02 2.36887938646e+17 0.0771220352621 0.475001278894 0.180778958341
17 5.41277242425e+17 0.172464087739 2.42712303155 0.566791653188
18 3.7475192546e+17 0.186169389473 1.81395076634 0.371576523095
19 2.71475068172e+17 0.204071321699 1.44040717522 0.371095877965
20 1.72553808608e+17 0.216006311811 0.969090506447 0.234069756974
21 1.55409359083e+17 0.217493710714 0.878814512853 0.327784587773
22 1.54974173608e+17 0.206976499805 0.833976312352 0.210198591401
23 1.52929012655e+17 0.184720187576 0.734475973489 0.280886167466
