10 8.46642908738e+17 0.150990069376 3.3237014597 0.295590398703
11 6.84764892978e+17 0.152119642895 2.70832096566 0.27061308242
12 5.66800415409e+17 0.186356590768 2.7463018196 0.186693765943
13 4.58762568041e+17 0.212692288465 2.53695677193 0.257534836787
14 3.7258025802e+17 0.227608490123 2.20486317941 0.164998311414
15 3.61488805029e+17 0.229362630646 2.15571260504 0.229550538576
16 3.58664778832e+17 0.217591535902 2.0291029226 0.153230040966
17 3.56316048747e+17 0.193176789293 1.78963174703 0.214857964088
18 3.56407817762e+17 0.158196236558 1.4659417617 0.138888025165
19 3.51426307872e+17 0.11599166466 1.05982558384 0.178419217395
20 3.82564359145e+17 0.0736320259273 0.732393709097 0.119045466595
21 3.93363307135e+17 0.0654433019401 0.669317835705 0.187189818575
