09 9.03112098073e+17 0.169736652778 3.98557183987 0.423815650645
10 8.06730088449e+17 0.145579244458 3.0535220757 0.272955936966
11 6.5471015102e+17 0.163615767155 2.78514349421 0.28323481959
12 5.49355911277e+17 0.19550868325 2.79250012208 0.187364503747
13 4.50707781235e+17 0.218673397373 2.56250284538 0.261281627485
14 3.70980788992e+17 0.229901626492 2.21751625645 0.166335328332
15 3.6580272409e+17 0.227756812464 2.16616562317 0.231841129171
16 3.68111890882e+17 0.212191633061 2.03086684516 0.153680209431
17 3.73804285894e+17 0.184410153993 1.79226595405 0.215415441123
18 3.8310710958e+17 0.146849091791 1.46273220861 0.139907421174
19 3.91342628624e+17 0.103313772113 1.05120816194 0.17572915484
20 4.35461098135e+17 0.0639917598748 0.724513972694 0.121634147545
21 4.1473157215e+17 0.0618676246627 0.667119888281 0.193582784678
