00 1.1443877004e+17 0.211441970479 0.629126134947 0.169289977408
01 1.30320506526e+17 0.200611348296 0.679738085646 0.252585356928
02 1.46943184748e+17 0.189708531665 0.724785771236 0.228845900484
03 1.65792088473e+17 0.180361386299 0.777464763773 0.290453937414
04 1.80578378604e+17 0.174579776596 0.819658657866 0.311742739307
05 2.74871409609e+17 0.174673195042 1.24832935089 0.381262940002
06 4.17596758146e+17 0.182538898197 1.98191895519 0.492513112558
07 5.8181462291e+17 0.197664018366 2.99009922402 0.514155999957
08 7.27641693727e+17 0.215200743771 4.07131487591 0.659885986452
09 9.68402280693e+17 0.228135512082 5.7441007054 0.638081637845
10 1.18262365464e+18 0.232161189132 7.13854216291 0.766017479103
11 1.39489032874e+18 0.2273599209 8.24569602496 0.63966113351
12 1.15739889702e+18 0.217455198725 6.54374258601 0.607691492361
13 1.14238979437e+18 0.208332688753 6.18792557409 0.566491651354
14 9.04880422856e+17 0.20444076143 4.80985550895 0.379852723877
15 7.32847840438e+17 0.206371280589 3.93220743001 0.36124474945
16 6.31132611324e+17 0.212176894453 3.48170569392 0.261626431733
17 4.85304302854e+17 0.219449934642 2.76899993611 0.307099864834
18 3.75642190328e+17 0.226220157637 2.20942372329 0.208624727098
19 2.48080499612e+17 0.231095405226 1.49058685325 0.259314773826
20 2.02484470177e+17 0.233190357278 1.22765307454 0.18650324452
21 1.49236628184e+17 0.232065468151 0.900449367604 0.258374611831
22 1.51307360027e+17 0.227679513356 0.895689238555 0.176178350975
23 1.34265444122e+17 0.220356197247 0.769241789897 0.24424016763
