00 1.14808912383e+17 0.23223103924 0.693217018955 0.174684324738
01 1.08412421529e+17 0.233191573769 0.657302443001 0.2517338848
02 1.04789291738e+17 0.230760845925 0.628712905742 0.179130109741
03 9.98326942377e+16 0.225040282465 0.584125820472 0.237480547728
04 1.00275307251e+17 0.216497349763 0.564442794928 0.172283621616
05 1.38496847142e+17 0.205946492272 0.74159643635 0.252655488603
06 2.08996097719e+17 0.194532892641 1.05707200144 0.188154851912
07 3.19746637388e+17 0.183746706034 1.52756217602 0.263598931537
08 4.65176724187e+17 0.175473215687 2.12227744705 0.229671143532
09 6.46206988985e+17 0.172044392355 2.89058350764 0.339140798718
10 8.6210741424e+17 0.175986098603 3.94469193062 0.485230828095
11 1.13834494408e+18 0.188638196212 5.58311875986 0.493091473774
12 1.39664755537e+18 0.207368506702 7.5301386666 0.63601798175
13 1.59435148579e+18 0.225024820326 9.3279850723 0.622467928662
15 1.59998912927e+18 0.234454367848 9.75323543652 0.662067471882
16 1.22232308688e+18 0.225831322811 7.17700982992 0.678196725488
17 1.06804860602e+18 0.214161616305 5.94711040967 0.607766515026
18 7.74130835003e+17 0.205817842526 4.14257839562 0.483442398586
19 4.40726916933e+17 0.204013269646 2.33776762295 0.419117097393
20 3.44633913872e+17 0.20784694357 1.86240874687 0.298205148444
21 2.17329377725e+17 0.214734583438 1.21337146826 0.332415610158
22 1.98291121762e+17 0.222231491075 1.14572982306 0.218295045157
23 1.45837707563e+17 0.228523181017 0.86650971796 0.271889796219
