00 1.5146523353e+17 0.117330536937 0.462058926613 0.152972369343
01 2.18992934031e+17 0.104689182267 0.596080970838 0.229679176762
02 3.21515478671e+17 0.108199748887 0.904485245438 0.344613541076
13 9.68396126011e+17 0.175328882957 4.41448308687 0.371959838501
14 7.00674820917e+17 0.173853843364 3.16719027469 0.23506006321
15 5.37919640599e+17 0.183099266615 2.56080998399 0.253852843137
16 4.42052345749e+17 0.193636754015 2.22553711473 0.166632714133
17 3.39642679364e+17 0.201066359198 1.77555864117 0.217935887958
18 2.69268066276e+17 0.214033806947 1.49844420217 0.142421462811
19 2.00289735286e+17 0.215451913123 1.1219729728 0.202888334624
20 1.67678152975e+17 0.20433398423 0.890820971712 0.137465837972
21 1.41259255731e+17 0.181639803089 0.667115888282 0.197477923002
22 1.54795693235e+17 0.155781141954 0.626970496403 0.128230436362
23 1.70132241559e+17 0.135201965128 0.598057548149 0.188917794054
