12 9.1918873418e+17 0.159486805024 3.81156033515 0.552880778186
13 7.36858979121e+17 0.173279363162 3.31974382071 0.429425112309
14 5.35259251121e+17 0.195491187763 2.72060013583 0.276737566017
15 4.79599840915e+17 0.214042376303 2.66902193023 0.313136744458
16 4.15335576957e+17 0.222936547604 2.40743047022 0.204860150004
17 3.64811523967e+17 0.219683419209 2.08371911675 0.283532785713
18 3.16444055019e+17 0.20379612224 1.67674185429 0.178041910334
19 2.78146122943e+17 0.176307143855 1.27501786127 0.255886959983
20 2.58650646831e+17 0.139702374869 0.939486850215 0.162825222055
21 2.86030059936e+17 0.0982642353201 0.730769653074 0.226379991244
22 3.86478707664e+17 0.0587795693606 0.590643352092 0.167754046782
