00 2.62482456588e+17 0.0524181402879 0.357729898046 0.147374927537
14 7.97287422373e+17 0.157192973977 3.25852750698 0.423925114897
15 6.47945867824e+17 0.177558240289 2.99125133042 0.372868275686
16 4.93112586706e+17 0.201295868332 2.58079968449 0.238165004812
17 3.80069148718e+17 0.218683773137 2.16098884286 0.310991318062
18 2.94163698449e+17 0.225186909365 1.72228716663 0.199728394359
19 2.3157818429e+17 0.219023221625 1.31874599952 0.272557712506
20 1.88236941345e+17 0.200154170189 0.97958662864 0.174138543689
21 1.79200145077e+17 0.169979961393 0.791971277287 0.260909667797
22 2.10074847912e+17 0.131354708377 0.717452330002 0.165583671538
23 2.66353116118e+17 0.0890125912196 0.616428307171 0.207009206823
