12 9.79161003256e+17 0.158917997253 4.04576394627 0.420048473187
13 7.76895682665e+17 0.142667881684 2.88178959471 0.31025540522
14 5.46981327246e+17 0.175659283598 2.49814105023 0.214104338636
15 4.61784827237e+17 0.204553372042 2.4559507328 0.267576362763
16 3.92678877691e+17 0.223831836299 2.285244891 0.179520435098
17 3.29296495373e+17 0.230689047966 1.97509247042 0.255178870831
18 2.78573096118e+17 0.224062876642 1.62286512106 0.159154665019
19 2.30884458943e+17 0.204275746764 1.22626647693 0.226532524279
20 2.08407397554e+17 0.172917796317 0.936971045954 0.147951367662
21 2.05493951244e+17 0.132870629673 0.709906878091 0.209334940196
22 2.51877587181e+17 0.0885640386128 0.579989705276 0.134654138049
23 3.25441074272e+17 0.0552922711382 0.467853779072 0.149603888736
