00 1.15603552021e+17 0.21824466624 0.655976324303 0.211765978026
01 1.20402936215e+17 0.212223611346 0.664360994446 0.309644058242
02 1.18703071362e+17 0.194188378436 0.599319680518 0.181706718892
03 1.24789492606e+17 0.165374204444 0.536561039629 0.278314250825
04 1.41610065473e+17 0.128591739504 0.473457000911 0.184745107663
05 1.89235407471e+17 0.0887560422641 0.436690431407 0.238443302093
06 2.73937941675e+17 0.0532453008347 0.379233610978 0.181771211727
20 2.08299771223e+17 0.171633119094 0.929529625484 0.649522836415
21 2.21997429649e+17 0.18089258999 1.04409994053 0.48436617761
22 1.73982743327e+17 0.198900093573 0.899734782124 0.316858880466
23 1.49787231733e+17 0.213292930826 0.830662499069 0.342483403244
