05 4.90722280091e+17 0.199312184924 2.54298017574 0.519250691914
06 4.6541114655e+17 0.185291596644 2.24215613545 0.333902526988
07 4.47189695598e+17 0.188689069128 2.19387499204 0.297478256818
08 4.1010546247e+17 0.198880143193 2.12060766061 0.197421907627
09 3.93022355465e+17 0.209418476737 2.13995971813 0.256877513269
10 3.72633823754e+17 0.217005806477 2.10245628955 0.151605621577
11 3.68369838828e+17 0.219940893848 2.10650938208 0.213538349302
12 3.77692833985e+17 0.217481655905 2.13567283692 0.136912543858
13 3.87516957669e+17 0.209601727289 2.11182981572 0.202995698938
14 3.81103117382e+17 0.196882358754 1.95084449765 0.130037464803
15 4.09371795661e+17 0.180481581165 1.92098579309 0.191865555714
16 4.74989174993e+17 0.162156214204 2.00258360653 0.150114982367
17 5.58083719032e+17 0.144424048512 2.09561846289 0.223030255395
18 6.57414497941e+17 0.131123750508 2.24126901982 0.232375302281
19 6.88485739834e+17 0.128889206478 2.30719789764 0.315482064146
20 7.05803447685e+17 0.148673953201 2.72829930751 0.466299780917
