08 8.54557538136e+17 0.180909593913 4.01953908719 0.399078629347
09 7.17286125937e+17 0.170669772619 3.18289556043 0.34109340181
10 5.7887245297e+17 0.177099616673 2.66547032762 0.202273094048
11 4.98414762004e+17 0.187730683723 2.43276134526 0.240317246089
12 4.51194984046e+17 0.196527282724 2.30547522903 0.146565459321
13 4.01372862533e+17 0.21242782832 2.21683190389 0.217207276874
14 3.48528981815e+17 0.218174151397 1.97704038596 0.139445699639
15 3.45403286374e+17 0.211163164077 1.89634772166 0.195095609036
16 3.60293114918e+17 0.192010519497 1.79868177233 0.13110932924
17 3.71562214833e+17 0.162343981511 1.56834312271 0.180800326708
18 3.88054377382e+17 0.13902931322 1.40272427307 0.132017517733
19 3.86590501966e+17 0.118893184045 1.19503736821 0.187911952344
20 4.02264924727e+17 0.103767737887 1.08529515303 0.194495416074
21 3.90647169873e+17 0.10199835502 1.03597958673 0.281719690369
