00 3.22363087571e+17 0.189670786362 1.58971436816 0.520419467174
01 3.82491020285e+17 0.202343323971 2.01225711528 0.573584173351
02 3.1256115876e+17 0.214498624054 1.74314240066 0.685257631939
03 3.07593023984e+17 0.221483070471 1.7712928326 0.608569927536
04 2.47408365462e+17 0.221493706615 1.42478429376 0.682782820844
05 4.16890981843e+17 0.216223522735 2.34368255396 0.614232502145
06 4.68701599872e+17 0.209741428843 2.55595972471 0.495775872033
07 5.62693489576e+17 0.20603665516 3.01432259628 0.435922656988
08 5.76611478855e+17 0.206751319309 3.09959478353 0.30375735989
09 5.76705337251e+17 0.211144146802 3.16596686614 0.362509169534
10 5.31742668974e+17 0.217456879015 3.00640863209 0.242297837181
11 5.06235887429e+17 0.22393813067 2.94750347603 0.282910974625
12 4.84108856163e+17 0.229199616012 2.88489666246 0.195552789766
13 4.73431785248e+17 0.232276911564 2.85914909575 0.269272059707
14 4.29464242659e+17 0.232605314418 2.59728729507 0.175336496694
15 4.08133453694e+17 0.229982544852 2.44045282832 0.238292559394
16 4.22322535669e+17 0.224553881608 2.46568828155 0.178904781086
17 4.07375060282e+17 0.216778819732 2.29606740366 0.25277598226
18 3.89326042066e+17 0.207414188872 2.09954537577 0.196303440224
19 3.14908644516e+17 0.197492588385 1.61699520607 0.262875248363
20 2.94101060325e+17 0.188316825688 1.43998863091 0.239939643713
21 2.53641697804e+17 0.181449380194 1.1966013503 0.33112098431
22 2.9349137558e+17 0.178645015074 1.36320005158 0.376250796773
23 3.19543677761e+17 0.181494574936 1.50788154319 0.411960702831
