00 2.18559990461e+17 0.145977491364 0.829525817122 0.444879344667
01 1.93791776459e+17 0.162910032492 0.820836239591 0.376604047451
02 1.41190012225e+17 0.190072497205 0.697744793305 0.239673265517
03 1.07181433787e+17 0.213015078916 0.593612800989 0.308994773217
04 1.04127841463e+17 0.226016787358 0.611900645254 0.200096416146
05 1.39508474805e+17 0.226516572903 0.821625521694 0.28045410271
06 2.01435779764e+17 0.213840107941 1.11995127108 0.169079361617
07 2.65416165403e+17 0.188763386464 1.3026222093 0.233836351403
08 3.50163877157e+17 0.153420715282 1.39678220498 0.149105091421
09 4.96064489511e+17 0.111463355719 1.43761832901 0.207710567609
10 7.11734315506e+17 0.0686532351849 1.27043444714 0.145819058538
11 8.99175626949e+17 0.042221846081 0.987086227941 0.143006684412
