00 1.20913861906e+17 0.169333478196 0.532343884765 0.166032729296
01 1.5250989732e+17 0.131474021649 0.52132832809 0.240043547199
02 2.07134484706e+17 0.0899576948797 0.48446686013 0.164463860427
03 2.65116768591e+17 0.052018571634 0.358565886076 0.169046298453
17 5.65252127545e+17 0.162386392949 2.38652060657 0.519760388957
18 3.89408319085e+17 0.179068608516 1.81300095192 0.34586786819
19 2.73303368646e+17 0.200841367209 1.42715617776 0.353717576156
20 1.73612174478e+17 0.217077131015 0.979868051367 0.224014886938
21 1.50703805846e+17 0.222851770644 0.873199859364 0.315755389318
22 1.46670654148e+17 0.216248758494 0.824651018544 0.202153026371
23 1.40418598382e+17 0.197188462654 0.719912116115 0.270528470051
