00 1.19137094867e+17 0.201332030391 0.623638943314 0.156905936021
01 1.03300483666e+17 0.208737032999 0.560628548164 0.226172749401
02 9.30642279093e+16 0.211080173843 0.510744348547 0.140789920072
03 8.30302308642e+16 0.208812711358 0.450781958418 0.199454444521
04 8.34381422497e+16 0.198461838896 0.430541465768 0.128709409432
05 1.13095885252e+17 0.184015895521 0.541097455715 0.19528274487
06 1.78747449775e+17 0.165936723563 0.771179920183 0.127747910271
07 2.71162075461e+17 0.146140972089 1.03032512184 0.187313085946
08 4.11220606628e+17 0.127622737244 1.36450858515 0.148211746275
09 6.18303102132e+17 0.115203695178 1.85200085475 0.240152260881
10 9.16736716246e+17 0.117700874824 2.80541855062 0.359200369503
20 6.70747355585e+17 0.196484245274 3.42657348623 0.522077431512
21 3.5642011416e+17 0.178572774014 1.654820141 0.390727627303
22 2.53194477144e+17 0.181166139203 1.19262691319 0.245889649039
23 1.67697747778e+17 0.191446554364 0.834734055654 0.267409201074
