00 1.03543507883e+17 0.213164026884 0.573865528551 0.155329004968
01 9.70665850746e+16 0.226253450931 0.571002895923 0.24072812746
02 9.09169440674e+16 0.226108193562 0.534483715669 0.148937984339
03 8.67290626434e+16 0.212658061055 0.479534491769 0.219071865701
04 9.06756149576e+16 0.186984447028 0.440828172766 0.135982553434
05 1.26155853274e+17 0.151303302702 0.496282728647 0.196494608404
06 2.20925441598e+17 0.109011990158 0.626171573691 0.116663408134
07 3.59301153384e+17 0.0855511640402 0.799204429737 0.166796950406
08 5.83651394253e+17 0.0775006908644 1.17606804324 0.193110005993
20 4.13118335858e+17 0.168265415606 1.80735174042 0.376431491955
21 2.68185860365e+17 0.15672725988 1.09283291087 0.317337974513
22 1.91854016324e+17 0.16221944833 0.809183769886 0.197522082458
23 1.4161239996e+17 0.190091974626 0.69990389924 0.24403593843
