00 2.61878669232e+17 0.208248056563 1.417928822 0.369742765451
01 2.11916391147e+17 0.21027612564 1.15858489994 0.40419961045
02 1.80620195361e+17 0.213517549774 1.00270512038 0.301309176901
03 1.51559648318e+17 0.217553950119 0.857282404426 0.334105441986
04 1.42420088341e+17 0.221716055274 0.820997324648 0.242801740608
05 1.78114671579e+17 0.22530768909 1.04339573121 0.30303803421
06 2.19444706649e+17 0.227738793074 1.29937788861 0.207868986348
07 2.81471549843e+17 0.228594660297 1.67291522631 0.261245118666
08 3.29355537872e+17 0.227664373586 1.94954557763 0.182320536309
09 3.87225434838e+17 0.224949854209 2.26476393293 0.275459526459
10 4.33126409593e+17 0.220654189489 2.48485007823 0.208946538378
11 4.79828335969e+17 0.215173590145 2.6844060283 0.265001374568
12 5.28449447663e+17 0.209065427645 2.87249325387 0.211206661946
13 6.19289245304e+17 0.203017723187 3.26889400698 0.308698005577
14 6.64833273029e+17 0.197794313276 3.41900625772 0.260778127431
15 6.95529554176e+17 0.194145919413 3.51088984414 0.327851536276
16 7.80862731259e+17 0.192665706681 3.91158221841 0.325357946497
17 8.12383696972e+17 0.193563834384 4.0884506878 0.403956531965
18 7.71372475464e+17 0.196442816324 3.93979511939 0.437119803272
19 5.74206010556e+17 0.200268832019 2.98988474388 0.484087252808
20 5.24683066782e+17 0.203744229239 2.77942982294 0.509415283632
21 4.31881903521e+17 0.205971675233 2.31284141845 0.51713289824
22 4.18193314079e+17 0.206928198705 2.24993571902 0.505536858211
23 2.87523990216e+17 0.207383417512 1.5503204004 0.444064121029
