00 1.381603572e+17 0.141342065226 0.507724625692 0.165386355148
01 1.82684766196e+17 0.100733071432 0.478462337672 0.226067867642
02 2.57112288921e+17 0.06182290013 0.413281111364 0.168147434076
16 6.13958822783e+17 0.164982952588 2.6336112231 0.601632462155
17 5.24639337187e+17 0.17454588469 2.38091456856 0.458817458457
18 3.56819830417e+17 0.194641968246 1.80575496664 0.301022402525
19 2.56127754904e+17 0.212280434323 1.41364368738 0.336546376712
20 1.7128176119e+17 0.220845452004 0.983496747223 0.215317188951
21 1.51840418749e+17 0.217599385328 0.859049926484 0.309539947095
22 1.553174739e+17 0.201942992448 0.815497161929 0.195693380316
23 1.57488941098e+17 0.174847255643 0.715949237772 0.267013008087
