00 1.69766519707e+17 0.14142300795 0.62423118852 0.207065204352
01 2.49548783491e+17 0.135252280264 0.877553092111 0.301084786047
02 3.41715782444e+17 0.145906638292 1.29632362776 0.479150265531
11 1.17473382894e+18 0.202277649558 6.17818234213 0.530900344361
12 9.12219219257e+17 0.188945821383 4.48136025127 0.365451007355
13 7.49422132103e+17 0.191858653375 3.73836114794 0.338600152527
14 5.57115164841e+17 0.201603934889 2.92023184487 0.201625921469
15 4.54384027349e+17 0.212070652628 2.50539944781 0.244581415851
16 4.02588435484e+17 0.220001066972 2.30281701928 0.167627285053
17 3.30343800128e+17 0.22366244829 1.92102308096 0.225764454036
18 2.759274153e+17 0.222242106749 1.59438994223 0.144906616677
19 2.0938579806e+17 0.2156181571 1.17383187742 0.203712716683
20 1.8353010321e+17 0.204253568114 0.974653639361 0.145153918983
21 1.53395236493e+17 0.189156973472 0.754410245681 0.216286904345
22 1.70074585939e+17 0.171886766285 0.760072835714 0.159963728346
23 1.88002213492e+17 0.154653024946 0.755952886343 0.231353931854
