00 2.33267037768e+17 0.209713088279 1.27189792298 0.316501862542
01 1.81531391911e+17 0.213804153736 1.00911630623 0.364361327463
02 1.5633786468e+17 0.218931561883 0.889909615289 0.255957202117
03 1.29736766285e+17 0.224016339301 0.75564204185 0.300572330232
04 1.22879504703e+17 0.2281088074 0.728777329068 0.209788076552
05 1.53847396901e+17 0.230499231619 0.922004376077 0.279316444627
06 1.98161535871e+17 0.230750448597 1.18887244572 0.188088380184
07 2.59750803557e+17 0.228699606343 1.54452756954 0.245800566214
08 3.13580277745e+17 0.224454856301 1.83000002068 0.171620296725
09 3.81620279098e+17 0.218372579297 2.16672052112 0.266407830712
10 4.44880712326e+17 0.211041321145 2.44109354532 0.209588141589
11 5.11559535345e+17 0.203255485661 2.70340932683 0.268149643526
12 5.82985879322e+17 0.195978681887 2.97057290889 0.229904130265
13 7.15894212071e+17 0.190290212836 3.54191921155 0.33335676549
14 8.06451566043e+17 0.187265661954 3.92653784508 0.330049003994
15 8.76865428278e+17 0.187719693826 4.27972765279 0.383374694959
16 9.85177980902e+17 0.191731206007 4.91112342267 0.435925368702
17 1.02498893625e+18 0.198153100091 5.28072311721 0.496849612409
18 9.47072110417e+17 0.204712440806 5.04081352691 0.570890957142
19 7.23090400086e+17 0.20908985914 3.93096261739 0.56892352462
20 6.32729963099e+17 0.210289100459 3.45946158411 0.57877575055
21 4.76435966979e+17 0.209144170432 2.59073893202 0.552635046659
22 4.21155611577e+17 0.207649443896 2.27377094198 0.478924263401
23 2.68402988992e+17 0.207655032765 1.44911601831 0.417385683873
