00 1.10607619714e+17 0.229734537442 0.660670149167 0.165687836482
01 1.02890092497e+17 0.231815226204 0.620138741727 0.241291999048
02 9.84760528407e+16 0.229732727467 0.588202477442 0.165339727082
03 9.28067968592e+16 0.223513631503 0.539333189049 0.22404123143
04 9.37098902319e+16 0.213638479067 0.520520998989 0.157841849077
05 1.29127095555e+17 0.201017381821 0.674876557438 0.235658127664
06 1.99845475395e+17 0.186986197712 0.971576984927 0.171913023588
07 3.08071665557e+17 0.173360878056 1.38859693557 0.244626841477
08 4.62801868363e+17 0.162613464015 1.95670318914 0.215326972276
09 6.62650170064e+17 0.158264164405 2.72671816191 0.321818832685
10 9.20128392208e+17 0.16513505016 3.95058165323 0.503022880308
11 1.23803765468e+18 0.187092579878 6.02231912882 0.538844465096
18 9.07539125649e+17 0.210551715065 4.96818190424 0.587863255277
19 5.13369328555e+17 0.199734350861 2.66597472937 0.466689721198
20 3.77482626895e+17 0.200135929454 1.96424374604 0.32170315516
21 2.29875270836e+17 0.207119879978 1.23790520114 0.335201592763
22 2.00550316883e+17 0.216213858308 1.12740570275 0.213200301072
23 1.43159198291e+17 0.224446569537 0.835421364808 0.264989802983
