00 2.25700530144e+17 0.0588951612654 0.345609397134 0.132568387859
14 7.9811226896e+17 0.144553613256 2.99962031882 0.343174232668
15 6.38288537952e+17 0.170540497179 2.83020515975 0.332029249668
16 4.85996718571e+17 0.198200956618 2.50445037789 0.220587306353
17 3.70138943207e+17 0.218900967437 2.10661809161 0.293704490603
18 2.85900101527e+17 0.228387197385 1.69769399592 0.187176833289
19 2.21799795078e+17 0.224865167549 1.29675125015 0.258976000084
20 1.8065122773e+17 0.208178111823 0.977798418671 0.166506726876
21 1.66790801117e+17 0.179543656693 0.778601988717 0.249264011068
22 1.91268181572e+17 0.141531873897 0.70383414802 0.156471179486
23 2.3420474573e+17 0.0983234613146 0.598723352669 0.198808313333
