00 9.52760877353e+16 0.221774430998 0.549374803775 0.141851016623
01 1.02704702785e+17 0.211346852757 0.56436420812 0.220206210494
02 1.11015234636e+17 0.197882004855 0.57116584718 0.167912355128
03 1.20187918306e+17 0.182794078356 0.571210633663 0.228911055168
04 1.33995770886e+17 0.16803518486 0.585416107415 0.197939827909
05 1.9435890026e+17 0.1563314054 0.78999440077 0.279137570255
06 3.32122430666e+17 0.151761313556 1.31048674482 0.31660444345
07 5.20489420678e+17 0.160351217872 2.16998892488 0.396621037704
08 6.91092719646e+17 0.187161976358 3.36300326065 0.578245248685
15 1.28090771251e+18 0.214826171201 7.15448498808 0.603067656015
16 9.41792351121e+17 0.19871597034 4.86587870371 0.456487834625
17 6.83332479042e+17 0.196633272546 3.49351344137 0.384211709259
18 4.78702951434e+17 0.203232307062 2.52948553565 0.251166410902
19 2.83951869324e+17 0.212820153732 1.57119769253 0.282378107496
20 2.15612170165e+17 0.221774089863 1.24324701285 0.190412122016
21 1.48790958786e+17 0.22796109048 0.881882279676 0.256844821534
22 1.40432553152e+17 0.230185456691 0.840463815925 0.164247767406
23 1.17173904728e+17 0.227925101896 0.694378728542 0.225477385219
