00 1.977477622e+17 0.202660301084 1.04196614668 0.29096540323
01 2.10562228959e+17 0.20213517605 1.10661286372 0.374025516211
02 2.03582440083e+17 0.202411666472 1.071393985 0.374835549668
03 2.05989823847e+17 0.203282987092 1.08872989425 0.391602209192
04 1.92224154543e+17 0.204496241923 1.02203704748 0.379544963738
05 2.78119268841e+17 0.205849004352 1.48851493913 0.404935751432
06 3.34618038632e+17 0.207263058675 1.80320291254 0.341393457635
07 4.45322463423e+17 0.208783511217 2.41737567597 0.370722926033
08 5.14496848877e+17 0.210509191097 2.81596420246 0.285276411178
09 5.78170609427e+17 0.212499922951 3.19439145885 0.370284347234
10 5.88903753259e+17 0.214717279407 3.28764310504 0.295830795304
11 5.98604009646e+17 0.217010976759 3.37749466146 0.318976369351
12 5.85128887295e+17 0.219155801114 3.33409414131 0.247044881059
13 6.0672316528e+17 0.220897041966 3.48460716507 0.32673079084
14 5.63243993631e+17 0.222002112311 3.25107526466 0.228172241464
15 5.23276351875e+17 0.222300770959 3.0244431476 0.288230072901
16 5.29501179057e+17 0.221704789562 3.05221663437 0.228694373259
17 4.86316756749e+17 0.220226245057 2.78459254442 0.300779159946
18 4.34085310175e+17 0.217973530988 2.46009680303 0.236217320973
19 3.15475884951e+17 0.215146952163 1.76471555333 0.297696606532
20 2.822518941e+17 0.212016450477 1.55589316292 0.249529243147
21 2.18996615548e+17 0.208896206162 1.18943661591 0.330407251159
22 2.40302693546e+17 0.206110805751 1.28775352656 0.289819357072
23 2.13828146891e+17 0.203946747304 1.13384843105 0.3397239563
