00 2.50454688572e+17 0.174600881831 1.13696984657 0.377232371889
01 3.33687164839e+17 0.182814589461 1.58607493326 0.469475322319
02 3.24852625439e+17 0.198287324723 1.67476810872 0.647456927756
03 3.33123785869e+17 0.215983998235 1.87068458666 0.596801321057
04 2.4024558283e+17 0.228816383337 1.42927525977 0.707478806491
05 3.68956844187e+17 0.232582450801 2.23113506358 0.653035556149
06 5.25784193042e+17 0.227489760722 3.10987352692 0.65594681673
07 6.76100235943e+17 0.217369359342 3.82105035359 0.594201082941
08 7.46502516862e+17 0.208185894603 4.0406936517 0.468542204473
09 7.64538994151e+17 0.204362916063 4.0623288755 0.457615496426
10 6.76856501573e+17 0.20640063115 3.63229383718 0.315676588361
11 6.185245181e+17 0.212289657983 3.41396531844 0.317219891827
12 5.58892416052e+17 0.219599651856 3.19104707974 0.219549435566
13 5.20961560049e+17 0.226362826283 3.06608460906 0.286685402188
14 4.4809853864e+17 0.231191922935 2.69351583312 0.181557961776
15 4.07755063055e+17 0.233210338715 2.47241010556 0.241167313158
16 4.02891217749e+17 0.231989436055 2.43012916632 0.176121044156
17 3.68812294484e+17 0.227497661945 2.18150230199 0.244554176757
18 3.36372235973e+17 0.220070784684 1.92466824983 0.176748039412
19 2.64525938458e+17 0.210384642278 1.44695706833 0.239321849837
20 2.45675423497e+17 0.199441910407 1.27394737086 0.197620587939
21 2.06940630625e+17 0.188565282092 1.01456727814 0.283656189295
22 2.33821761639e+17 0.179424703922 1.09078840917 0.269606007041
23 2.56610838047e+17 0.174084529624 1.16147140299 0.332216671085
