00 1.38989843535e+17 0.170211326662 0.615098787176 0.178863278107
01 1.17362313197e+17 0.200980306277 0.613275354942 0.257384167353
02 9.91365362672e+16 0.221313181648 0.57044577873 0.1597700506
03 8.53389529751e+16 0.229005852867 0.50812111243 0.238592418343
04 8.51794569904e+16 0.223227047781 0.494373326604 0.149834429891
05 1.15797043171e+17 0.20436352139 0.615281979233 0.224609964978
06 1.84844900258e+17 0.17397244311 0.836105891255 0.133335373645
07 2.73219434069e+17 0.134775851915 0.957407931642 0.177530941486
08 4.05761087617e+17 0.0908001176368 0.957922016689 0.107274380397
09 6.13670357249e+17 0.0752535292721 1.20070236501 0.173003787844
10 8.72454420299e+17 0.0756557498975 1.7161610289 0.25093569739
22 2.97206109201e+17 0.158824171751 1.22729136746 0.340392241014
23 2.14150230557e+17 0.154060760623 0.857795832585 0.285969697055
