10 9.72076266213e+17 0.169663508227 4.28807260934 0.676808627509
11 8.65727833084e+17 0.175653455909 3.95377022971 0.479095857659
12 7.0177188453e+17 0.193888396767 3.53770106527 0.305933739115
13 5.48078109305e+17 0.210745246046 3.00312625594 0.347630156659
14 4.35675390259e+17 0.219057603794 2.48138818258 0.225935408055
15 4.39677360512e+17 0.215859796345 2.46762530294 0.291632707115
16 4.3231746845e+17 0.200448167908 2.25308835714 0.188061518783
17 4.43050512277e+17 0.17373765811 2.00133851912 0.263855449148
18 4.47130391486e+17 0.138162328192 1.60619097322 0.175221779024
19 4.65147376389e+17 0.0980502542401 1.18580328137 0.235084504185
20 5.11346062045e+17 0.0603327566365 0.802123855477 0.16933600726
