00 1.78761825146e+17 0.209991229536 0.97599880187 0.263606233575
01 1.82423968658e+17 0.209103068906 0.991780703901 0.345101474815
02 1.7680210023e+17 0.20848578604 0.958378845839 0.312797926593
03 1.7455648378e+17 0.208166216796 0.944755833986 0.34986763423
04 1.67111497431e+17 0.208139900346 0.90434683097 0.311343198604
05 2.35095357015e+17 0.208382582585 1.27373421886 0.361879629031
06 2.95600854415e+17 0.208853646923 1.60517022843 0.295984020073
07 4.03861853995e+17 0.20951187242 2.19996018396 0.343713053356
08 4.83836359395e+17 0.210322064103 2.6457980067 0.266071582606
09 5.63184274492e+17 0.211249153796 3.09327723686 0.360928071784
10 5.97827290629e+17 0.212258734447 3.29924566729 0.306038200579
11 6.28218084126e+17 0.213307849538 3.48410006271 0.329497271263
12 6.23589864834e+17 0.214339987001 3.47516633159 0.267381733595
13 6.66556436187e+17 0.215284975098 3.73098922991 0.350265825751
14 6.31270666286e+17 0.216067881723 3.54633020711 0.256664190809
15 5.87449147151e+17 0.216615843141 3.30852060012 0.311921915925
16 5.92455582691e+17 0.21686885135 3.34061420404 0.255621477234
17 5.3897773731e+17 0.216791724281 3.03799373853 0.325076557956
18 4.71254459098e+17 0.216373764031 2.65114462941 0.258267084696
19 3.30808205276e+17 0.215641768122 1.85473772367 0.316623393925
20 2.91176678728e+17 0.214649585935 1.6250247916 0.262221603635
21 2.19480330994e+17 0.213478806091 1.21821437455 0.336763416182
22 2.34647123719e+17 0.21223154987 1.29478759123 0.281053820756
23 1.99706820655e+17 0.211012347413 1.09565573054 0.330484226479
