00 1.15143462136e+17 0.230184472825 0.689110165407 0.17235047081
01 1.06319158701e+17 0.232752376078 0.64339695707 0.248376412359
02 1.01241099134e+17 0.23153535634 0.609463243071 0.171893202777
03 9.47426378389e+16 0.226478302452 0.557885946478 0.230299094987
04 9.51256614674e+16 0.217951200145 0.539051554117 0.163037685816
05 1.30382310734e+17 0.206722299972 0.700776209917 0.241287830844
06 1.98227971069e+17 0.193949087242 0.999599485422 0.17435610881
07 3.01304917663e+17 0.181191501385 1.41944115056 0.246633104979
08 4.41417178286e+17 0.170513019473 1.95695177384 0.209845038392
09 6.23101420759e+17 0.16468576013 2.66801420901 0.316383749871
10 8.56061048872e+17 0.167321616174 3.72417547425 0.460101695707
11 1.15010916152e+18 0.181759339001 5.43512010541 0.484660119039
12 1.50346225036e+18 0.20662390323 8.07693220174 0.644060669935
17 1.21766826295e+18 0.227488306342 7.20213756146 0.672829704614
18 8.98327969697e+17 0.210864262502 4.92505688519 0.58341912611
19 5.1622082046e+17 0.202001308085 2.71120930584 0.473797662645
20 3.85091602698e+17 0.202332015976 2.02582536805 0.332748414685
21 2.35916666244e+17 0.208545049393 1.27918057317 0.344784676302
22 2.08856135338e+17 0.216939795036 1.178039387 0.221486013019
23 1.48389244325e+17 0.224828072351 0.86741376174 0.27265360008
