00 1.93762809376e+17 0.143079050375 0.720808367852 0.270316711437
01 1.59658501113e+17 0.167946924503 0.697168010049 0.299117688745
02 1.21388861441e+17 0.198764307657 0.627322098042 0.186638987555
03 9.53155585739e+16 0.22061953741 0.546740335454 0.267745534105
04 9.28739787998e+16 0.230389292983 0.556326428118 0.171828499971
05 1.23145658715e+17 0.226743937694 0.725985820742 0.251342892605
06 1.83044475335e+17 0.209748054758 0.998223788528 0.148784661261
07 2.48956113804e+17 0.18072953081 1.16983676264 0.208463151721
08 3.37754986172e+17 0.142271302652 1.24937388836 0.130062793146
09 4.87171173227e+17 0.0983846720897 1.24618457937 0.176472531402
10 7.15426813851e+17 0.0598417633211 1.11312245377 0.130823251181
11 9.46820108525e+17 0.0605791174676 1.49129569095 0.197782232696
23 2.8478925423e+17 0.163779221943 1.21270662436 0.413109476017
