00 1.20909842661e+17 0.204222896883 0.642006516578 0.160576882044
01 1.04163409845e+17 0.211871876409 0.573801724522 0.230111202603
02 9.38385795382e+16 0.214639700564 0.523678599948 0.144040391525
03 8.33809263585e+16 0.211747499783 0.459048269837 0.201925880714
04 8.36139259939e+16 0.203181237143 0.441708304072 0.131656068344
05 1.12881520303e+17 0.189579118345 0.55639945651 0.199329343571
06 1.76786056561e+17 0.172190507132 0.79146289906 0.130224102218
07 2.66684243045e+17 0.152915519228 1.06028414688 0.190980208943
08 3.99642866706e+17 0.134523019995 1.39779029907 0.149897434675
09 5.96594603589e+17 0.121370961101 1.88264077106 0.242733130853
10 8.90437436031e+17 0.121273690921 2.80765249445 0.357093153879
20 6.80890320375e+17 0.19781046166 3.50186794395 0.52887857288
21 3.60281303817e+17 0.18114660868 1.69685714529 0.399286692568
22 2.57994342444e+17 0.183982960605 1.23413063649 0.249418503639
23 1.69492348473e+17 0.19426281619 0.85607758436 0.271707871322
