08 8.2784969061e+17 0.199184517682 4.28726587478 0.460849490014
09 7.46913889839e+17 0.192373637572 3.73585009048 0.409203178589
10 6.17113678694e+17 0.197682945842 3.17181409802 0.24862031548
11 5.39658298356e+17 0.207583043356 2.91262171058 0.278065972583
12 4.87358626187e+17 0.217375656431 2.75443743341 0.179648802716
13 4.39646882005e+17 0.224437219013 2.56550121217 0.244337173219
14 3.77865961165e+17 0.227330687801 2.23341375005 0.152265109116
15 3.56930684912e+17 0.22540466339 2.09179986304 0.207631584635
16 3.6123621687e+17 0.218623906624 2.0533466966 0.147004417752
17 3.4814159764e+17 0.207491498005 1.87814696191 0.213298304806
18 3.35941493153e+17 0.193013649808 1.6858736366 0.153993343816
19 2.91268678935e+17 0.176707715906 1.33820499721 0.217635513796
20 2.83977469895e+17 0.160698188022 1.18650128613 0.192266178708
21 2.6511290957e+17 0.148041085951 1.02043767884 0.28202381764
22 2.95987501989e+17 0.143564404149 1.10482500332 0.361550812766
23 4.3693876624e+17 0.154922476723 1.7599825319 0.422660976165
