00 1.09808280996e+17 0.208570117465 0.595470877717 0.160075336733
01 1.2647253246e+17 0.196149552775 0.64499579769 0.242599417058
02 1.45504096642e+17 0.183572650028 0.694474887873 0.217977491552
03 1.66918647616e+17 0.172789852442 0.749888060777 0.28135426251
04 1.864137159e+17 0.166385424477 0.806429656458 0.311867068476
05 2.8188069452e+17 0.167700790408 1.22906199706 0.382625694463
06 4.43633174839e+17 0.179983690879 2.0760151413 0.53759618628
07 5.74462468643e+17 0.20269123036 3.02740111869 0.54344379629
12 1.2965464829e+18 0.2274561478 7.66759417952 0.635784024407
13 1.25721197016e+18 0.211581621125 6.91607661533 0.613038365643
14 9.6687502476e+17 0.20269079949 5.09539346615 0.411324881365
15 7.66412687939e+17 0.202606051739 4.03727606636 0.370353661023
16 6.44123426162e+17 0.208426306024 3.49055892481 0.264842894039
17 4.83245652093e+17 0.216604512472 2.72150291077 0.303776653851
18 3.67215217815e+17 0.224469641821 2.14314537877 0.202244970982
19 2.41262378962e+17 0.230254879834 1.44434784198 0.253407767421
20 1.94553579529e+17 0.232879482339 1.17799595908 0.179371424915
21 1.43687618238e+17 0.231808633389 0.866008790883 0.250010020329
22 1.44848466214e+17 0.226971251956 0.854787380729 0.167278275055
23 1.29124983481e+17 0.218718386362 0.734292208674 0.234726592192
