00 2.40439181445e+17 0.162104935764 1.01338582964 0.350377216755
01 3.46689612095e+17 0.171779062358 1.54840442887 0.449325428353
02 3.63452919617e+17 0.19482559562 1.84105822015 0.644880067242
08 8.55506813394e+17 0.220985824093 4.91542683254 0.604494799131
09 9.19027201354e+17 0.205367086724 4.90718641301 0.552720809078
10 7.91804369978e+17 0.200107143406 4.11958847592 0.371472005571
11 6.94118671115e+17 0.203600498339 3.67439559097 0.332809225888
12 6.04262551187e+17 0.211490971164 3.32269791851 0.229324154628
13 5.3932616861e+17 0.220214840667 3.08795828349 0.288437583092
14 4.46581417626e+17 0.227423007568 2.64063511713 0.17858460589
15 3.98509344784e+17 0.231665414969 2.40034165094 0.234989467
16 3.84560116849e+17 0.232146902331 2.32113543705 0.167931456429
17 3.45006468661e+17 0.228600026693 2.05058068658 0.233284627762
18 3.09941961905e+17 0.221223191297 1.78272509817 0.162092188869
19 2.4457800744e+17 0.210638617742 1.33945690885 0.224133519713
20 2.25951881918e+17 0.197872554349 1.16245157691 0.178208684476
21 1.93215476032e+17 0.184363581251 0.926169324976 0.259966006857
22 2.19039767831e+17 0.172035032128 0.979745350899 0.234594846908
23 2.49247863432e+17 0.163494043551 1.05951406701 0.30481370298
