00 1.59670682462e+17 0.216208911611 0.897577836256 0.238357294395
01 1.60578570591e+17 0.214910277591 0.8972596147 0.319276165316
02 1.57118115773e+17 0.213402538014 0.871764521522 0.273221118496
03 1.54668757598e+17 0.211819204284 0.851807142208 0.320709470407
04 1.50862889863e+17 0.210301416286 0.824893664482 0.272931141517
05 2.10910070421e+17 0.208981131833 1.14598185602 0.337010097609
06 2.76135303191e+17 0.207962228328 1.49306853726 0.274308892329
07 3.88875376164e+17 0.207309899285 2.09606059174 0.333237175314
08 4.82405998269e+17 0.207041345014 2.59682765483 0.264775697138
09 5.80809004765e+17 0.207134738942 3.12794876101 0.36508101109
10 6.37585067368e+17 0.207536485323 3.44037626338 0.334480796053
11 6.90421109752e+17 0.208187397233 3.73716131969 0.352301698108
12 6.88905070721e+17 0.20903380274 3.74411561315 0.304549115543
13 7.51279913458e+17 0.210036765489 4.10270647799 0.385020270388
14 7.13450021885e+17 0.211168543515 3.9171132518 0.297335420341
15 6.61561420885e+17 0.212397749514 3.653368081 0.33976353608
16 6.53420628689e+17 0.213677329715 3.63015055309 0.283769370736
17 5.81788831667e+17 0.214937680541 3.25125689312 0.345854874566
18 4.94249598519e+17 0.216088721969 2.77684586602 0.272391560215
19 3.35037266414e+17 0.217029725254 1.89053919287 0.32550981718
20 2.89799297438e+17 0.217664080622 1.64005133868 0.263029417842
21 2.12520659921e+17 0.217917049235 1.2041087529 0.332714635863
22 2.21297829658e+17 0.217741223955 1.2528271675 0.262444191642
23 1.83419364254e+17 0.217134294681 1.03549249149 0.314925895345
