00 1.01758497193e+17 0.183487820664 0.485457566982 0.139971695591
01 1.26356166553e+17 0.145677387373 0.478588141771 0.207003144456
02 1.65890672196e+17 0.102068554582 0.440237749374 0.13667826222
03 2.08337701609e+17 0.0584743713869 0.316742819583 0.144223561774
04 2.68911244987e+17 0.0576602934518 0.403143033759 0.207057193876
16 7.16772470452e+17 0.168368206467 3.13772407767 0.441517623394
17 5.88649726995e+17 0.141849776249 2.17099563365 0.328426324452
18 3.91905604618e+17 0.167842670806 1.71024056796 0.224957582027
19 2.57102489467e+17 0.198416339899 1.32634670841 0.278760746977
20 1.72959076245e+17 0.220330520594 0.990812246071 0.181235814569
21 1.37756118639e+17 0.23028936133 0.824817983099 0.269271979923
22 1.31447601819e+17 0.226873701858 0.775372104651 0.169842391564
23 1.21813901786e+17 0.210103561614 0.665431900105 0.234557280133
