00 1.74974654999e+17 0.175145188161 0.796795190703 0.391487035404
01 1.5868393267e+17 0.195823525784 0.807925226697 0.384123574408
02 1.22824984486e+17 0.213328524137 0.681253889357 0.227346002901
03 1.03943612239e+17 0.221435084062 0.598435825358 0.316781951836
04 1.04088609955e+17 0.217586075277 0.588854035148 0.201814276476
05 1.48136883227e+17 0.2012899309 0.775280037703 0.287594346353
06 2.3740847311e+17 0.173603357938 1.07158761151 0.173773549952
07 3.41521988056e+17 0.137069122802 1.21711510233 0.2374737937
08 4.83071403819e+17 0.0961019454695 1.2070266444 0.155324447734
09 6.69938099503e+17 0.0576768095742 1.00463719698 0.176140276404
23 2.23330685525e+17 0.164015654702 0.952372943634 0.546015892445
