00 1.72934723004e+17 0.0847770909899 0.381183471433 0.133171828909
01 2.31197833009e+17 0.0456654594603 0.274501637035 0.130648049879
14 8.47113903434e+17 0.156517118216 3.44728350112 0.428993047947
15 7.2423789388e+17 0.151653630087 2.855665947 0.34046353743
16 5.38290780063e+17 0.181194300479 2.53591575504 0.232134399506
17 3.92553652508e+17 0.207596737579 2.11881429722 0.299166347451
18 2.91678631386e+17 0.224655303045 1.70370593447 0.190592987422
19 2.18671986031e+17 0.229409980233 1.30430393581 0.262197564314
20 1.71063004654e+17 0.22082233779 0.982137847523 0.169943902582
21 1.51930685162e+17 0.199313163016 0.787326420892 0.254008106881
22 1.67400064004e+17 0.16662052422 0.725199446891 0.158382855944
23 1.90397031484e+17 0.12586415787 0.623068212747 0.210938356878
