10 9.7020379692e+17 0.149715372202 3.77661498676 0.462597032685
11 8.25435674258e+17 0.160730146303 3.44948231386 0.377686711292
12 6.62537641229e+17 0.187715991868 3.2335916723 0.250372635785
13 5.13995924629e+17 0.211280696705 2.82353284354 0.306827400918
14 4.06537017659e+17 0.225279797366 2.38119900096 0.197755754983
15 3.98120586812e+17 0.226932075111 2.34900460365 0.263699889446
16 3.88464788979e+17 0.215414136216 2.17570098118 0.173205156661
17 3.8670418615e+17 0.191377146041 1.92416493119 0.242702732166
18 3.84066539073e+17 0.156833621751 1.56609820422 0.158520318907
19 3.87203601532e+17 0.115285279802 1.16061076412 0.210479001076
20 4.29589852078e+17 0.0722811468181 0.80733242641 0.138830799966
21 4.42870530689e+17 0.0411835788866 0.474213829367 0.135609044646
