13 7.93045957068e+17 0.178733530025 3.68534148785 0.591145668162
14 6.00660986809e+17 0.190606042889 2.97672995914 0.377050206013
15 5.42285981284e+17 0.205459915768 2.89686883296 0.372067404094
16 4.5667092033e+17 0.213898573917 2.5397127238 0.235324774204
17 3.95228442277e+17 0.211925817091 2.17773687474 0.316429660246
18 3.33076369383e+17 0.198331274193 1.71754597933 0.203610872748
19 2.90021211051e+17 0.173705960828 1.30983874128 0.288421428884
20 2.57525632476e+17 0.140237955821 0.938986575017 0.188436732902
21 2.86585178347e+17 0.102048982197 0.760388869837 0.264429565062
22 3.75975426235e+17 0.0659207584627 0.64439921678 0.206812044437
