02 2.67356519346e+17 0.21262919928 1.4780428684 0.569412682019
03 2.2006335142e+17 0.198179836501 1.13391509411 0.470802076344
04 2.23534855849e+17 0.197272616102 1.14652995089 0.305605152554
05 2.33881390594e+17 0.20432806924 1.24250185725 0.320554432256
06 2.48419928278e+17 0.213928764037 1.38174837368 0.20247894237
07 2.78266670628e+17 0.222660196306 1.61093169919 0.242319521902
08 2.9327324616e+17 0.228509415972 1.7424081532 0.16194901976
09 3.20463237482e+17 0.230354707651 1.91932559996 0.237375463884
10 3.41142469294e+17 0.227725778483 2.01986029424 0.15368275002
11 3.67447423931e+17 0.220693745579 2.10842705555 0.215025059635
12 4.07718658761e+17 0.209813089504 2.22416249752 0.147109139747
13 4.67060075636e+17 0.196097508132 2.38132224148 0.226724737456
14 5.10759811422e+17 0.181022797897 2.40393842304 0.171631342747
15 5.80073404288e+17 0.166617645097 2.51291207976 0.242565850407
16 7.22906633888e+17 0.15573476227 2.92712401208 0.241158672824
17 8.98563325095e+17 0.152650532424 3.5663204198 0.33863539178
18 1.07770410666e+18 0.163483187891 4.58084907695 0.480716306439
19 1.15625148862e+18 0.192258755713 5.77978628485 0.561877940729
