10 9.82217212047e+17 0.156597131169 3.99912233738 0.570112843336
11 8.62660898522e+17 0.167644687842 3.7601334432 0.433867874775
12 6.92379861335e+17 0.189908075057 3.41870169354 0.28305598908
13 5.35431815526e+17 0.210529687792 2.93083161687 0.330010371385
14 4.22458366201e+17 0.222390120647 2.44271474272 0.21349473659
15 4.18466595154e+17 0.222401296447 2.41975534534 0.278799563796
16 4.08026906968e+17 0.209674035645 2.22436885413 0.18161450525
17 4.09855417028e+17 0.184887612773 1.97020693055 0.254450198451
18 4.08142212494e+17 0.150154305856 1.5933920758 0.167762152115
19 4.17074454471e+17 0.109224238247 1.18442062913 0.223961821098
20 4.6250641341e+17 0.0681802194914 0.819878508344 0.152757464945
