00 8.81918982627e+16 0.22396946867 0.513559607466 0.139086834497
01 9.4292206076e+16 0.210216484073 0.515366176956 0.216593519723
02 1.00396513833e+17 0.184445153662 0.481458910948 0.136333549189
03 1.08268018823e+17 0.148881407424 0.419096470558 0.186061931898
04 1.26583742194e+17 0.110227516409 0.362778299513 0.121338663549
05 1.69140681977e+17 0.0917849992759 0.403639011692 0.184509418249
06 2.97751761705e+17 0.0834549480065 0.64607030259 0.222896847607
18 5.85087820823e+17 0.16772186261 2.55143249657 0.348547909391
19 3.59251540525e+17 0.160951280403 1.50337188129 0.311963699747
20 2.32719202532e+17 0.168188834069 1.01766005482 0.189093054701
21 1.60346606654e+17 0.189392782906 0.789580741659 0.248429367409
22 1.37565974526e+17 0.213228307735 0.762656958702 0.166292637592
23 1.1237597549e+17 0.224943253251 0.657233655364 0.227728442442
