00 2.66080754874e+17 0.162837005161 1.12652262462 0.391572213261
01 3.78614822967e+17 0.177308015086 1.74541751131 0.487002208683
02 3.75091515863e+17 0.204553429525 1.99488265484 0.658309074898
08 8.48879862895e+17 0.216003221494 4.76738041121 0.575948094898
09 8.7809791055e+17 0.202537425566 4.62403994514 0.517463531812
10 7.48691441906e+17 0.200002199027 3.89323830412 0.340833684536
11 6.57368150331e+17 0.205236362362 3.50781204558 0.321666853283
12 5.76949276472e+17 0.213775252991 3.20677441606 0.217928983429
13 5.17356298944e+17 0.222346153155 2.99083675489 0.280455766772
14 4.32394019909e+17 0.228860958429 2.5729108552 0.174384202622
15 3.90127793602e+17 0.232064203325 2.35390208605 0.230910030955
16 3.8011116853e+17 0.231323193581 2.28614176493 0.165200046617
17 3.45420391878e+17 0.226513400857 2.03430103993 0.231118997883
18 3.14104243255e+17 0.217969321664 1.78009230969 0.161582903834
19 2.51111792771e+17 0.206445463532 1.34786315188 0.224426019666
20 2.33971252029e+17 0.193106926626 1.17471820435 0.181436879203
21 2.0244435019e+17 0.179550026232 0.945071098065 0.264321782994
22 2.30084146036e+17 0.167916569728 1.00450845433 0.250276174923
23 2.68599379221e+17 0.161156705095 1.12545136459 0.318599488839
