11 9.63091313318e+17 0.16401170335 4.10691441625 0.409441786104
12 8.52903658683e+17 0.145087205139 3.21738061037 0.268856107121
13 6.19922466971e+17 0.16824917738 2.71183757279 0.281734215846
14 4.53141465363e+17 0.199285939943 2.34792279415 0.186524537916
15 4.0310922657e+17 0.220960300004 2.31584952657 0.248486340714
16 3.63719287703e+17 0.230385490043 2.17868680473 0.167663271111
17 3.2382428102e+17 0.226347850942 1.90572018238 0.237995016957
18 2.89698156767e+17 0.208985609024 1.57411138885 0.146256187409
19 2.52479784348e+17 0.179676966119 1.17948484311 0.210704109734
20 2.42160197655e+17 0.141033129603 0.887967874056 0.137310374067
21 2.50448142648e+17 0.0970660391906 0.632060239967 0.179709997289
22 3.15017398195e+17 0.0634289445699 0.519511748305 0.140157988604
23 3.02017553589e+17 0.0638427258772 0.501322220981 0.207999571864
