00 2.92779911677e+17 0.0855373564236 0.651134111129 0.250586248603
12 9.5898434391e+17 0.164423242171 4.09966219043 0.332450658424
13 7.17787477356e+17 0.163131126103 3.04443046657 0.291840187246
14 5.10629918034e+17 0.1718504563 2.28155159479 0.174204113498
15 4.26286021543e+17 0.195415430748 2.16587452956 0.223516789881
16 3.72246995162e+17 0.216560779312 2.09596658359 0.15822377737
17 3.12730549183e+17 0.225247564636 1.83148665936 0.226518131988
18 2.66278789636e+17 0.220692433661 1.52790856705 0.143690357058
19 2.15258068711e+17 0.203251954409 1.13754220236 0.202784640103
20 1.94180792801e+17 0.174378051754 0.880382576758 0.135377198519
21 1.80635542616e+17 0.136617292923 0.641626409788 0.186011516027
22 2.12717311704e+17 0.105873950903 0.585551777605 0.131866100782
23 2.76387587572e+17 0.0894387191219 0.642713547154 0.194055978969
