00 1.65043444937e+17 0.220659995574 0.946880631565 0.236818839488
01 1.4402740453e+17 0.224596100285 0.841047828184 0.308372601568
02 1.31927243865e+17 0.227488163034 0.780309045386 0.225899660399
03 1.17542047701e+17 0.228849993274 0.699386917471 0.276906818058
04 1.1386180235e+17 0.228405926472 0.676174471841 0.199937872183
05 1.49157611032e+17 0.226096591532 0.876824713838 0.276176042344
06 2.03103006026e+17 0.222077822485 1.17272150628 0.193312027716
07 2.82613992605e+17 0.21670445127 1.59233646491 0.258476688163
08 3.60201877678e+17 0.210513115867 1.97150770989 0.18888817951
09 4.56672977313e+17 0.204183240579 2.42436917822 0.294766997082
10 5.49790630174e+17 0.198494863582 2.83739601951 0.268995332915
11 6.47830801516e+17 0.194250465797 3.27187730876 0.317665589081
12 7.30049126454e+17 0.192143256981 3.64712443973 0.310801048557
13 8.95227920081e+17 0.192539672017 4.48153914294 0.415601092749
14 9.69706506677e+17 0.195212520855 4.92177014311 0.442534609862
15 1.01542125393e+18 0.19921173208 5.25937949645 0.457137793832
16 1.01282924562e+18 0.203140387148 5.34940965181 0.48436279499
17 9.59108460193e+17 0.205836661212 5.13291176285 0.508152641638
18 7.98444973645e+17 0.207007861932 4.29739405847 0.492744448515
19 5.23648481589e+17 0.207321829968 2.82265779804 0.482799810985
20 4.35321472914e+17 0.207888486545 2.35295637628 0.406105113327
21 2.96254064424e+17 0.209571874864 1.61424951265 0.422535029829
22 2.84209727515e+17 0.212601193577 1.5710065097 0.311764708369
23 1.99499195696e+17 0.216615472965 1.12357992843 0.336782987781
