00 1.31654688087e+17 0.135914444962 0.46523812031 0.147778292133
01 1.78108923416e+17 0.0928626546163 0.43003135342 0.195442906163
02 2.57510112814e+17 0.0522050274761 0.349526385385 0.143261933171
16 6.6782542656e+17 0.151710380123 2.63421728229 0.364516858371
17 4.89420913976e+17 0.176359988955 2.24417094156 0.357148517832
18 3.35495212643e+17 0.202126616081 1.76312531312 0.235317961372
19 2.37018953923e+17 0.220520840538 1.35895809251 0.29416337897
20 1.67671536099e+17 0.22752502544 0.991886233428 0.190630815813
21 1.43890246946e+17 0.221550857854 0.828854198839 0.280749044
22 1.48257061397e+17 0.202645791694 0.781135409106 0.174254162141
23 1.5132747584e+17 0.172239262222 0.677677852607 0.24195189215
