00 2.20236402465e+17 0.151725180334 0.868800604883 0.299192568582
01 3.25693352767e+17 0.157857055698 1.33673783693 0.400565344412
02 3.78996966831e+17 0.181914623922 1.7925723579 0.603548021717
09 1.0734743107e+18 0.218505007704 6.09854732578 0.6641680299
10 9.51042034152e+17 0.200222651989 4.950924114 0.468393433007
11 8.15699791783e+17 0.196194395108 4.1609289082 0.367588112979
12 6.80813520068e+17 0.201870995959 3.57334908732 0.253488122311
13 5.83893846501e+17 0.211285818747 3.2075807249 0.297830515424
14 4.65394556944e+17 0.220510751913 2.66823709589 0.180715377404
15 4.04970611228e+17 0.227225666637 2.39251264472 0.234419254097
16 3.80539397829e+17 0.23011272815 2.27674093408 0.164833984278
17 3.32487111484e+17 0.2285543778 1.97577600719 0.227548148046
18 2.92324976339e+17 0.222497363417 1.6910799489 0.153032735912
19 2.28863072517e+17 0.212385734953 1.26378854836 0.214060999331
20 2.08585023074e+17 0.19913282343 1.07993923882 0.163375478465
21 1.78227172969e+17 0.184111278297 0.853154448708 0.241076912004
22 2.01769270342e+17 0.169218198868 0.887718845367 0.201459612954
23 2.31285493575e+17 0.157097937736 0.944696325793 0.277028228797
