00 9.11250491314e+16 0.214243519242 0.507596731642 0.139900943231
01 1.04385332857e+17 0.187880491801 0.509911159522 0.218348121212
02 1.20897999564e+17 0.151429516528 0.475995666202 0.138797317487
03 1.4021757223e+17 0.108458079077 0.395400941959 0.177866802336
04 1.80125916484e+17 0.0720244110463 0.337310039273 0.130954469778
05 2.18707288288e+17 0.0664526273547 0.377875522137 0.1936106491
17 6.31439119292e+17 0.169455443916 2.78202070291 0.410165346339
18 4.8919832132e+17 0.14929274202 1.89887772832 0.270925328173
19 3.0405151113e+17 0.160412011582 1.26811137765 0.271434047277
20 1.94892837324e+17 0.193298770461 0.979486191486 0.186039848659
21 1.45324847936e+17 0.217216456356 0.820740660716 0.265523133935
22 1.30512571121e+17 0.229153832486 0.777593852361 0.172698484488
23 1.13344177011e+17 0.227725450513 0.671095198095 0.235571549393
