00 1.19066408455e+17 0.217592476623 0.673606822158 0.21914004728
01 1.19110174757e+17 0.219452086517 0.679613385771 0.315086695236
02 1.12057279708e+17 0.209076356999 0.609141723228 0.185352945725
03 1.12698606987e+17 0.186767399237 0.547259068837 0.281240148695
04 1.23965034116e+17 0.154321816739 0.4973932412 0.182434432475
05 1.74619660837e+17 0.115192485462 0.522986691299 0.249521227944
06 3.07825478058e+17 0.07516973582 0.601618156472 0.170164646897
21 2.39973848432e+17 0.170385619337 1.06309041253 0.531767213124
22 1.84437178532e+17 0.18710986719 0.897260415483 0.351342085819
23 1.59530747169e+17 0.206058083867 0.854687602066 0.353842792551
