00 1.62226125677e+17 0.187470439639 0.790727680641 0.232913056019
01 2.00302336166e+17 0.181514641861 0.945302977139 0.324241417635
02 2.26888536198e+17 0.179818331078 1.06076666592 0.395787610564
03 2.64113931865e+17 0.183695790768 1.26143205674 0.415221038196
04 2.45823977555e+17 0.19303562777 1.23377243153 0.564415662957
05 3.60298833206e+17 0.205159181075 1.92188395264 0.558109426715
06 4.8413100608e+17 0.215461345797 2.71209947091 0.644236713791
07 6.41692006981e+17 0.22019323169 3.67370215594 0.600964793988
08 7.71442363298e+17 0.218645323658 4.38547889537 0.614393954464
09 9.26475231343e+17 0.213237616905 5.13654363178 0.592339649916
10 9.00577100872e+17 0.207992424422 4.87014357932 0.512290165168
11 8.62206842807e+17 0.206061966963 4.6193689869 0.415782822817
12 7.34178722672e+17 0.208202249645 3.97429920424 0.310126769846
13 6.89905703724e+17 0.213314080032 3.82633161296 0.355072658818
14 5.71209660793e+17 0.219692042005 3.2627456366 0.221697371762
15 4.90308026986e+17 0.225760705538 2.87799943869 0.275676265507
16 4.60115243837e+17 0.230310942481 2.75520896191 0.200576053246
17 3.91084122126e+17 0.232530882617 2.36441753848 0.264709706516
18 3.32493804898e+17 0.23197937312 2.00542431508 0.186288775369
19 2.42727440426e+17 0.228566225887 1.44246166941 0.244380430591
20 2.13113772771e+17 0.222527688779 1.23301659784 0.186622500778
21 1.68055637342e+17 0.21440084454 0.936813034974 0.266190926988
22 1.83120361494e+17 0.205003103038 0.976046300732 0.203070642743
23 1.78897007074e+17 0.195419480713 0.908958965811 0.277593307605
