00 1.11121976833e+17 0.220353395923 0.636638728879 0.200291698477
01 1.17232249475e+17 0.211448755359 0.644503944225 0.297342260106
02 1.18546202853e+17 0.190447626736 0.586997917789 0.176700140033
03 1.26345930423e+17 0.158976861287 0.522238065829 0.266911507667
04 1.45309792707e+17 0.120263632695 0.454362571962 0.176334112408
05 1.87840862054e+17 0.079754363427 0.389509337845 0.219285111993
06 2.43380077093e+17 0.0449119832252 0.284197730434 0.167434844555
20 2.0401949574e+17 0.16851725526 0.893900941479 0.52078652078
21 2.11178191293e+17 0.184696898458 1.0141028808 0.430106409912
22 1.66845137548e+17 0.204328614825 0.886372131983 0.282849225413
23 1.4289539223e+17 0.217599900836 0.808444602658 0.32486453545
