00 9.13091239561e+16 0.224889869549 0.533896921354 0.144184548843
01 9.24518866578e+16 0.222661560674 0.535222515632 0.224759157366
02 9.28868914398e+16 0.207387639535 0.500853422145 0.139421927909
03 9.50832518415e+16 0.180331228236 0.44580846932 0.199462929829
04 1.05232516702e+17 0.143850165256 0.393580587864 0.126214995603
05 1.43491999635e+17 0.108738609865 0.405681134745 0.173815092694
06 2.60922848095e+17 0.091039189418 0.617609319371 0.150972558403
07 4.25760645618e+17 0.0845296582854 0.935724449022 0.225193281227
19 4.2786252189e+17 0.165740804774 1.84377124648 0.371530049403
20 2.8889904689e+17 0.162089671221 1.21751633969 0.23983931403
21 1.90956895014e+17 0.170217872509 0.845111186664 0.260469847143
22 1.53684787643e+17 0.192596000554 0.769575961598 0.170720438289
23 1.19231487613e+17 0.215028146579 0.666591270677 0.231322678006
