00 1.17661839916e+17 0.198206675624 0.606355415574 0.153978983316
01 1.02582090237e+17 0.205315081302 0.547602905128 0.22222443227
02 9.24446042751e+16 0.211327579292 0.507938455442 0.140308868683
03 8.28282781812e+16 0.211982560545 0.456511912855 0.203154727545
04 8.34147028866e+16 0.200361469316 0.434540403256 0.130262453765
05 1.13516787443e+17 0.178135287228 0.525754983947 0.191193805549
06 1.81095210532e+17 0.15941018038 0.750578924598 0.125198837169
07 2.76313263603e+17 0.139172783851 0.999837438874 0.183578999536
08 4.23753830611e+17 0.120658332006 1.32936518995 0.147699124609
09 6.40929912932e+17 0.109212670532 1.8199393528 0.237470406547
10 9.36232324964e+17 0.114675713398 2.79144085407 0.3571272154
20 6.57151791224e+17 0.195131928118 3.33401369827 0.513052158507
21 3.51609977965e+17 0.175961024668 1.60861095216 0.382180533564
22 2.48275534711e+17 0.178245401653 1.15060328253 0.243239497714
23 1.66002719202e+17 0.188454037926 0.813380951246 0.263075712783
