10 9.39421785338e+17 0.162742298319 3.97497517135 0.542019523541
11 7.9754329794e+17 0.177292759678 3.67636495861 0.421789443435
12 6.51545289753e+17 0.198715351942 3.36627334054 0.268043268272
13 5.18557746894e+17 0.215538288064 2.90599527472 0.325703932743
14 4.19424280336e+17 0.222320376834 2.4244106655 0.211146978472
15 4.2542778002e+17 0.216888832576 2.39903389841 0.278663770839
16 4.25384670236e+17 0.198992363034 2.20085581894 0.180688215535
17 4.43017954522e+17 0.169888176508 1.95685132381 0.252946000713
18 4.57788072953e+17 0.132328612813 1.57503997706 0.16794503855
19 4.89533112918e+17 0.0910025387494 1.15826765801 0.21778822616
20 5.60537953646e+17 0.0531154538613 0.774103923174 0.156120840345
