00 1.31407259133e+17 0.206365416734 0.705065758614 0.260877100366
01 1.37902065055e+17 0.197372455954 0.707669800789 0.351960512359
02 1.37418964235e+17 0.177823777834 0.635345343523 0.221357964696
03 1.45950377022e+17 0.149150798715 0.565983997945 0.320865208208
04 1.66126589563e+17 0.114682703885 0.495348008437 0.236875650789
05 2.22983610724e+17 0.0803441937855 0.465801399206 0.282380216316
20 1.93788088303e+17 0.19127094697 0.963716810191 0.884797714807
21 2.19807834606e+17 0.187931870977 1.07403133794 0.615281917418
22 1.83729033478e+17 0.197183199278 0.941935244156 0.407627722998
23 1.66212152313e+17 0.205504141017 0.888089425277 0.402041921895
