00 2.67537665954e+17 0.139626816632 0.971241248286 0.346684489783
01 4.00513417085e+17 0.157812761821 1.64335934091 0.447934775553
10 9.61807054107e+17 0.195009359027 4.87659580536 0.448277490205
11 8.01947128058e+17 0.190324851165 3.96839216253 0.348069701064
12 6.67670626089e+17 0.197125398581 3.4219857955 0.236187373188
13 5.56340228881e+17 0.207573299736 3.00251580421 0.281750896007
14 4.39176524468e+17 0.217169052868 2.47976429637 0.170158217297
15 3.8576055389e+17 0.223471686237 2.241370598 0.221213143359
16 3.63362454652e+17 0.225199342392 2.12755363177 0.153589409556
17 3.2109235498e+17 0.221842739834 1.85203220198 0.215113511497
18 2.86000736504e+17 0.213511543095 1.58767592301 0.142075287503
19 2.29956895901e+17 0.200869059565 1.20097186092 0.203224046965
20 2.12772895065e+17 0.185100958721 1.02399613852 0.155208425969
21 1.88008645374e+17 0.167946708285 0.820961261113 0.231141648823
22 2.1562914759e+17 0.151861915096 0.851392237893 0.201734439913
23 2.63534634687e+17 0.140533568988 0.962922031875 0.277783462179
