00 1.15293994968e+17 0.191264326252 0.573342334977 0.14880993038
01 1.01563516158e+17 0.207319078941 0.54745742022 0.224769943029
02 9.16541100741e+16 0.218527411005 0.520752319945 0.144401744791
03 8.28646086132e+16 0.21694337006 0.467400113732 0.21035390992
04 8.38230918852e+16 0.202738005317 0.441847287657 0.133089546319
05 1.14984753292e+17 0.177113693307 0.529499732571 0.195670808884
06 1.87021504499e+17 0.145627835622 0.708123959793 0.119833896145
07 2.8886866534e+17 0.124770455176 0.937099146377 0.175867571015
08 4.52506417209e+17 0.106719175178 1.25556890179 0.147209741007
09 6.86933532601e+17 0.0980370607916 1.75096855688 0.232214277189
10 9.432254456e+17 0.110368305856 2.70665705625 0.332599667619
21 3.42833761527e+17 0.170641163373 1.52104034967 0.368640902826
22 2.38159899223e+17 0.172103314033 1.06569080608 0.237785289274
23 1.62911010151e+17 0.181954514031 0.770702235737 0.254257060896
