01 2.90773139206e+17 0.196865225605 1.48832111089 0.527004923908
02 2.26572400713e+17 0.18827112263 1.10908304622 0.319059311942
03 1.50171151782e+17 0.193668313105 0.756168234709 0.317927728006
04 1.41536503531e+17 0.2040464148 0.750880418832 0.200580522816
05 1.58966274679e+17 0.214126916816 0.885012915145 0.255179989245
06 1.89512562292e+17 0.221109760036 1.08948000648 0.1572015869
07 2.23708792746e+17 0.223522820695 1.30010452959 0.205532893069
08 2.53781387835e+17 0.220743443949 1.45653501658 0.136014999932
09 2.99125288269e+17 0.212804696349 1.65503691965 0.210780558568
10 3.47118087052e+17 0.200314199449 1.80784972478 0.139832126474
11 4.0456887948e+17 0.184422935173 1.93990628607 0.202650726275
12 4.89769112396e+17 0.166848553775 2.12464897027 0.153721836114
13 6.37108059055e+17 0.150025434867 2.48514275403 0.234956337927
14 8.07629746337e+17 0.137616324118 2.88971896042 0.247896754734
15 1.03809336142e+18 0.1357896788 3.66502146689 0.322429552681
16 1.49483573918e+18 0.15439506725 6.00067687643 0.474423403467
