00 2.1659488397e+17 0.125990809015 0.709513081155 0.254053253406
01 3.27108880629e+17 0.131386658001 1.11742130833 0.346620493382
11 1.02425447188e+18 0.18982947932 5.05527602028 0.432647409043
12 8.34712548691e+17 0.184077413956 3.99494491135 0.29683045224
13 6.62876752687e+17 0.19139646328 3.29867891742 0.304537428315
14 4.95247330757e+17 0.202339151127 2.60540603709 0.182438036692
15 4.15837502618e+17 0.211923460621 2.29126878789 0.225857552075
16 3.75147888984e+17 0.217615354853 2.12258646558 0.154492542989
17 3.16821408207e+17 0.218159190195 1.79705504812 0.212788130859
18 2.71411099902e+17 0.213140203903 1.50406404654 0.137005581954
19 2.13022868801e+17 0.202818077366 1.12332710582 0.194446282469
20 1.9190098513e+17 0.188046113831 0.938242096846 0.140357087677
21 1.6701522702e+17 0.170267207697 0.739367625037 0.210520280321
22 1.89567458746e+17 0.151585774145 0.747128979655 0.165080155606
23 2.26726785369e+17 0.135078748762 0.796275232442 0.237627587022
