00 2.64748214812e+17 0.205903887221 1.41732985068 0.392265006537
01 2.38636210556e+17 0.207336225992 1.28642621333 0.434236737923
02 2.0711659574e+17 0.208929851804 1.12509383101 0.37201833883
03 1.8390958462e+17 0.210967479478 1.0087724795 0.380654158997
04 1.71413749278e+17 0.2135371185 0.951683150395 0.302723212998
05 2.20890479322e+17 0.216490205654 1.24333625768 0.342589705106
06 2.60788277325e+17 0.219499364229 1.48831438785 0.247096733663
07 3.31431703455e+17 0.222167000303 1.91446287141 0.292961415716
08 3.77061672086e+17 0.22410900668 2.19707583649 0.206623239575
09 4.26911780341e+17 0.225024532181 2.497706215 0.298708641135
10 4.54946626732e+17 0.224731292148 2.65825932538 0.22320144869
11 4.8298615274e+17 0.2231852881 2.80268049484 0.273863669574
12 5.08113145007e+17 0.22048564722 2.91282304658 0.209370063085
13 5.61794051304e+17 0.21686443271 3.16766185413 0.298686443745
14 5.67204848294e+17 0.212671769688 3.13633993042 0.223360251799
15 5.66428117349e+17 0.208341504217 3.06827263598 0.29284848558
16 6.18102857554e+17 0.204355298964 3.2841274504 0.25529392561
17 6.20338328971e+17 0.201176903525 3.24474134816 0.338512185411
18 5.87376412931e+17 0.199177194439 3.04179163618 0.312360453237
19 4.36914156681e+17 0.198536390031 2.25532734495 0.379042412477
20 3.93143321386e+17 0.199164679375 2.03580685236 0.371194037131
21 3.28454049538e+17 0.200695326868 1.71389901366 0.434845213581
22 3.57492541796e+17 0.202604347989 1.88316812688 0.44652338844
23 2.80190763015e+17 0.204435022253 1.48930092667 0.426773422754
