00 3.03154882336e+17 0.0453335580513 0.35732032588 0.172202075882
14 7.90414323728e+17 0.172495807986 3.54492209279 0.542082441966
15 6.57783837111e+17 0.185443435617 3.17152406082 0.431214127377
16 5.0437003437e+17 0.20329803573 2.66597336898 0.263329331118
17 3.97190905203e+17 0.215535329328 2.22582548654 0.335068050878
18 3.08951577859e+17 0.217477077493 1.74693704223 0.217559088484
19 2.48921799512e+17 0.207462185109 1.34268837165 0.292504282911
20 2.01728661139e+17 0.185684937068 0.973907317458 0.185768548715
21 2.01702669798e+17 0.15387796488 0.806977504823 0.27837558522
22 2.44147925957e+17 0.11545625129 0.73289851157 0.186842477222
23 3.17877664414e+17 0.0762223320589 0.629963799169 0.222290476001
