00 1.18059603326e+17 0.21945713692 0.673634585825 0.179406393406
01 1.29100611924e+17 0.211575093955 0.710176326536 0.26191513702
02 1.38655991665e+17 0.203000296817 0.731827394051 0.226344481119
03 1.49696432747e+17 0.194781929228 0.758112159198 0.286256835537
04 1.57682699981e+17 0.188142213644 0.771336077924 0.27336700411
05 2.34719176649e+17 0.184390785097 1.12528138475 0.347161794943
06 3.46303720613e+17 0.184673723845 1.66278313934 0.369279097444
07 5.20688803144e+17 0.189410287464 2.56421921295 0.426858324836
08 6.88508296901e+17 0.197505680124 3.53559178572 0.507383556297
09 8.86270134255e+17 0.206161348194 4.75058078929 0.547287638421
10 1.02987267569e+18 0.212150637464 5.68069176103 0.685879224067
11 1.20474241907e+18 0.213759984605 6.69566874477 0.567597909727
12 1.05403009549e+18 0.211714024733 5.80197679633 0.547222632442
13 1.09224909143e+18 0.208554081234 5.92261814932 0.55058961844
14 9.10499375145e+17 0.206962510794 4.89942015567 0.393249711333
15 7.68526227303e+17 0.20827264733 4.16163778947 0.380994653826
16 6.75594483944e+17 0.21223579207 3.72801859088 0.286221675521
17 5.33561018018e+17 0.217718664347 3.02032099696 0.330028486995
18 4.16185847237e+17 0.223402893035 2.41740518014 0.230958234708
19 2.71492852989e+17 0.228146530171 1.61044396177 0.278178268902
20 2.23371978312e+17 0.231098813429 1.34214597767 0.203192718197
21 1.61062943215e+17 0.231730143468 0.970401612404 0.275545142865
22 1.62172049592e+17 0.229820856605 0.969033503223 0.191323249779
23 1.39791925752e+17 0.225450803387 0.819421251163 0.257938157517
