00 1.61458943552e+17 0.099292235176 0.416822104254 0.141998095152
01 2.2962016242e+17 0.0882567060589 0.526903498678 0.213559201144
02 3.22428915764e+17 0.0963311593474 0.80755873283 0.308587565439
13 9.79029262476e+17 0.171446906992 4.36414001156 0.367924142388
14 7.25342013252e+17 0.16361048917 3.0855126017 0.24448546086
15 5.55512701771e+17 0.170695060354 2.46540512807 0.249101764723
16 4.46606041189e+17 0.183131704571 2.12648086546 0.163559957721
17 3.41015019271e+17 0.208596187093 1.84949525179 0.232504669154
18 2.68471886509e+17 0.222246247574 1.55133860325 0.150577056643
19 2.01429024173e+17 0.222888938548 1.16730383616 0.214239018894
20 1.67656569068e+17 0.210459376662 0.917407322504 0.143304731511
21 1.43792387388e+17 0.185984909077 0.695323566451 0.208321811452
22 1.58536033485e+17 0.151569196363 0.624758658935 0.129648675587
23 1.78551483528e+17 0.117233373785 0.544237013018 0.173416959919
