00 1.68843218895e+17 0.187418011754 0.822750769971 0.417329281042
01 1.56291946656e+17 0.202541472855 0.823045627849 0.409613107845
02 1.24879961036e+17 0.212725007545 0.690692356994 0.242941964521
03 1.10562091989e+17 0.213089649902 0.612550574331 0.335335537173
04 1.12701623937e+17 0.201947326274 0.591754582139 0.214965322594
05 1.6657058485e+17 0.179540151815 0.77755881039 0.303365671316
06 2.79896743496e+17 0.147708580827 1.07492191976 0.189722776887
07 4.14758583196e+17 0.110110386618 1.18739992667 0.256010566064
08 5.61545737199e+17 0.0729753509533 1.06545392846 0.185576473276
23 2.16543288504e+17 0.178437492738 1.00462547822 0.601671809422
