00 9.37659840061e+16 0.224224676801 0.546640833927 0.148173038224
01 9.31901831598e+16 0.226014397393 0.547620400335 0.230752092186
02 9.19096533128e+16 0.214501910397 0.512584701707 0.142600737244
03 9.2418884591e+16 0.190615535417 0.458028354393 0.206420964818
04 1.0070660829e+17 0.156395042033 0.409500370149 0.1299731937
05 1.3847346235e+17 0.115022913615 0.414118148543 0.173950259458
06 2.49534540073e+17 0.0913954494405 0.592964357462 0.134056487039
07 4.11878125499e+17 0.0808393875089 0.865695360235 0.202800842788
19 4.49089588845e+17 0.172006870202 2.00840886005 0.396726922017
20 3.15082260654e+17 0.158845660074 1.30128569145 0.273580198688
21 2.0762310107e+17 0.163922396666 0.8848859846 0.271464501247
22 1.61666300573e+17 0.18485401698 0.777001291851 0.177743086629
23 1.23640601588e+17 0.210703528679 0.677339287109 0.236299248412
