00 1.1665485774e+17 0.13958146373 0.423354250657 0.125632995967
01 1.56301724278e+17 0.119805294109 0.486870125218 0.193801959382
02 2.25198655491e+17 0.10548811901 0.617650346855 0.21951328499
03 2.86274615392e+17 0.105291198419 0.783697130622 0.297779085986
14 9.43653179173e+17 0.177741465222 4.36088376692 0.359063042016
15 7.18222737918e+17 0.172594976754 3.22300255562 0.308796183437
16 5.60487751655e+17 0.180759571342 2.63415166902 0.206214606719
17 3.96902171458e+17 0.191468103253 1.9758467546 0.243669708195
18 2.94121132307e+17 0.199640534984 1.52668100529 0.147251336204
19 2.05375720361e+17 0.212811122634 1.13636217791 0.209675081546
20 1.61847714787e+17 0.216455588181 0.910853899798 0.144037507172
21 1.29884942061e+17 0.207477068275 0.700651821788 0.211100278408
22 1.35312491855e+17 0.186656695521 0.656681547405 0.129428281259
23 1.34710079505e+17 0.158745309269 0.555999424052 0.181793117186
