00 1.27289395481e+17 0.127594181421 0.422276041722 0.130372513289
01 1.76836479203e+17 0.109372991031 0.502869501 0.199338183634
02 2.63514022026e+17 0.100005105976 0.685171440174 0.260377948404
03 3.27483945236e+17 0.110819137915 0.943578700795 0.345831069744
14 8.63257573296e+17 0.171676820111 3.85323419313 0.309306574492
15 6.50340640218e+17 0.173212860515 2.92883142763 0.285639679626
16 5.11210291503e+17 0.183130507532 2.4340732036 0.187954344529
17 3.71974170795e+17 0.193119785174 1.8677248708 0.231235257639
18 2.82051497443e+17 0.206798900563 1.51652642891 0.146438686579
19 2.01949113394e+17 0.217617184748 1.1426375355 0.210090518522
20 1.62283893945e+17 0.215703036765 0.910133347287 0.143172271422
21 1.32870218674e+17 0.201261442406 0.695282948439 0.208924508535
22 1.41082822768e+17 0.175519875523 0.643833826756 0.128859189856
23 1.45770097136e+17 0.147009941749 0.557170990704 0.180569401116
