10 9.57925448719e+17 0.159752454752 3.97880448945 0.399716775569
11 8.10120133241e+17 0.14166524352 2.98391251485 0.303021524277
12 6.51526988122e+17 0.173952478327 2.9467030913 0.213531581526
13 5.02737305734e+17 0.203453921734 2.6593807878 0.275096012977
14 3.9393033921e+17 0.223305788946 2.28714005486 0.176187753323
15 3.74907898623e+17 0.230735533231 2.24911892144 0.242667663566
16 3.61068730228e+17 0.22466951769 2.10914957431 0.161831308374
17 3.48308325193e+17 0.205397362505 1.86008189466 0.226942215802
18 3.37108636295e+17 0.174469178498 1.52919173781 0.144670576963
19 3.22572882632e+17 0.134700677038 1.1297204278 0.196035565816
20 3.41578943262e+17 0.0904118033048 0.802951974013 0.127084268906
21 3.72887734328e+17 0.0580724181666 0.563016803365 0.155263927031
