00 9.4299900098e+16 0.219933064965 0.539231317415 0.13911843969
01 1.02140894781e+17 0.20893683226 0.554865869995 0.217191592909
02 1.11063955319e+17 0.194865118491 0.562704761149 0.165506873903
03 1.2087489073e+17 0.179210723147 0.563213991027 0.226373934521
04 1.35875998638e+17 0.164045796875 0.579537048288 0.197148010427
05 1.9694810277e+17 0.152317069924 0.779962506466 0.278071825309
06 3.41002790156e+17 0.148554456269 1.31709458602 0.325935733031
07 5.25716525183e+17 0.159587341972 2.18134027501 0.403129998848
15 1.28547154944e+18 0.215336587873 7.19703548886 0.606324388889
16 9.45993569525e+17 0.197631281103 4.86090594757 0.459413572086
17 6.80778346075e+17 0.195128205057 3.45381547449 0.381098355868
18 4.7469062204e+17 0.201904346331 2.49189459356 0.24783765505
19 2.8137723327e+17 0.211764487412 1.5492283449 0.279557015729
20 2.12512097259e+17 0.220887571124 1.22047330595 0.187435623047
21 1.47038519188e+17 0.227079129488 0.868123852399 0.253670532119
22 1.38583954968e+17 0.229130123392 0.82559772625 0.161322959917
23 1.16005913939e+17 0.226528093177 0.683243560525 0.222406877016
