00 2.45178400945e+17 0.165909325729 1.05761196278 0.35225371616
01 1.89789725226e+17 0.158571531484 0.782476432117 0.314650343091
02 1.42725256805e+17 0.165474686997 0.614052847109 0.179585632117
03 1.02778270935e+17 0.192452832854 0.514279204328 0.243292492389
04 9.78123947135e+16 0.215581973479 0.54825131616 0.162887145933
05 1.23754431896e+17 0.226459153615 0.728658421485 0.237203644488
06 1.70119967024e+17 0.224045603509 0.9909803977 0.145952942878
07 2.18927439169e+17 0.208481292788 1.18669916416 0.201556821946
08 2.76663568344e+17 0.181045780985 1.30230806682 0.128733510524
09 3.70103563974e+17 0.144133173461 1.38694923081 0.186860617521
10 5.07847160944e+17 0.103345674857 1.36457899687 0.119737996002
11 6.9715699483e+17 0.0858985508629 1.55700416508 0.177171802265
12 9.6997221826e+17 0.0802553585842 2.02398217302 0.224620778345
