00 4.39354957928e+17 0.191542000441 2.18802811617 0.618264077767
07 7.20530227828e+17 0.211160448521 3.95583463811 0.572148030877
08 7.34649551778e+17 0.198001094209 3.78199679291 0.392287365695
09 6.6995107027e+17 0.197894069154 3.44706292918 0.383315628742
10 5.70778643696e+17 0.205215879308 3.04545387266 0.238015596262
11 5.12845002676e+17 0.214782425589 2.86390243428 0.274949892957
12 4.72867676848e+17 0.223334272293 2.74579652099 0.180469833253
13 4.37802894451e+17 0.228941580208 2.60601344836 0.247608968116
14 3.83573019616e+17 0.230535962224 2.29911175417 0.156084994597
15 3.64883093319e+17 0.22768149067 2.16000529178 0.21366405929
16 3.73498210534e+17 0.22047826557 2.14105417895 0.153676880784
17 3.62895279065e+17 0.20950032036 1.97669360775 0.222420460536
18 3.52110878537e+17 0.195778404944 1.79232836025 0.165245635279
19 3.02892208955e+17 0.180803637744 1.42386434381 0.230123677891
20 2.9284706758e+17 0.166618146037 1.26863452228 0.209209670907
21 2.68849833592e+17 0.156094912608 1.09111837326 0.302165309266
22 3.04167690552e+17 0.153523759354 1.21412115051 0.391862556095
23 4.26345442272e+17 0.164924474927 1.82818475331 0.441505444436
