00 1.0438741315e+17 0.228666467282 0.620617425835 0.156422615081
01 9.87519859747e+16 0.229436825136 0.589090895587 0.231504194225
02 9.5648137046e+16 0.225595499136 0.561022519677 0.157239325784
03 9.15433037025e+16 0.217339064493 0.517294335671 0.216159950998
04 9.35881090053e+16 0.205355749159 0.499690262166 0.15262966125
05 1.29783376593e+17 0.190798259257 0.643823500694 0.229577750022
06 2.06336595317e+17 0.175309215278 0.940490371812 0.171540321114
07 3.25863280728e+17 0.161158747298 1.36540867093 0.246058295715
08 5.09138165855e+17 0.151625158904 2.00715203785 0.232928826303
09 7.32902733807e+17 0.151773282973 2.89211140425 0.339761084293
10 1.00559656477e+18 0.168426328946 4.40359238291 0.563928329877
18 8.89991102535e+17 0.207058260758 4.7912802543 0.573472874187
19 4.85074816741e+17 0.195838182991 2.46990043886 0.438618432206
20 3.54702850827e+17 0.197702312312 1.8232649186 0.296569588561
21 2.1637991597e+17 0.20608816542 1.15942683781 0.317803240226
22 1.86912447709e+17 0.215892666581 1.04917869558 0.201041593774
23 1.35423295464e+17 0.224067719873 0.788943714841 0.253438949512
