00 2.0942074607e+17 0.212805565724 1.15871340888 0.293405694399
01 1.74385211309e+17 0.216399361137 0.981158056295 0.35278051635
02 1.5469759458e+17 0.220240221958 0.885836446735 0.259974174389
03 1.33260072361e+17 0.223725756257 0.775156472163 0.304666660216
04 1.26943487745e+17 0.226301974233 0.746916609208 0.220873618644
05 1.62234324085e+17 0.227548151358 0.959819133843 0.289624916809
06 2.09424245227e+17 0.227216470294 1.23720058265 0.200436589719
07 2.78559209002e+17 0.22524410294 1.63133929783 0.259180322601
08 3.38375191615e+17 0.221761797882 1.95100596214 0.18407975657
09 4.11115892911e+17 0.217073098847 2.32029722234 0.282642727779
10 4.74534133304e+17 0.211638883088 2.61117672295 0.228989081314
11 5.38930932904e+17 0.206043854534 2.88712857533 0.283304327415
12 5.97959762017e+17 0.200950279337 3.12416471146 0.243148203426
13 7.17574769714e+17 0.197027027273 3.6759222168 0.346298726845
14 7.77437212736e+17 0.19483680433 3.93830793452 0.322063350681
15 8.0998595094e+17 0.194668425261 4.09964592837 0.372662718429
16 8.78686222528e+17 0.196365503904 4.48613523437 0.384334314851
17 8.80270950209e+17 0.199250728882 4.5602603395 0.452233192934
18 7.88571088577e+17 0.202327260044 4.14828512024 0.469151786591
19 5.55462377769e+17 0.204736287789 2.956805936 0.490355352888
20 4.82980962761e+17 0.206201441048 2.58937563352 0.466688187582
21 3.61206893487e+17 0.207116252831 1.94510727517 0.475398455572
22 3.4929981462e+17 0.20822100515 1.89102052097 0.402438243766
23 2.41503520131e+17 0.210128030613 1.31941313585 0.38443888172
