00 1.03875775827e+17 0.171832836477 0.46408099924 0.128541386345
01 1.29134934654e+17 0.15270357224 0.512703511389 0.20266293951
02 1.68148016863e+17 0.134822299583 0.589422659898 0.19069426766
03 2.11812557078e+17 0.122714091969 0.675802025849 0.259474555661
04 2.84517584068e+17 0.12452750671 0.92118689934 0.359887032752
14 1.0784475356e+18 0.194270123434 5.4472635323 0.461565613328
15 8.18072809995e+17 0.181716350036 3.8650873325 0.357088576412
16 6.48498725967e+17 0.186415998932 3.14315398298 0.242827802616
17 4.47247725119e+17 0.197060079855 2.29150148309 0.273499149958
18 3.24615772191e+17 0.207349387534 1.75003092024 0.164715988309
19 2.16879207528e+17 0.214151097094 1.20756792595 0.219518437731
20 1.68177814437e+17 0.21590313671 0.94406305921 0.147361984565
21 1.29008879067e+17 0.211998381777 0.711091513524 0.212020121658
22 1.30159964709e+17 0.20254967284 0.685460314986 0.133835606129
23 1.21828844043e+17 0.188303172932 0.596459705088 0.1953919452
