00 2.07618154409e+17 0.140646046465 0.759217487393 0.360395586818
01 1.79933356372e+17 0.165418976119 0.773874181098 0.344679728448
02 1.32692754256e+17 0.19437817215 0.670606950775 0.217223861834
03 1.02291576579e+17 0.21686749388 0.5767766643 0.293313184118
04 9.94899387621e+16 0.228382259646 0.590765162689 0.189469132083
05 1.33033009398e+17 0.226932017962 0.784925681236 0.269946445453
06 1.94773709305e+17 0.212181722559 1.07451294989 0.161533269415
07 2.60283625955e+17 0.185167589038 1.25309837859 0.224849508271
08 3.47792240786e+17 0.14825012248 1.34056629964 0.142108104667
09 4.97118602237e+17 0.105302756396 1.36104693585 0.195969411918
10 7.18505310732e+17 0.0622909809881 1.16366641692 0.137110104087
11 9.12575345014e+17 0.0482751364053 1.14542218078 0.163549289734
