11 9.80242901946e+17 0.166603343484 4.24610536715 0.579876326125
12 8.26637885646e+17 0.176015717883 3.78303278265 0.403025961847
13 6.19619053911e+17 0.195647307051 3.15189678167 0.38410734708
14 4.66324374198e+17 0.212584017472 2.57746083171 0.247695935013
15 4.48260850843e+17 0.220363404598 2.56828746824 0.30307305467
16 4.14921851909e+17 0.216342624016 2.33389733729 0.197462264369
17 3.94653117047e+17 0.199996282496 2.0521580634 0.273859755274
18 3.68261165913e+17 0.172372532615 1.65043085563 0.179027934987
19 3.51491109295e+17 0.136026987973 1.24311919931 0.249758441714
20 3.59097976939e+17 0.095426029293 0.890949645727 0.166269303708
21 4.15095409913e+17 0.0576137797427 0.621795603492 0.185094938387
