00 2.09337530252e+17 0.139691579039 0.760309943977 0.264286853007
01 3.14909929712e+17 0.143486990787 1.17482243277 0.362217343416
02 3.95741423934e+17 0.169382344403 1.74282186425 0.550119093734
10 1.12171282561e+18 0.208412276347 6.07824680822 0.561656115642
11 9.46662554622e+17 0.191788716886 4.72053911356 0.408289797053
12 7.69625855205e+17 0.192125073824 3.84447503046 0.280630058232
13 6.3310408647e+17 0.200829773788 3.30579991223 0.30510686932
14 4.860509321e+17 0.211332169592 2.67067314834 0.182899368426
15 4.13236054397e+17 0.220004232437 2.36375570504 0.232055007322
16 3.78839411345e+17 0.224874071853 2.2149701862 0.160556744685
17 3.23586671782e+17 0.224947455311 1.89253995814 0.220816785925
18 2.79624360284e+17 0.219933921706 1.59897093621 0.143989879357
19 2.18313608949e+17 0.210130127047 1.192730926 0.204143803302
20 1.96761759405e+17 0.196368792815 1.00458459833 0.150522749224
21 1.68720078591e+17 0.180003709014 0.789626238222 0.224320810696
22 1.90712698838e+17 0.162971173109 0.808097478666 0.179346176848
23 2.21749231924e+17 0.148026618159 0.853444510908 0.253736936348
