10 9.28870968385e+17 0.151961357 3.66996481368 0.366195858651
11 7.62340601064e+17 0.149253970394 2.95834139904 0.302607412492
12 6.18313495895e+17 0.182336228484 2.93126472242 0.207722828965
13 4.85930943011e+17 0.209633161358 2.64854823441 0.273488730309
14 3.86727493267e+17 0.226449023985 2.27692564837 0.175302819778
15 3.73089996359e+17 0.230454946462 2.23549131355 0.241651965636
16 3.64561700826e+17 0.220925801747 2.09406823707 0.16063502594
17 3.58234415671e+17 0.198470798686 1.84857583547 0.225261077813
18 3.5368284633e+17 0.164952311967 1.51686088334 0.144483657939
19 3.46947973788e+17 0.123544945067 1.11445537743 0.191807024849
20 3.75876425546e+17 0.0790585491865 0.772622366803 0.124771417637
21 4.0112767988e+17 0.0560045494774 0.584089349859 0.162689656747
