00 2.24672668038e+17 0.191808032874 1.12044458492 0.334838931201
01 2.58797111511e+17 0.193375060816 1.30116758661 0.421346229991
02 2.48208951943e+17 0.196901618959 1.27069135641 0.49330118836
03 2.63842212492e+17 0.201140384166 1.37980242348 0.470777869174
04 2.28390377916e+17 0.204667627653 1.2153470375 0.534279180391
05 3.54283878245e+17 0.206643865602 1.90347534314 0.499776036848
06 4.10668212475e+17 0.207252925915 2.21291690401 0.447709917012
07 5.29612351493e+17 0.207482949135 2.85702384724 0.429737972777
08 5.82926172805e+17 0.208440301402 3.15913798602 0.32673953363
09 6.2489548371e+17 0.210735335994 3.42387655274 0.392689633437
10 5.99683842908e+17 0.214299782273 3.34131504116 0.29110256781
11 5.84514266134e+17 0.218582449338 3.32187855908 0.312940289801
12 5.55243355883e+17 0.22283590986 3.21693211845 0.229458431052
13 5.51407347661e+17 0.226336658673 3.24489611256 0.303777738169
14 4.97530866982e+17 0.228502135017 2.95585849891 0.200659535652
15 4.58987076421e+17 0.228951577422 2.73223119424 0.263434268086
16 4.63677945516e+17 0.227517556883 2.74286670696 0.200277169343
17 4.27771125507e+17 0.22425502419 2.49417542655 0.27273363021
18 3.89273694261e+17 0.219429789578 2.22087436532 0.208691904958
19 2.94287306795e+17 0.21349663128 1.63356306436 0.270950929054
20 2.68543690967e+17 0.207079099308 1.44585442691 0.229116937189
21 2.16505641776e+17 0.2009244805 1.13103337358 0.315349144964
22 2.41928914803e+17 0.195848597724 1.23191740654 0.292839159435
23 2.35137998556e+17 0.192630034038 1.1776606573 0.344685286645
