02 2.55021800988e+17 0.210216811403 1.39385661589 0.549120236263
03 2.19493811156e+17 0.190544930978 1.08740926052 0.443039299985
04 2.24006403911e+17 0.189558307882 1.10401914688 0.277122519589
05 2.22881974695e+17 0.198094843355 1.14794601646 0.299639449739
06 2.38756230703e+17 0.208808700205 1.29621383317 0.186107544624
07 2.61965596839e+17 0.217740255339 1.48305185459 0.225462197073
08 2.76095510802e+17 0.222778226973 1.59920977766 0.149108331443
09 3.04176687639e+17 0.222872064424 1.76260464442 0.220853779043
10 3.29101861496e+17 0.217708796821 1.86285762774 0.139696735519
11 3.60447624106e+17 0.207591080665 1.9454685071 0.200868037451
12 4.10057094836e+17 0.193373415052 2.06164766067 0.136552426613
13 4.83203410386e+17 0.176457764158 2.21688982919 0.211920635046
14 5.50599583374e+17 0.158854581813 2.27409693065 0.166479343915
15 6.59195428469e+17 0.143462728307 2.45881934105 0.236842287202
16 8.5930346172e+17 0.134865714894 3.01315496756 0.267660642586
17 1.15149251016e+18 0.140984251625 4.22090005469 0.362270667081
