00 1.32531608085e+17 0.118275528744 0.40755639656 0.128350828763
01 1.85372398305e+17 0.0738551532306 0.35595837892 0.155788359438
02 2.71281165166e+17 0.0557260658004 0.393053233572 0.171039331263
15 7.98857714658e+17 0.147524275673 3.06412354874 0.360080210332
16 6.1062766525e+17 0.155597104091 2.47030930616 0.233363923296
17 4.25405345391e+17 0.188030381367 2.07971736256 0.290512557458
18 3.03716305825e+17 0.213625652348 1.68692144298 0.184150328534
19 2.17907016516e+17 0.228185413691 1.29280327046 0.256370546481
20 1.64422945108e+17 0.229700558511 0.981969100404 0.167789303447
21 1.39320717939e+17 0.21769904436 0.788579666024 0.251088375092
22 1.46146173216e+17 0.193022019544 0.733445167071 0.153385656707
23 1.52929312984e+17 0.157764758952 0.627298261188 0.213149979848
