00 8.99888693366e+16 0.214525955601 0.501928652885 0.129568698918
01 9.6573153793e+16 0.203383399454 0.510675784176 0.203941576853
02 1.04429307867e+17 0.188254556498 0.511141618987 0.147664791337
03 1.12966888819e+17 0.170673366173 0.501291418703 0.207411375611
04 1.28751111506e+17 0.152837275324 0.511627196019 0.172400510647
05 1.82458201689e+17 0.137971159737 0.654523211958 0.249042854024
06 3.27341541529e+17 0.131365908918 1.11803949737 0.290679233243
07 5.10539244296e+17 0.142224772488 1.88789452452 0.371474651719
16 1.02179801502e+18 0.204549138129 5.43420548616 0.569584051902
17 7.61880915765e+17 0.187738398831 3.71889188386 0.415424442946
18 5.23341507081e+17 0.189145271281 2.57367685457 0.267093041218
19 3.00381401437e+17 0.198645306435 1.55140324393 0.286680268685
20 2.17760192609e+17 0.209346224831 1.18526913027 0.185673753384
21 1.4825961708e+17 0.217645849871 0.838970349384 0.248660307694
22 1.35860433568e+17 0.221650448217 0.782951675876 0.153827312802
23 1.12250863959e+17 0.220471973115 0.643452405982 0.212433824536
