00 1.05545790139e+17 0.225366478839 0.618448560079 0.188054861652
01 1.10121439922e+17 0.218311218714 0.625059389653 0.282692956958
02 1.10743485354e+17 0.198586230219 0.571795413221 0.167425070379
03 1.16856880651e+17 0.167688974883 0.509485873632 0.252763613209
04 1.33627918421e+17 0.128585181231 0.446746822799 0.161760670425
05 1.76340051311e+17 0.0861583038297 0.395022152674 0.207686657459
06 2.63347504909e+17 0.0476770840565 0.326446669318 0.148854465619
20 2.26393522189e+17 0.158871732529 0.93515580869 0.430868873829
21 2.10252298546e+17 0.180802413147 0.988367196617 0.38581020679
22 1.63916608993e+17 0.204246041168 0.87046228018 0.257932153556
23 1.36817507077e+17 0.220419181334 0.784087275458 0.304720542743
