08 8.09649251298e+17 0.196163559502 4.12941565614 0.432619749904
09 7.18327661631e+17 0.19147624149 3.576109701 0.391846721647
10 5.94601651218e+17 0.198037642435 3.06159123908 0.236852858978
11 5.22561652325e+17 0.208320261805 2.83036468576 0.271817634808
12 4.74681533767e+17 0.217897480782 2.68922966992 0.174747925291
13 4.30213407265e+17 0.22433932791 2.50935845274 0.239398188612
14 3.72217717089e+17 0.22634300329 2.19047077505 0.149241624369
15 3.54445900958e+17 0.223374944044 2.05853266563 0.204628628956
16 3.61435090329e+17 0.215509252434 2.02520775913 0.144750160809
17 3.52146825594e+17 0.203362787647 1.86195256296 0.211202991877
18 3.43667754478e+17 0.188066210676 1.68043960022 0.154209964541
19 3.02338446434e+17 0.171281023157 1.34640579957 0.217807165123
20 2.96766547201e+17 0.155343806121 1.19862196926 0.196846999132
21 2.79501879643e+17 0.143702343935 1.04429195621 0.288635747572
22 3.08019220091e+17 0.141986294067 1.13709719662 0.392862273347
23 4.94163233482e+17 0.158837648167 2.04078487124 0.451837013051
