00 1.63722111155e+17 0.198163720509 0.843538349578 0.207422017077
01 1.27719220011e+17 0.208904923972 0.693710522601 0.269612265306
02 1.08457091983e+17 0.217620577597 0.613664870049 0.166279278296
03 8.91839936186e+16 0.222280848267 0.515421237588 0.223765682364
04 8.69396439531e+16 0.221893346251 0.501574541483 0.145090149801
05 1.12730288435e+17 0.216200951841 0.633682287187 0.213315856766
06 1.63316671489e+17 0.20555796079 0.872847090814 0.133227583686
07 2.27942536072e+17 0.190879285357 1.13124721809 0.192296681777
08 3.06759248764e+17 0.173632000676 1.3848437743 0.136726581552
09 4.23532044238e+17 0.155920041164 1.71696547807 0.222075510741
10 5.92137679862e+17 0.140798540976 2.16767515592 0.219438199924
11 8.12396524487e+17 0.133188707665 2.81325312342 0.289923091419
12 1.18181713512e+18 0.141637898605 4.35214248441 0.404844556204
21 6.46696201243e+17 0.206262736763 3.46812253638 0.603523410944
22 4.0925670161e+17 0.188860460163 2.00960263377 0.367860560387
23 2.39299814543e+17 0.189649099221 1.17995785107 0.334243055393
