00 1.39577688918e+17 0.172515234205 0.626061220033 0.187748419711
01 1.83881862059e+17 0.160779248263 0.768674076324 0.274365697175
02 2.34158380852e+17 0.155243326006 0.94513967225 0.355008980058
03 2.93130093094e+17 0.16111727438 1.22793636259 0.395193877211
04 3.09322681068e+17 0.183333428102 1.47443887526 0.578263998329
11 1.29133067694e+18 0.214867058571 7.21407502912 0.603023858507
12 9.64511943519e+17 0.200043560719 5.01655449197 0.457131608129
13 8.54127039337e+17 0.198052931972 4.39822147485 0.398722166711
14 6.49292485351e+17 0.204284825677 3.44865565676 0.238605118708
15 5.21217511647e+17 0.213533320223 2.89372995133 0.277234657983
16 4.5891327426e+17 0.222333626624 2.65282816687 0.193140829292
17 3.66825281058e+17 0.228590047681 2.18016782068 0.251274799129
18 2.98352949973e+17 0.231104119334 1.79271548961 0.165288311298
19 2.15815959999e+17 0.229322539941 1.28677806678 0.223306857633
20 1.83656746455e+17 0.223227826213 1.06592970329 0.160679440615
21 1.46127894702e+17 0.213278663819 0.810315015345 0.233213991475
22 1.57195211458e+17 0.200381796541 0.818975530869 0.164783688787
23 1.574021854e+17 0.18588518945 0.760727111376 0.237243255276
