00 1.22201841547e+17 0.205981628993 0.654454694084 0.180028345733
01 1.41998951415e+17 0.19554046302 0.721930058411 0.264320152483
02 1.61511137371e+17 0.185956115544 0.780883576788 0.255149874508
03 1.84756952714e+17 0.178932971676 0.859536875259 0.31404665704
04 1.97545977319e+17 0.176436551593 0.906212606499 0.360949510516
05 3.01197762034e+17 0.180310857974 1.4120398992 0.41783159538
06 4.42346681417e+17 0.191035586335 2.19710289884 0.549991725109
07 5.97847711278e+17 0.205920674372 3.20083930083 0.546356452484
08 7.38722154134e+17 0.219321868058 4.21246599333 0.666611606902
09 9.78665736023e+17 0.226170706911 5.754983555 0.647009586801
10 1.13522512538e+18 0.224967874578 6.64011877425 0.741098791518
11 1.2694915564e+18 0.217982572718 7.19490292321 0.598816536562
12 1.01929152662e+18 0.209994611286 5.56518892594 0.524648639292
13 9.94827467905e+17 0.205520992614 5.31590614577 0.495037808103
14 7.9658017118e+17 0.206176428727 4.27013742711 0.31696530097
15 6.49358464886e+17 0.210876291565 3.56029192925 0.329191695555
16 5.74247792806e+17 0.217562005863 3.24829704329 0.240668209788
17 4.52696971232e+17 0.224315018949 2.64021497168 0.29335627833
18 3.58747831602e+17 0.229674676024 2.14227759193 0.201463023462
19 2.43289374508e+17 0.232657679012 1.47168167123 0.254415146236
20 2.02032364954e+17 0.232704567458 1.22236020658 0.185450086781
21 1.51456876388e+17 0.229643396311 0.904307858699 0.25883053505
22 1.56409262323e+17 0.223661009043 0.909548989305 0.17984512607
23 1.41452396073e+17 0.215270917003 0.791715262388 0.250014186227
