12 9.5647551807e+17 0.164426082164 4.08900757517 0.482386205684
13 8.07056500623e+17 0.145252533094 3.0479020277 0.346047738053
14 5.71801971474e+17 0.175159508418 2.60407035814 0.236109265493
15 4.82530774436e+17 0.203172334751 2.54895950482 0.284262280031
16 4.05107344892e+17 0.222516065302 2.34371520267 0.188549152396
17 3.3746013521e+17 0.229857828461 2.01676420066 0.265815377657
18 2.82908305502e+17 0.223885176892 1.64681337656 0.166771821106
19 2.34222429505e+17 0.204774506341 1.24703234177 0.236108348224
20 2.09271659481e+17 0.174018735121 0.946846926466 0.153801001049
21 2.08305442044e+17 0.134449765001 0.728172061012 0.219397207767
22 2.58755016477e+17 0.0905278467987 0.609037896741 0.141168790506
23 3.32228619331e+17 0.0488867630384 0.422281126483 0.136852680377
