08 8.61868914933e+17 0.18917867194 4.23922763454 0.427105676218
09 7.31679316471e+17 0.180396528637 3.43180262793 0.366892757925
10 5.92169255472e+17 0.186884744699 2.87735240332 0.217259289798
11 5.11712724702e+17 0.197829644105 2.63203060151 0.256043314665
12 4.62080541169e+17 0.207600513701 2.49413210067 0.158718113791
13 4.11603796352e+17 0.213410155176 2.28385118131 0.220652674303
14 3.55095125751e+17 0.213907136597 1.97489192079 0.137050962802
15 3.44462832965e+17 0.208645343113 1.86863471531 0.189320276501
16 3.54343776123e+17 0.197884457461 1.82309727321 0.131555009459
17 3.54536552538e+17 0.182515960723 1.68242306695 0.192678911004
18 3.57450613078e+17 0.164048788524 1.52462284085 0.140645661566
19 3.33978627499e+17 0.14469993431 1.25649382196 0.20101732457
20 3.38425514414e+17 0.127766188155 1.12422278673 0.190229630631
21 3.3083633075e+17 0.118733405109 1.02131442618 0.281784485936
22 3.57697773271e+17 0.127613983221 1.18682817855 0.415934593596
