00 3.03945858475e+17 0.195333306661 1.54363948913 0.395115817337
01 1.96671706366e+17 0.196933744508 1.00701368491 0.370734358545
02 1.56887428892e+17 0.205348096432 0.837629906804 0.229369240636
03 1.15976222589e+17 0.21526481753 0.649105610227 0.27346611733
04 1.08609524277e+17 0.223542880573 0.631251033775 0.175064201494
05 1.32160236963e+17 0.228385594709 0.784770852207 0.241784362456
06 1.71349524798e+17 0.228850895798 1.01955079836 0.151891723117
07 2.17695650018e+17 0.224633721722 1.27144638572 0.205678193886
08 2.62794223929e+17 0.215970424131 1.47565028003 0.13769701756
09 3.27238664101e+17 0.203590806146 1.73219236909 0.220690184771
10 4.00732048137e+17 0.188693672711 1.96600565034 0.164561886083
11 4.87975002954e+17 0.172991246652 2.1948005065 0.226906377202
12 6.10171007138e+17 0.158849473111 2.52005891778 0.201291732883
13 8.38021189849e+17 0.149736732954 3.26254643296 0.303705618474
14 1.10673691656e+18 0.151082226365 4.34741521124 0.425236283632
15 1.45937240008e+18 0.170036065973 6.45179448417 0.467390426211
23 3.94518639657e+17 0.206096859404 2.11403536785 0.558317628281
