00 1.14630338658e+17 0.216044034213 0.64389522098 0.19125347062
01 1.08226630105e+17 0.228057372038 0.641728902003 0.283620370319
02 9.90834668379e+16 0.227170899831 0.585230888319 0.169699328754
03 9.478140808e+16 0.212978385638 0.524846173316 0.254416892489
04 1.00051961524e+17 0.186458493416 0.485043988234 0.157599263787
05 1.41238196587e+17 0.149912299892 0.550506914959 0.229217961796
06 2.54913313889e+17 0.107143547591 0.710120236236 0.137016572568
07 4.07099451593e+17 0.0640303693036 0.677734933948 0.155580233354
08 5.37478039064e+17 0.0474564837525 0.663177263532 0.164945184663
21 2.7179875315e+17 0.13999786673 0.989332386141 0.381309381465
22 1.96694954847e+17 0.166213550831 0.850027538768 0.279776065996
23 1.59304254275e+17 0.194975208503 0.807569885011 0.306222268543
