00 8.84137273305e+16 0.214942392201 0.494100309452 0.130510484424
01 9.19304046893e+16 0.206400046842 0.493335435686 0.202809526803
02 9.54545058967e+16 0.186093950961 0.461851159622 0.129957304562
03 1.00234493213e+17 0.16180009104 0.421666703306 0.182490755601
04 1.13022814475e+17 0.141481332062 0.41575607698 0.134853476676
05 1.54923252745e+17 0.121938870113 0.491170326244 0.204188251793
06 2.80189156889e+17 0.107924961047 0.786224499924 0.204731903615
07 4.60772402542e+17 0.108081979857 1.29483103179 0.285264708361
18 6.52326072666e+17 0.177644569757 3.01293679751 0.369162169
19 3.6878136734e+17 0.174447156796 1.67265438631 0.323700366205
20 2.50545223687e+17 0.183210265266 1.19346387921 0.204769853454
21 1.65270974763e+17 0.193951346081 0.833417728607 0.252106218403
22 1.42124463786e+17 0.201954428287 0.746269285568 0.15423871793
23 1.13108814232e+17 0.211612188257 0.622315295963 0.21078252229
