13 8.25956108921e+17 0.159980639482 3.43556164873 0.464865321982
14 6.03232629622e+17 0.180703022685 2.83415494843 0.30292838375
15 5.19047930573e+17 0.203668972842 2.74856293076 0.325737387577
16 4.30332409695e+17 0.219705874283 2.45821051591 0.210254096312
17 3.60097741779e+17 0.224620966119 2.10302306905 0.290001908228
18 2.99917420628e+17 0.216844374877 1.69092054536 0.183973546379
19 2.51849833489e+17 0.196507304057 1.28674862696 0.258574102468
20 2.22828894191e+17 0.165174771927 0.956948506193 0.16663634326
21 2.31137405519e+17 0.125903465428 0.756626008964 0.239310688205
22 2.95935455781e+17 0.0837387592532 0.64431296504 0.162073496889
23 3.51121086689e+17 0.0460537480213 0.420431493335 0.15099262805
