00 2.17210477766e+17 0.0599899505736 0.338791591457 0.128354319537
01 2.61816695996e+17 0.0494585590014 0.336675989169 0.164759057437
14 7.93076854766e+17 0.14099615655 2.90734049764 0.318714861594
15 6.31051507185e+17 0.168917459602 2.77148605427 0.318369236824
16 4.81695011995e+17 0.197625658181 2.47507763849 0.214291539199
17 3.66460368555e+17 0.219024149219 2.08685543158 0.287787128933
18 2.83463753198e+17 0.229052444044 1.68812970216 0.182939834644
19 2.19288901979e+17 0.225972755792 1.28838625487 0.25443941349
20 1.79039996913e+17 0.209635230687 0.975860367434 0.164031024043
21 1.64123974021e+17 0.181241129675 0.773396375913 0.245267695133
22 1.87299835968e+17 0.143320127269 0.697939744538 0.153291695629
23 2.27541279837e+17 0.0999554793658 0.591343940243 0.195247243783
