00 1.63705263845e+17 0.191119201754 0.813467703075 0.396746839508
01 1.52707363378e+17 0.204902437996 0.813542887459 0.40581631303
02 1.24353209039e+17 0.212498003265 0.687045024131 0.242421821759
03 1.12073952096e+17 0.209872844933 0.611553258403 0.336222108992
04 1.15092193208e+17 0.195823324733 0.585981134046 0.216217256312
05 1.71726723267e+17 0.170976009362 0.763389895966 0.304811497809
06 2.94188099421e+17 0.137586506248 1.05238413226 0.192109145172
07 4.39881261535e+17 0.0999170951006 1.14274310389 0.256486584316
08 5.72521284816e+17 0.0648965900629 0.966021657198 0.193827702295
23 2.18222086437e+17 0.180940457255 1.02661530668 0.582031497477
