00 8.8941297767e+16 0.226577383644 0.523954250195 0.142875557599
01 9.45795312138e+16 0.214210655762 0.526758528478 0.222836623247
02 9.98631623227e+16 0.189493581395 0.492009135226 0.138629944734
03 1.07088355988e+17 0.15454387737 0.430296093645 0.192979595199
04 1.2461450858e+17 0.112653719818 0.364995486307 0.121710676836
05 1.65576935522e+17 0.0870478279954 0.374740927687 0.174343274463
06 2.89183973523e+17 0.0777188978306 0.584351552004 0.204544522328
18 5.75172702664e+17 0.170565026369 2.55071302711 0.370717951925
19 3.72855076219e+17 0.156909493213 1.52111702734 0.324724287255
20 2.38713770632e+17 0.161696780283 1.00358045113 0.195094315711
21 1.6575903212e+17 0.187544489491 0.808267019494 0.256592002419
22 1.40092937358e+17 0.212766750653 0.774985095849 0.172194771633
23 1.13887314639e+17 0.226078763028 0.669435083672 0.23364955241
