00 1.00974246982e+17 0.231780864959 0.608501355907 0.154900696468
01 9.97792705073e+16 0.228929758358 0.593903551445 0.231657476702
02 9.98089206852e+16 0.222004047273 0.576107592998 0.163992806558
03 9.95277776639e+16 0.211564600322 0.547470417062 0.223548941522
04 1.03480449496e+17 0.198595653475 0.53431995473 0.167456458955
05 1.4513490745e+17 0.184513158132 0.696261803352 0.246364657898
06 2.32565392246e+17 0.171227962324 1.03536415376 0.201326920387
07 3.74942603242e+17 0.161365126217 1.57306917291 0.283955080383
08 5.88022713458e+17 0.158665632364 2.42577388756 0.310961833565
09 8.08416962803e+17 0.168067209242 3.5325779539 0.410827695958
10 1.05934865577e+18 0.192518258775 5.30254292476 0.656327133234
16 1.1556807682e+18 0.226948122969 6.81926910845 0.650287601798
17 9.84657283727e+17 0.207610918007 5.31506566753 0.580396403785
18 6.90023589495e+17 0.199124433532 3.57241446593 0.398694178981
19 3.81747029471e+17 0.20114925545 1.99649139945 0.359274432336
20 2.90077878666e+17 0.208804959435 1.57481219188 0.245929600889
21 1.84727344772e+17 0.21790897488 1.04659740462 0.294904926857
22 1.67176681144e+17 0.225744142628 0.98121807036 0.19026869534
23 1.28098627289e+17 0.230656179014 0.768215237592 0.246858221708
