00 1.97551847301e+17 0.21204422524 1.08913293855 0.287857115213
01 1.83695775543e+17 0.213376329237 1.01910458732 0.357763727449
02 1.69575474972e+17 0.21471397596 0.946665835872 0.294110522127
03 1.55834666825e+17 0.215967034354 0.875033921937 0.333095853314
04 1.49099733062e+17 0.217028911208 0.841332770923 0.265414205513
05 1.9771679478e+17 0.217794585533 1.11960283167 0.324807072452
06 2.49189033594e+17 0.218173092338 1.41352489293 0.241773787762
07 3.34056512841e+17 0.218105991366 1.89435289954 0.296741289575
08 4.00240322803e+17 0.217577182752 2.26416220834 0.216787392644
09 4.71814998591e+17 0.21661585893 2.65726789057 0.316873482213
10 5.19226669026e+17 0.215294894939 2.9064581301 0.258959652001
11 5.63486478275e+17 0.213728337992 3.13125874055 0.301916583531
12 5.89607047918e+17 0.212054601665 3.25075107982 0.248246626305
13 6.62117549703e+17 0.210425555613 3.62248778521 0.34162728463
14 6.65427246183e+17 0.208984878123 3.61567003053 0.270133041391
15 6.4877164792e+17 0.207850706689 3.506038783 0.328760331061
16 6.79751607826e+17 0.207099681107 3.66018487153 0.290662153
17 6.47590053011e+17 0.20675918042 3.48127490383 0.362162226246
18 5.76982971678e+17 0.206806481791 3.10241927907 0.318566928473
19 4.02995705266e+17 0.207187444895 2.17088691242 0.371958454323
20 3.54401793029e+17 0.207834416168 1.91507913332 0.32879972049
21 2.68474010217e+17 0.208688888095 1.45671610954 0.388983696446
22 2.82037302825e+17 0.209707172853 1.53777638077 0.337268843587
23 2.21775162994e+17 0.21086373199 1.21587280182 0.359444994361
