00 3.18269121773e+17 0.0546430802696 0.452171334377 0.187946706415
13 8.47916475251e+17 0.142307174923 3.13727955226 0.342914634955
14 6.00187309834e+17 0.164390760804 2.5652964607 0.228486260555
15 4.96161631736e+17 0.195227926486 2.51847977071 0.276601337568
16 4.10665533286e+17 0.218232969002 2.33013972349 0.184558934068
17 3.35024116274e+17 0.229668003886 2.00055232099 0.262101647099
18 2.76698360803e+17 0.227864669614 1.63929429475 0.164383457326
19 2.24615605728e+17 0.212649544122 1.24187456018 0.232966709734
20 1.97231060711e+17 0.185157829177 0.949490751239 0.151928118019
21 1.89998122185e+17 0.147796784035 0.730108897223 0.2194443657
22 2.28359290314e+17 0.104410542046 0.619921049356 0.137913407557
23 3.00547590862e+17 0.0607737753295 0.474900705834 0.148583449844
