00 1.12879880649e+17 0.231660915171 0.67989626784 0.17509944161
01 1.13424750714e+17 0.22832191879 0.673331274755 0.254372710044
02 1.14413973261e+17 0.222480257865 0.661826107137 0.193360467899
03 1.15268507301e+17 0.214660693398 0.643334060306 0.252051192511
04 1.17358871914e+17 0.205650822731 0.627508662662 0.198799273004
05 1.66480250203e+17 0.196487863583 0.85049506597 0.28168556491
06 2.50596936211e+17 0.188437614891 1.22776911292 0.237052078559
07 3.88731090472e+17 0.182953520926 1.84911276407 0.315989379455
08 5.59315051922e+17 0.181528975964 2.63982910403 0.314246519995
09 7.49788404847e+17 0.185232442543 3.61101357813 0.412783160196
10 9.39302436202e+17 0.193749470707 4.73172309605 0.58624909259
11 1.19238313596e+18 0.20451653553 6.34041376777 0.543433056515
12 1.25358270051e+18 0.213461083606 6.95736916264 0.630236870706
13 1.39578700697e+18 0.217417479651 7.89018082281 0.63537839226
14 1.25518953811e+18 0.215977872258 7.04842230877 0.625013858784
15 1.16766736321e+18 0.21148300093 6.42048674954 0.538541837303
16 9.36241686702e+17 0.207487226349 5.05071295992 0.46823562203
17 7.60311240467e+17 0.206571082936 4.0835162241 0.433785700006
18 5.6652919488e+17 0.209220933765 3.08177394611 0.312015861316
19 3.37987489722e+17 0.214393886922 1.88402374297 0.333746859906
20 2.72543109927e+17 0.220548115942 1.56283060459 0.241121579822
21 1.83307035e+17 0.226259050038 1.07834676571 0.301424054689
22 1.75260849282e+17 0.230425055926 1.04999676594 0.204208813528
23 1.3905772363e+17 0.232309569252 0.839915436817 0.264255899011
