09 9.26527971995e+17 0.177689153487 4.28048324667 0.415892787353
10 8.10836692098e+17 0.157065561271 3.31121752374 0.277685455975
11 6.55674793612e+17 0.159141480312 2.71297148872 0.266060205914
12 5.4855251072e+17 0.181329529353 2.58618798345 0.172979165084
13 4.49304970246e+17 0.208727384411 2.43833853229 0.24419545483
14 3.66698681e+17 0.224659932589 2.1419450248 0.157597834237
15 3.53092005451e+17 0.227530217206 2.08881661804 0.219773546771
16 3.50664242713e+17 0.216994565638 1.97839811084 0.147982572172
17 3.45724903856e+17 0.193877418318 1.74273454701 0.207300571896
18 3.43143346267e+17 0.160142838367 1.42875068539 0.134126062941
19 3.31388661259e+17 0.11891774113 1.02460776686 0.170765855508
20 3.55145491913e+17 0.0882001407137 0.814420941375 0.130091527731
21 3.65398422591e+17 0.0770518333699 0.73202007765 0.20216080643
