00 1.73048217355e+17 0.148095569667 0.666319532556 0.215900440245
01 1.40103912604e+17 0.179539008829 0.654007057655 0.276998638399
02 1.10934497629e+17 0.207932565762 0.59973926281 0.170415919419
03 9.01747892389e+16 0.225499427847 0.52869344787 0.253685088827
04 8.85245874301e+16 0.230156012153 0.529736116532 0.161531758514
05 1.18195863839e+17 0.221256676988 0.679942225737 0.239548952025
06 1.80161415062e+17 0.199421302307 0.934128624444 0.141624154307
07 2.52319770597e+17 0.166469832527 1.09209437882 0.196570266002
08 3.52638274239e+17 0.125458063345 1.15027418863 0.121158085054
09 5.18820197736e+17 0.0809155686931 1.09149641508 0.154765881054
10 7.65656695509e+17 0.0656135715927 1.30617423056 0.169599947701
23 2.77311500481e+17 0.15303702264 1.10341208581 0.351861697615
