00 1.05603372554e+17 0.164394179659 0.451375074807 0.126818944593
01 1.33210625927e+17 0.144744825506 0.50132026894 0.19902134281
02 1.77435006773e+17 0.12698690622 0.585829986695 0.192152669972
03 2.25721876355e+17 0.116321034794 0.682661258062 0.26229119198
04 3.1202443828e+17 0.122293104402 0.992119367369 0.368813036912
14 1.05337626641e+18 0.1912189866 5.23706409648 0.441829508797
15 8.0172243978e+17 0.178936600928 3.72989469482 0.346638302257
16 6.33420336254e+17 0.184096550517 3.03187297223 0.235723750322
17 4.37192272048e+17 0.194871837989 2.21510800182 0.26712684013
18 3.17973658371e+17 0.204936973244 1.69427853706 0.159176915041
19 2.13866698309e+17 0.21120940823 1.17443712854 0.214779217531
20 1.6589404528e+17 0.212192028023 0.915236241527 0.143688213752
21 1.28529634862e+17 0.207350064064 0.692916328592 0.207458888402
22 1.30385287702e+17 0.196886268744 0.667447892661 0.130663405783
23 1.23503710298e+17 0.18165027283 0.583296549451 0.191344900956
