01 3.14202368558e+17 0.205066593599 1.67524264494 0.590250985112
02 2.43192989386e+17 0.189398186995 1.19756809327 0.36592737959
03 1.63163097291e+17 0.190971635063 0.810147610263 0.337687109061
04 1.55706588761e+17 0.200328938934 0.811005928497 0.213158695179
05 1.70351656974e+17 0.210919880689 0.934194330268 0.264038026987
06 1.98216829562e+17 0.219243586209 1.12990198256 0.162514639387
07 2.30072480688e+17 0.223434629216 1.3365601448 0.209577219185
08 2.56672926156e+17 0.222594234322 1.48548175019 0.138635993701
09 2.97856278341e+17 0.216527107344 1.67684291719 0.212788349352
10 3.39817874478e+17 0.20563720256 1.81685912427 0.139153080375
11 3.90053795977e+17 0.190874208621 1.9357314503 0.201586388895
12 4.65030602666e+17 0.173732199841 2.10056052945 0.148412673635
13 5.90033109574e+17 0.156343277381 2.39844046296 0.227757799678
14 7.3064380486e+17 0.141804746641 2.69382775045 0.219086929555
15 9.21835466307e+17 0.135115548181 3.23841191344 0.295808321655
16 1.27683320566e+18 0.144821951974 4.80775040691 0.427995359983
