00 1.49417338012e+17 0.201218110254 0.781702334243 0.341471639388
01 1.43986524599e+17 0.20818942278 0.779388257555 0.390900381108
02 1.25557181094e+17 0.205989097288 0.67244867018 0.238566843625
03 1.20450316279e+17 0.192984065767 0.604369785719 0.336856849593
04 1.29064856845e+17 0.169558363806 0.568984674739 0.228018369064
05 1.92564925951e+17 0.13780451911 0.689944242471 0.307083222537
06 3.43632737644e+17 0.101885012944 0.910286673991 0.208215295864
07 4.94717776652e+17 0.068626082496 0.882714116772 0.246505440177
22 2.16148245082e+17 0.185547253536 1.04274854402 0.705046206777
23 2.02961516125e+17 0.19071629748 1.00640979104 0.508342458711
