00 1.20226855615e+17 0.212331573281 0.663726892486 0.206893679429
01 1.13070363703e+17 0.225599149454 0.663223024879 0.296701068184
02 1.01839335432e+17 0.226451578082 0.599603633704 0.177277620336
03 9.65067358693e+16 0.214148771033 0.537336770954 0.264982364223
04 1.01381862834e+17 0.189423883134 0.499307799573 0.164998287041
05 1.44433748857e+17 0.154368158209 0.579695266653 0.240309215616
06 2.59620894217e+17 0.112590352617 0.760001008693 0.144236352894
07 4.12292377969e+17 0.0698016958922 0.748246386828 0.170850942665
08 5.36884404505e+17 0.0413833639227 0.577670150097 0.141214666354
21 2.632362773e+17 0.144715256434 0.990451939678 0.440078007737
22 2.02801224655e+17 0.164152263852 0.865547283616 0.323195843002
23 1.69274708862e+17 0.191023291796 0.840720714719 0.327827843997
