00 3.41555887209e+17 0.20383313169 1.81013055956 0.478433554656
01 2.27764386317e+17 0.201396667571 1.19264569828 0.425724137852
02 1.81135361234e+17 0.206116106619 0.97070780114 0.271665417435
03 1.34746572419e+17 0.214137047127 0.750210061336 0.306176965654
04 1.25443077864e+17 0.222419793223 0.725426609435 0.19873666901
05 1.50040679566e+17 0.228938153718 0.893100940221 0.265343050977
06 1.86816881763e+17 0.232434871083 1.12899170355 0.170205659892
07 2.32821331995e+17 0.232243451824 1.40585197482 0.223124970172
08 2.72690354577e+17 0.228185572199 1.6178241194 0.15103355266
09 3.2738049677e+17 0.220523234275 1.87707015564 0.235432669199
10 3.82294558606e+17 0.209922037407 2.08655336844 0.169885177129
11 4.43775571287e+17 0.197432659821 2.27801057647 0.232042806161
12 5.24859619514e+17 0.184503212268 2.51779543054 0.188092458415
13 6.70410011763e+17 0.173047930472 3.01633969269 0.283478805579
14 8.10085856988e+17 0.165622860174 3.48838715214 0.297216355782
15 9.62217277843e+17 0.165628076115 4.14362510987 0.36660672233
16 1.24391063851e+18 0.176738746504 5.71602738231 0.498933595184
17 1.40680258833e+18 0.199415809841 7.29400561336 0.572875729584
22 6.67308840827e+17 0.232138972787 4.02761810987 0.672370702098
23 4.07574804452e+17 0.214714655928 2.27531938148 0.60715103505
