13 8.38811152459e+17 0.186991313801 4.07811038516 0.754108862148
14 6.95373928251e+17 0.185331543971 3.35074281776 0.522315742872
15 6.09721353143e+17 0.196730409654 3.11871902105 0.438490715398
16 4.93596807853e+17 0.207328908505 2.66075907276 0.268474785334
17 4.10718909374e+17 0.210049140225 2.24304999849 0.347291017069
18 3.31694983319e+17 0.202138735946 1.74325852084 0.230602806496
19 2.79294701955e+17 0.183201395217 1.33034665595 0.311343821874
20 2.34303666084e+17 0.1545614109 0.941571935434 0.206657560945
21 2.52435877867e+17 0.119325495087 0.783172938709 0.293154246022
22 3.17820472756e+17 0.0830550519265 0.68631149257 0.22365567068
