08 8.0487894247e+17 0.192402694589 4.02638281108 0.412386676295
09 6.98548167807e+17 0.188728553846 3.42773562305 0.374284580902
10 5.76318434821e+17 0.196264770789 2.94088614329 0.223459512678
11 5.07027488083e+17 0.206960789596 2.7283050413 0.263792838409
12 4.62182373223e+17 0.216389712038 2.60029927692 0.167752396958
13 4.19067899447e+17 0.222198272712 2.42102024856 0.231648146673
14 3.64257803296e+17 0.223180386648 2.11367513186 0.14415553326
15 3.50300797662e+17 0.218911278805 1.99380468514 0.199184629779
16 3.60084712664e+17 0.209590088449 1.96222485619 0.140098557457
17 3.55795547652e+17 0.195981734216 1.81296513983 0.205793730652
18 3.52738193506e+17 0.179393410571 1.64525159686 0.151701446542
19 3.17899337803e+17 0.161720675232 1.3366832847 0.214803070497
20 3.15401478589e+17 0.145676810726 1.19461371897 0.199840666828
21 3.01372875832e+17 0.135467937811 1.06148541203 0.293434985735
22 3.32998520569e+17 0.138337591298 1.19772154428 0.426443745481
23 6.20967261864e+17 0.164394629428 2.65417575543 0.502333056362
