00 1.21598424663e+17 0.130316177515 0.412002289241 0.126209280896
01 1.66229967727e+17 0.0858840144926 0.371188920891 0.15833671457
02 2.48003964243e+17 0.0659487528651 0.425244355833 0.162676940412
03 3.04584120637e+17 0.0706292709051 0.559326413617 0.238018190942
15 8.13837989041e+17 0.155041604079 3.28064742931 0.363767822887
16 6.34667737644e+17 0.147820516039 2.43923972478 0.223875131602
17 4.34389619853e+17 0.178061056088 2.01104473608 0.274137928521
18 3.0762570725e+17 0.206863621307 1.65455076304 0.177180296134
19 2.16208186956e+17 0.224985156451 1.26473445198 0.247072287124
20 1.62581590787e+17 0.230259537487 0.973335009359 0.163126523762
21 1.3465506937e+17 0.221979775802 0.777158254841 0.243962196163
22 1.38930057594e+17 0.200707491752 0.724991888105 0.148190145885
23 1.40905573388e+17 0.168205590486 0.616228734536 0.20855971165
