00 1.20953861757e+17 0.215846544806 0.67879430167 0.21882107429
01 1.17821092076e+17 0.222495936005 0.681582568229 0.313214398269
02 1.08328871206e+17 0.21689147205 0.610885816878 0.185460984837
03 1.06117748101e+17 0.198815003195 0.54854281112 0.278379034942
04 1.14474894363e+17 0.169543406471 0.504620052187 0.178333035942
05 1.62831174536e+17 0.131854010553 0.558218528547 0.250085514338
06 2.96564063491e+17 0.0904632557227 0.697531918556 0.159621040406
07 4.41614458365e+17 0.0525940805038 0.603883965747 0.16624823287
21 2.44955029332e+17 0.162954918276 1.03783229644 0.5310056483
22 1.91704687328e+17 0.178884596174 0.891618405011 0.359779610678
23 1.65316631628e+17 0.200399347646 0.861362973462 0.353092411531
