00 1.10398065662e+17 0.171169821079 0.491317245818 0.139314572822
01 1.39805975416e+17 0.152955732293 0.555987259063 0.215214599505
02 1.84393791907e+17 0.13727006367 0.658105436442 0.218525471326
03 2.33716428949e+17 0.129198670223 0.785092147564 0.289102609954
04 3.07940519968e+17 0.137735811008 1.10277536876 0.412830065625
14 9.61211091141e+17 0.18809425274 4.70075532975 0.373941430823
15 7.21628293409e+17 0.186967336703 3.5079439228 0.326290050317
16 5.78857572061e+17 0.195769349066 2.9463868222 0.223166522776
17 4.15173042123e+17 0.206645242715 2.23063188551 0.263704540273
18 3.1056244842e+17 0.215498905229 1.74007255863 0.162510852284
19 2.12497625762e+17 0.220204463351 1.21661606676 0.218170002557
20 1.68920544181e+17 0.21972912478 0.965035846585 0.148546849981
21 1.30931543179e+17 0.213812223041 0.727863872143 0.214656010582
22 1.34580843086e+17 0.202819576938 0.709686371127 0.136622295981
23 1.28253612587e+17 0.187698314136 0.625897658478 0.202391137062
