00 1.09686054317e+17 0.194543258872 0.554805743952 0.143524641333
01 9.85981561643e+16 0.2114211444 0.541989110311 0.222815439157
02 9.04995009193e+16 0.218845984052 0.514941760708 0.142943550792
03 8.33108643578e+16 0.213458242258 0.462368157337 0.207107983024
04 8.47937644079e+16 0.195740786585 0.43153755171 0.130328675275
05 1.17062272957e+17 0.167196191769 0.508881522196 0.190452660498
06 1.93296647436e+17 0.140459440619 0.705908813282 0.122787872798
07 3.04601156709e+17 0.120001337551 0.950366201842 0.181216422071
08 4.88463952348e+17 0.103860516883 1.31903508281 0.16222982968
09 7.32406461612e+17 0.0998313916144 1.90104606354 0.2479818788
20 5.3059758637e+17 0.182625435602 2.51941599885 0.431405776806
21 3.05103840479e+17 0.169961542504 1.34825390314 0.346361515949
22 2.17952159598e+17 0.175481484028 0.994410778749 0.221128435857
23 1.52027868113e+17 0.186001561178 0.7352129411 0.24483901779
