00 1.00250688461e+17 0.225640611018 0.588136291582 0.165081136227
01 9.84560041074e+16 0.230620588195 0.590355521044 0.254837864988
02 9.48533025793e+16 0.222047211796 0.547609695551 0.152430214217
03 9.41156890085e+16 0.200466892615 0.490544072768 0.228682437833
04 1.01846461246e+17 0.167661805059 0.443969799815 0.140689763247
05 1.40579397398e+17 0.126689673855 0.463058908186 0.19866461728
06 2.56957494861e+17 0.0821567963349 0.548880918872 0.121190719769
07 4.10200091823e+17 0.0595658135248 0.635281456612 0.157847681545
20 3.22825417833e+17 0.152331359482 1.27858730412 0.368091243309
21 2.36637660034e+17 0.147836549305 0.909576072474 0.298676050703
22 1.73499267568e+17 0.181752372736 0.81988149226 0.214813349923
23 1.34417960702e+17 0.209395563145 0.731809639028 0.264558764194
