04 3.12084943047e+17 0.204748254634 1.66137003205 0.532092453151
05 3.57394696469e+17 0.196307929598 1.82414473574 0.412311373261
06 3.44058546332e+17 0.199523547835 1.7848423275 0.269512930847
07 3.62879554256e+17 0.208203181321 1.96436961845 0.280373185778
08 3.57288901011e+17 0.217776643826 2.0230386212 0.185925014248
09 3.65491697853e+17 0.225493067325 2.14281194479 0.258839504662
10 3.63351955849e+17 0.229750400495 2.1704866918 0.16258478938
11 3.70452613842e+17 0.229724351085 2.21265164438 0.2231487514
12 3.88824444601e+17 0.225181024289 2.2764530543 0.148478831598
13 4.13694122201e+17 0.2164002118 2.32761088728 0.221915460289
14 4.17903593162e+17 0.204137135862 2.21805070694 0.149664264477
15 4.47746911004e+17 0.18959873352 2.20719842886 0.217243192742
16 5.23814968223e+17 0.174482864095 2.37631513369 0.180475427765
17 6.06109590251e+17 0.161126357008 2.53916598583 0.26354944314
18 6.86837716435e+17 0.152908218278 2.73060141812 0.286737727559
19 6.66350349005e+17 0.154960418176 2.68470614708 0.373827539377
20 7.03886072309e+17 0.173580927691 3.17671113292 0.553616623499
