11 9.60512440776e+17 0.153424859125 3.83152863376 0.454798910228
12 7.78803657268e+17 0.173353221183 3.51021118906 0.317836880529
13 5.79583552381e+17 0.198033805987 2.9842055559 0.33986236041
14 4.39021792466e+17 0.217127235936 2.47841329617 0.218793573725
15 4.19107521214e+17 0.225658500243 2.45895454162 0.280704925628
16 3.92592633431e+17 0.221574565114 2.26170209251 0.184515471776
17 3.74211278632e+17 0.204624690307 1.99089454199 0.25717081644
18 3.53196912946e+17 0.175999301147 1.61622265599 0.166705912155
19 3.37431038666e+17 0.138310875991 1.21342994615 0.230687201685
20 3.51408107599e+17 0.0959210481981 0.876393284681 0.150862857542
21 4.03691583446e+17 0.0556142214969 0.583725821594 0.165922667582
