00 1.30718368519e+17 0.210860540436 0.716646991604 0.17593567062
01 1.10030622663e+17 0.219345598361 0.627503051915 0.246724433042
02 9.8383324973e+16 0.223806109007 0.572488517987 0.156671878188
03 8.58204267095e+16 0.223305546235 0.498268608878 0.214896125145
04 8.52975525351e+16 0.217611213211 0.482604301168 0.141935515039
05 1.13381899302e+17 0.207088103188 0.61048110402 0.212579202007
06 1.72029092603e+17 0.192643789886 0.861648745608 0.138408303433
07 2.52566496752e+17 0.175727726788 1.15395634476 0.201550086117
08 3.61290444234e+17 0.158401918784 1.48795658973 0.153087727458
09 5.20035519082e+17 0.143649207637 1.94226994674 0.247571903696
10 7.5682061207e+17 0.136215561469 2.68035935972 0.316423023657
11 1.05762480623e+18 0.14421112469 3.96555283296 0.384271067845
20 7.35199908813e+17 0.204755159467 3.91393533879 0.55504738674
21 3.84394869123e+17 0.189761327948 1.89652530135 0.439799210779
22 2.83345182513e+17 0.19159227074 1.41145541994 0.268951190196
23 1.81134136524e+17 0.200969456889 0.946463155073 0.289732347125
