11 9.42433186165e+17 0.164681777287 4.03524087388 0.496335385986
12 7.6072884803e+17 0.182148094872 3.60269806996 0.33058299112
13 5.74165247843e+17 0.203258157234 3.03429802583 0.353504029675
14 4.41565795965e+17 0.218097169925 2.50391051133 0.228379856789
15 4.31115080756e+17 0.222180332732 2.4904175943 0.290208969902
16 4.09752964947e+17 0.213846439597 2.27822952938 0.189167757146
17 4.00477630727e+17 0.193210443503 2.01178797679 0.263964853796
18 3.85856990547e+17 0.161859555403 1.62382066442 0.173372332569
19 3.80186234416e+17 0.122933963048 1.21518281282 0.237242130784
20 4.0557624647e+17 0.0816862676298 0.861380255149 0.159197719419
21 4.44601308315e+17 0.0455875363091 0.526975235432 0.153629892007
