11 9.52990427517e+17 0.16072743428 3.982464364 0.383434978222
12 8.16872692982e+17 0.148223099723 3.14806446845 0.250252054426
13 5.9718636281e+17 0.169975786213 2.63918775989 0.270625566907
14 4.40482522721e+17 0.200834265037 2.30006357652 0.179336063614
15 3.93637466976e+17 0.221737890463 2.2693928799 0.241841987083
16 3.58380220312e+17 0.23015026704 2.14451388858 0.164066058595
17 3.21081170207e+17 0.225057101905 1.87880153872 0.232817686506
18 2.8912788861e+17 0.206736543467 1.55410580809 0.143491968522
19 2.52428147473e+17 0.176671093544 1.15951567824 0.205600737808
20 2.43522953419e+17 0.137556496812 0.870952273509 0.134401862434
21 2.51151702367e+17 0.0934586990113 0.6102800953 0.172562864156
22 3.13613300886e+17 0.0679486246345 0.55404940402 0.15216663523
23 3.07178235106e+17 0.0688110553482 0.54956872198 0.222458537808
