09 9.2781631487e+17 0.177486831357 4.28155462299 0.413041310759
10 7.9929899768e+17 0.159249743745 3.30949217446 0.273365889342
11 6.47108233028e+17 0.162410574009 2.73252770887 0.26649100565
12 5.43437762216e+17 0.179378332525 2.53450495006 0.168715038896
13 4.46924736569e+17 0.207039494248 2.40580785708 0.239912983734
14 3.65374371751e+17 0.22326025611 2.12091297114 0.155207988349
15 3.50978777286e+17 0.22648739229 2.06679896843 0.216616536683
16 3.4866541287e+17 0.216379281428 1.96154325889 0.146276461113
17 3.42901855336e+17 0.193741227286 1.72728988358 0.204868341998
18 3.39462822675e+17 0.160494594112 1.41653064648 0.13256935355
19 3.25566643356e+17 0.119696403912 1.01319806753 0.16837975955
20 3.47130403702e+17 0.0931242841974 0.840483029567 0.133476715273
21 3.56341648169e+17 0.0811889727841 0.752206321751 0.206915566782
22 3.06155467575e+17 0.0875377925477 0.696804519007 0.299755453198
