00 3.61743022775e+17 0.164192171693 1.54427968511 0.502567713029
08 8.72472873296e+17 0.210511126384 4.77529642972 0.546806439351
09 8.4531097938e+17 0.196573001641 4.32029822996 0.475645629253
10 6.99132665738e+17 0.196644392152 3.57449347028 0.293859677824
11 6.06100892638e+17 0.204365364722 3.22051677953 0.300631572405
12 5.35211296956e+17 0.21420720044 2.98079895268 0.197579773132
13 4.76101014376e+17 0.22282061437 2.75821313366 0.261013806218
14 4.00435708146e+17 0.228264867339 2.37654049874 0.162065085432
15 3.68563339255e+17 0.229492167094 2.19914238536 0.217261153019
16 3.64293885203e+17 0.226105383974 2.14158902862 0.154035276912
17 3.39496508501e+17 0.218251033612 1.92648206108 0.219603571805
18 3.16935108948e+17 0.206569347024 1.70219604112 0.153372798439
19 2.63552952526e+17 0.19216969615 1.31681916097 0.21740243306
20 2.51093201538e+17 0.17664708571 1.15322693962 0.181037927142
21 2.26568577167e+17 0.162202689302 0.955500845722 0.265386717067
22 2.56434426395e+17 0.151999197592 1.01342350322 0.284606011296
23 3.28523475002e+17 0.150913315694 1.28904273929 0.352748984717
