00 1.07989214713e+17 0.211830145711 0.594759648284 0.158219572169
01 1.2289334656e+17 0.199816897867 0.638460349233 0.24097441784
02 1.3970305661e+17 0.187225514404 0.680055392579 0.210556905572
03 1.58280296775e+17 0.175851384066 0.723679040716 0.273870497003
04 1.7665568638e+17 0.168055870026 0.771888651809 0.290516652634
05 2.67849249582e+17 0.166925447423 1.16248225153 0.36508094865
06 4.2337760415e+17 0.17584445085 1.9356636599 0.494714585299
07 5.7416988896e+17 0.195751381084 2.92225826726 0.518998223923
12 1.33946304265e+18 0.230989688027 8.044455909 0.637683261418
13 1.31465204323e+18 0.214910657682 7.34585111606 0.638045726755
14 1.01299322302e+18 0.204149642629 5.3768573161 0.443776184477
15 8.06993678837e+17 0.202143589079 4.24134356371 0.388084386646
16 6.74381956563e+17 0.206815847874 3.62629477958 0.27787608092
17 5.02937186125e+17 0.214627612935 2.80654940056 0.312440456899
18 3.79653489631e+17 0.22270856805 2.19835421081 0.207899458077
19 2.46373674833e+17 0.229107022159 1.46759441346 0.257733726817
20 1.97639559184e+17 0.232595581728 1.19522229426 0.18205480341
21 1.44658713727e+17 0.232512718417 0.874509760055 0.252402397943
22 1.44747963867e+17 0.228673427397 0.86060033816 0.168416875236
23 1.27724364413e+17 0.221319988999 0.734966828095 0.235102653297
