00 1.74076092806e+17 0.214621890137 0.971374041707 0.232825429928
01 1.39128627047e+17 0.222055899279 0.803252642253 0.299274925819
02 1.22347485699e+17 0.228354451046 0.726403416273 0.203128423292
03 1.03460810726e+17 0.232297618319 0.624876197947 0.256985676609
04 9.99209050063e+16 0.23316880515 0.605759388776 0.175781634093
05 1.29005714151e+17 0.230681619113 0.773740422397 0.248941467682
06 1.78494985463e+17 0.224949024832 1.04395909585 0.16511010269
07 2.45676078248e+17 0.216440970791 1.38253359078 0.227448228265
08 3.16451137098e+17 0.205969580718 1.69466200867 0.161953319241
09 4.11753878249e+17 0.194677527412 2.08413989992 0.259839151728
10 5.22279175231e+17 0.184040729088 2.49913664512 0.236841132826
11 6.49132853085e+17 0.175924825331 2.96916317868 0.295196004596
12 7.99397539791e+17 0.172615997801 3.58770890325 0.317864438981
13 1.06253646646e+18 0.176550997947 4.87738871124 0.431107712356
14 1.30056740702e+18 0.188949875524 6.38929329137 0.601064833075
15 1.5249497036e+18 0.207169242398 8.21398954455 0.570602257771
16 1.55247509362e+18 0.224262180295 9.05219768306 0.696489058521
17 1.40933225231e+18 0.233662164941 8.56199825513 0.669268146922
18 1.19154893595e+18 0.233166334633 7.22355654624 0.677589381593
19 9.64358318866e+17 0.224713385753 5.6343097957 0.658118258859
20 7.18063710886e+17 0.21351730291 3.98629469851 0.587992004549
21 4.3667558206e+17 0.20571205516 2.33556521701 0.52800190012
22 3.55873177429e+17 0.20426616603 1.8900140882 0.364455249322
23 2.21405563649e+17 0.20823706414 1.19872595852 0.350963996613
