07 6.46078840908e+17 0.182273356738 3.0618369353 0.375842669861
08 5.72172262052e+17 0.181446421177 2.6992838404 0.252735111399
09 4.99551632302e+17 0.190771142117 2.47780092146 0.287188605047
10 4.38233724965e+17 0.201692354924 2.29809819188 0.165160836805
11 4.08517906811e+17 0.210004474223 2.230555294 0.223395742443
12 3.96630962995e+17 0.21362115311 2.20294785552 0.140705938489
13 3.81679930051e+17 0.21160906479 2.09994025923 0.203369659107
14 3.53652104892e+17 0.203841460102 1.87431299716 0.12802999744
15 3.6439285565e+17 0.190860613978 1.80825434813 0.182938838948
16 4.01925153131e+17 0.173829273376 1.81652529033 0.132533765031
17 4.41795150248e+17 0.154555566019 1.77532938729 0.197265062179
18 4.92136779323e+17 0.135676320701 1.736053995 0.168935254949
19 5.0900121172e+17 0.12127626342 1.60497389088 0.24055278136
20 4.58527586026e+17 0.118594552167 1.41385071675 0.327079809303
