00 9.58843206225e+16 0.212348531617 0.529383261922 0.139675247074
01 9.26069937084e+16 0.219408052595 0.528286723803 0.218515563508
02 8.97753892935e+16 0.213617809568 0.498618172365 0.138886812139
03 8.79597278559e+16 0.195490025469 0.447076485408 0.197512179681
04 9.32519379207e+16 0.16655969236 0.403832366394 0.125586320349
05 1.28832213762e+17 0.138794366838 0.464910823973 0.18400140961
06 2.25351457974e+17 0.11834605807 0.693405875018 0.137246365246
07 3.74503187484e+17 0.102440030436 0.997467066032 0.206207774271
08 6.28275620413e+17 0.0990858226239 1.61858337376 0.259805310851
19 5.11327318422e+17 0.181898089277 2.41824601762 0.429398854161
20 3.56769306486e+17 0.169395576717 1.57131370311 0.293465291524
21 2.20893992668e+17 0.174985100508 1.00498209522 0.291374013462
22 1.71738389946e+17 0.185469731004 0.828159097645 0.17841562694
23 1.27172651494e+17 0.194592272412 0.643417196314 0.219013807266
