00 9.30598560335e+16 0.208651054728 0.50484296497 0.139658554605
01 1.08769593834e+17 0.179207485732 0.506800461314 0.218116057732
02 1.29455062547e+17 0.140474549514 0.472813681435 0.139164808682
03 1.53296188241e+17 0.096477145068 0.384529043373 0.174170382607
04 2.01292420901e+17 0.0639074478726 0.334466207293 0.138438115027
05 2.4107357964e+17 0.0644475279423 0.403951502761 0.203132798591
17 6.35903261345e+17 0.161193893707 2.66509679065 0.399960939997
18 4.6468133209e+17 0.145141540179 1.75355867004 0.251023043214
19 2.92204992522e+17 0.170819300173 1.29777056057 0.279053218401
20 1.88241035847e+17 0.201328083496 0.985353381538 0.186623753654
21 1.43300251308e+17 0.22213470084 0.827630919817 0.268983739141
22 1.30239999226e+17 0.230531258924 0.780634165584 0.17355094833
23 1.14958214011e+17 0.22542637365 0.67377994595 0.237167541235
