11 8.95425009064e+17 0.140597566302 3.2732590041 0.346639727924
12 7.18444592035e+17 0.170221010461 3.17965347484 0.246529731841
13 5.38238900586e+17 0.199242719613 2.7882447412 0.297694623661
14 4.13047759637e+17 0.220295868394 2.36581058733 0.191439122966
15 3.90954962756e+17 0.22967589009 2.33461615546 0.256992919198
16 3.70413371735e+17 0.22582325649 2.17484680017 0.170676029753
17 3.53042429208e+17 0.208705870925 1.9157327192 0.239055231476
18 3.36043533318e+17 0.179617147717 1.56933870505 0.15292681095
19 3.19178599725e+17 0.141167013461 1.17149473178 0.210093018339
20 3.3583132499e+17 0.0975157794139 0.851470188607 0.13522328794
21 3.74363460998e+17 0.0549391930274 0.534747887601 0.14790667806
