00 1.56034706147e+17 0.115189538827 0.467312711893 0.158674376138
01 2.11550572309e+17 0.0740553512724 0.407327750551 0.195057017067
02 2.6501594748e+17 0.039194607887 0.270067099777 0.147491652483
16 6.34307551684e+17 0.167209688357 2.75762156903 0.392000936873
17 4.71845011666e+17 0.18785359016 2.30458226546 0.382700998924
18 3.28619631017e+17 0.208410289588 1.78068052407 0.250600479708
19 2.40337392524e+17 0.22092642698 1.3805189164 0.309579079963
20 1.71346729081e+17 0.221926515102 0.988685943935 0.198981128994
21 1.52783777769e+17 0.210308864398 0.835426352828 0.292436687072
22 1.62788924024e+17 0.186601886696 0.789794729261 0.185439796411
23 1.74694602014e+17 0.152781663913 0.693943431279 0.251886955102
