00 9.79770975082e+16 0.216801985151 0.552282360217 0.159376506917
01 1.11168146007e+17 0.192812112659 0.557298692389 0.247098130511
02 1.26630969597e+17 0.158206130205 0.520878687264 0.153933147506
03 1.45417902007e+17 0.116438008271 0.440236442792 0.209844487611
04 1.82789044331e+17 0.0729197504405 0.346552218893 0.141698815602
05 2.08797401922e+17 0.0444275114311 0.241185072977 0.141857350979
18 4.60891641831e+17 0.146486276046 1.75537180709 0.412669856401
19 3.3249095381e+17 0.160437534357 1.38694474946 0.355429341384
20 1.9979378967e+17 0.189134260605 0.982484117748 0.237565679873
21 1.59464483789e+17 0.213038267918 0.883272972942 0.308589572976
22 1.39894395543e+17 0.226755100982 0.82476596249 0.202218103412
23 1.21840957326e+17 0.227827990446 0.721728292002 0.265729638181
