00 1.63780382393e+17 0.144636755906 0.615905242947 0.201054605659
01 2.37181575741e+17 0.136919778289 0.844346067882 0.293393397163
02 3.26119977865e+17 0.144187945587 1.2225868102 0.464307299535
11 1.21395049469e+18 0.205227742415 6.47754430517 0.552161113309
12 9.29574943314e+17 0.190126716611 4.59516282723 0.382600788594
13 7.7026249989e+17 0.191796648246 3.84107790946 0.346320910459
14 5.72325617812e+17 0.201086757176 2.9922646659 0.205892419677
15 4.63959052675e+17 0.211614108738 2.55268731698 0.248775928094
16 4.09379871643e+17 0.219933201598 2.34094187184 0.170489383633
17 3.33813333921e+17 0.224189885076 1.94577689718 0.22846489687
18 2.77402343943e+17 0.223485802639 1.61188262274 0.146410559433
19 2.09083368064e+17 0.217615647145 1.18299512366 0.205430534338
20 1.82141193195e+17 0.206966390811 0.980124739712 0.146228595586
21 1.5121506189e+17 0.19246251932 0.756684026033 0.217222186334
22 1.6687180158e+17 0.175567461188 0.761728722228 0.158934054704
23 1.8188483284e+17 0.158360635067 0.748888338578 0.230166089418
