05 5.05126469896e+17 0.201137247903 2.64159344795 0.528257927582
06 4.82980249752e+17 0.183908480732 2.30942826284 0.343700819411
07 4.5938307977e+17 0.185964987829 2.22115838979 0.298815227423
08 4.17599045281e+17 0.195936191274 2.12739192671 0.198528839856
09 3.96776311064e+17 0.2066561853 2.13190325041 0.255883073656
10 3.74271083464e+17 0.214522194135 2.08752580467 0.149704315017
11 3.68898997287e+17 0.217702237332 2.08806356353 0.211987681494
12 3.77241856367e+17 0.215390285043 2.11261000529 0.1353936935
13 3.85615117716e+17 0.207523233964 2.08062650364 0.200372377534
14 3.7825235941e+17 0.194673599245 1.91452945396 0.128030387514
15 4.07155536488e+17 0.178005081327 1.88436961401 0.18856716721
16 4.72461352773e+17 0.159294963787 1.9567785661 0.146552091081
17 5.57247994422e+17 0.141114005171 2.04452290553 0.218225558339
18 6.60566338814e+17 0.127402247092 2.18809853387 0.227181883572
19 7.00518039784e+17 0.125051502598 2.27762167027 0.309332601101
20 7.21038541517e+17 0.14556406053 2.72888974545 0.452225842072
