00 2.92531099687e+17 0.0485690862427 0.369407173443 0.165038180574
14 8.02370435008e+17 0.168532316772 3.51585905634 0.522354491621
15 6.63408593618e+17 0.1825943887 3.14950185187 0.420493687445
16 5.05026822586e+17 0.202062457256 2.65322097955 0.258355250062
17 3.9399726444e+17 0.216135805494 2.21407981891 0.330482336553
18 3.04909710262e+17 0.219914783478 1.74340797573 0.214108898997
19 2.43473374701e+17 0.211570343514 1.33930538357 0.288203493204
20 1.96614601648e+17 0.191143330053 0.977120812096 0.183168106607
21 1.93380531535e+17 0.160187241295 0.805404440536 0.274580078265
22 2.31979676869e+17 0.121848543052 0.734926026746 0.177871459347
23 2.99574584883e+17 0.0814758404629 0.634610368202 0.218747741972
