00 1.02004650336e+17 0.23233680433 0.616185296635 0.157421026803
01 1.01973340263e+17 0.228638771395 0.606191540054 0.234975047511
02 1.02852466288e+17 0.221241706132 0.591636633155 0.169666042565
03 1.03625376958e+17 0.210777895378 0.567890410435 0.229495505034
04 1.07902516815e+17 0.198271032683 0.556242529392 0.175649945933
05 1.51883981359e+17 0.185143663841 0.731129276477 0.255617813889
06 2.4217823639e+17 0.173283181524 1.09110079774 0.215272516437
07 3.89045740909e+17 0.165224551898 1.67127761345 0.298744629935
08 6.01491543981e+17 0.164385456128 2.57078800718 0.333250963034
09 8.17776595387e+17 0.174670153468 3.71387024889 0.43017422765
10 1.06448989155e+18 0.19718242139 5.45736605336 0.681792469848
16 1.09547991247e+18 0.217029253949 6.18153089112 0.625310688576
17 9.01247896941e+17 0.20410250175 4.78262071204 0.517631318415
18 6.36018235324e+17 0.200974195048 3.32340457488 0.356928692767
19 3.58525673323e+17 0.205425723119 1.91491028818 0.343564875421
20 2.767096099e+17 0.213448207242 1.53564242415 0.236112012621
21 1.79244018349e+17 0.221864952964 1.0339671082 0.291829077665
22 1.6477523422e+17 0.228567260018 0.979217818914 0.190158533222
23 1.28257109921e+17 0.23224974187 0.774479697472 0.248070368196
