00 3.49461964219e+17 0.201924626394 1.83468939066 0.576249833804
01 3.6874292531e+17 0.209306992127 2.00669228668 0.594293918131
02 2.8442240899e+17 0.213000765864 1.57513696454 0.636313949787
03 2.74402598666e+17 0.212567265725 1.51655426277 0.558294645936
04 2.43974788206e+17 0.209782371784 1.33072185286 0.54594745559
05 3.55101981043e+17 0.207386842717 1.91473044597 0.477614246252
06 3.72907818052e+17 0.207392088935 2.01079141551 0.348153334802
07 4.42426729943e+17 0.210234876863 2.41835175636 0.349398248256
08 4.59854042916e+17 0.215125545577 2.57208514857 0.237914518572
09 4.76089209122e+17 0.220806522804 2.73321367308 0.319763116702
10 4.62991890829e+17 0.226052529723 2.72117269224 0.217952226494
11 4.5882628608e+17 0.229886692713 2.74242949336 0.26715943
12 4.58864893813e+17 0.231637530906 2.76354860658 0.188243147368
13 4.69938077602e+17 0.230945730355 2.82178500639 0.266114608865
14 4.46198165831e+17 0.227751148334 2.64217576097 0.178499821161
15 4.36748541994e+17 0.222280350694 2.52409609607 0.245504810664
16 4.68952093086e+17 0.215026486846 2.62176514796 0.191507955331
17 4.68785959971e+17 0.20672248273 2.51962353537 0.271602487229
18 4.59283224171e+17 0.198323876376 2.36825756367 0.228946989021
19 3.71767780454e+17 0.190968631183 1.84589558793 0.301563634734
20 3.4340601197e+17 0.18592313939 1.66002521961 0.298266038167
21 3.06195300524e+17 0.184413307724 1.46812869266 0.38652448748
22 3.60374305121e+17 0.187212896761 1.75413465708 0.475052961203
23 3.52771778093e+17 0.193932600612 1.77876265705 0.476764165663
