00 8.91071521839e+16 0.213498355584 0.494629992012 0.128445872236
01 9.33613812153e+16 0.204380101874 0.496111423701 0.200326309446
02 9.81660835037e+16 0.190466547086 0.486131229114 0.138004130482
03 1.03673880458e+17 0.173063508205 0.466496301992 0.196773144562
04 1.16571459397e+17 0.154115963876 0.467103593458 0.153080979663
05 1.62784751868e+17 0.136454465968 0.577530365983 0.226712369411
06 2.90898196932e+17 0.124552586788 0.942035195916 0.234432028108
07 4.77784132185e+17 0.126432765514 1.57059679792 0.318734562673
17 8.57351136774e+17 0.193615860538 4.31591623137 0.500967430708
18 6.04591213201e+17 0.182597864222 2.8703236707 0.319177723609
19 3.37178324228e+17 0.187863831353 1.6469339078 0.308434027965
20 2.37694514428e+17 0.198580291388 1.22723759435 0.198720485531
21 1.57466592979e+17 0.208765615526 0.854713865413 0.254759041106
22 1.40117943595e+17 0.21542190125 0.784796319021 0.156234971939
23 1.12793037503e+17 0.217047875512 0.636518718229 0.211850266648
