00 9.88432609653e+16 0.222908041903 0.572856901685 0.14488150327
01 9.45923300555e+16 0.222673181914 0.54764255307 0.218627456556
02 9.22804878374e+16 0.217182321495 0.521083955007 0.145152402486
03 8.92637424629e+16 0.206771297258 0.479886675505 0.203463632959
04 9.28753090423e+16 0.192331131907 0.464433146171 0.142542644225
05 1.2870994891e+17 0.175299305669 0.586631881591 0.216517924162
06 2.12408959385e+17 0.157731064029 0.871090770499 0.164009140683
07 3.44115944127e+17 0.142600574607 1.27584941546 0.23874704596
08 5.62950543357e+17 0.134651152004 1.97085041878 0.251481321566
09 7.9355958312e+17 0.142068205575 2.93122923576 0.34912769306
18 9.18849814752e+17 0.206599937055 4.93569216115 0.579235899121
19 4.86391027796e+17 0.189508882364 2.39656092181 0.426613088764
20 3.47569712203e+17 0.190284393496 1.71956438899 0.284040068681
21 2.10837516841e+17 0.199421672579 1.09318482652 0.303830072174
22 1.76892228974e+17 0.210080154727 0.966200217654 0.189962812212
23 1.29348648795e+17 0.218604988307 0.735182756291 0.240141361384
