00 2.88302518024e+17 0.175096625737 1.31250075053 0.450938023957
01 3.84987289343e+17 0.190058770026 1.90242547789 0.529590952184
02 3.48869107637e+17 0.211268497808 1.91633135985 0.685657179367
06 5.40846709503e+17 0.228635464204 3.21507520075 0.642921877522
07 6.81938873449e+17 0.215153199839 3.81475459865 0.580241285232
08 7.33114649205e+17 0.205493963877 3.91691651627 0.435123213723
09 7.24393793562e+17 0.203221468359 3.82752163034 0.429152224431
10 6.34058923477e+17 0.20715305429 3.41502830755 0.283730268443
11 5.7848104492e+17 0.214336263607 3.22372610913 0.303062024132
12 5.27216311234e+17 0.222111555275 3.04462170621 0.205718942083
13 4.91861426937e+17 0.228566110354 2.92299418289 0.274718035539
14 4.26538085792e+17 0.232449115505 2.57785842006 0.174286102067
15 3.93790124531e+17 0.233043370026 2.38602462029 0.233629200003
16 3.93804197095e+17 0.230093942184 2.35591096411 0.170396475083
17 3.67161689924e+17 0.223752960593 2.13599139356 0.239456895774
18 3.41115810122e+17 0.214551774933 1.9028620655 0.174160744162
19 2.74456436273e+17 0.203378938195 1.45128512334 0.23837302883
20 2.57958178103e+17 0.191472576097 1.28418983906 0.202116668299
21 2.2192539528e+17 0.180447958903 1.04119559978 0.290001563733
22 2.51274214288e+17 0.172375726152 1.12615295393 0.297644547383
23 2.88918028958e+17 0.169873680098 1.27606878947 0.355235955192
