00 1.33818686069e+17 0.174320692075 0.60651151517 0.173198437758
01 1.13988177332e+17 0.203892661284 0.604275173613 0.252855159785
02 9.7438683027e+16 0.222570328575 0.563860952127 0.157647691676
03 8.46988575277e+16 0.228422305009 0.50302481497 0.234934686861
04 8.47840279816e+16 0.220818334581 0.486768564308 0.147360674717
05 1.15594281455e+17 0.20032282973 0.602060512605 0.220800618093
06 1.85730391638e+17 0.168648961652 0.814404180123 0.131252319018
07 2.77163020414e+17 0.128666977709 0.927204932403 0.172784697932
08 4.16096090877e+17 0.0904879329678 0.978943554665 0.111365556954
09 6.31299728507e+17 0.0768267616068 1.26101855736 0.180640723638
10 8.86411625561e+17 0.0796872278955 1.8365278156 0.262986666456
22 2.83571717426e+17 0.157734625702 1.1629560464 0.317975575252
23 2.03393273533e+17 0.156863880188 0.829531510352 0.276897655521
