00 2.27825176797e+17 0.062071266803 0.367676330668 0.143230570304
14 8.27997378214e+17 0.149540377456 3.21929505225 0.415386753109
15 6.72593762403e+17 0.17004321319 2.9736201178 0.367930598389
16 5.06173545018e+17 0.195734977235 2.57597255009 0.238030649821
17 3.82877339505e+17 0.216164324839 2.15187496135 0.308613214862
18 2.92298974889e+17 0.226166705637 1.71881570151 0.197842191208
19 2.2647463492e+17 0.2235468296 1.31631985215 0.270027487666
20 1.81622800808e+17 0.207925271578 0.981863224751 0.172945486744
21 1.6882148331e+17 0.18036468713 0.791685284467 0.259428911687
22 1.93755899756e+17 0.143318778856 0.72199033268 0.164148129885
23 2.36997785561e+17 0.100898765068 0.621732381061 0.210174287818
