00 1.83331852204e+17 0.116750231337 0.556504940064 0.22506589693
01 2.41835681628e+17 0.0826200239004 0.519492214699 0.28037268925
16 5.6553161866e+17 0.194082989824 2.85376175212 0.888010996457
17 5.00478881432e+17 0.188050826684 2.44700215217 0.619984611601
18 3.5064787897e+17 0.196126214123 1.78805226581 0.414954495467
19 2.68785639644e+17 0.204379633727 1.42829207512 0.411948399688
20 1.74514077209e+17 0.205440540725 0.93215892603 0.267517861714
21 1.69698255583e+17 0.196451251818 0.866773303255 0.362474494224
22 1.8354821124e+17 0.177024954922 0.844807959337 0.246539250803
23 1.99135574863e+17 0.148576057234 0.769256242773 0.317399153402
