00 1.73741459839e+17 0.11503241197 0.519633378798 0.195717883525
01 2.30574930349e+17 0.0779654421915 0.467398786477 0.240778978739
16 6.00737620909e+17 0.180472500702 2.81883213849 0.664299773546
17 4.99025871176e+17 0.186571253739 2.42070094328 0.502635237799
18 3.46010249754e+17 0.200746308779 1.80596729139 0.33315975984
19 2.59184312655e+17 0.211064374577 1.42231894612 0.363020161584
20 1.75168241594e+17 0.212078338816 0.965884131958 0.232528854446
21 1.63802236999e+17 0.201825655401 0.859546839801 0.330014876589
22 1.76012782907e+17 0.180380769081 0.82548234987 0.217271904341
23 1.90595048368e+17 0.149445826129 0.740574495946 0.288359270126
