00 8.8538594471e+16 0.218166393274 0.502219791354 0.13657252229
01 9.85217943222e+16 0.196492998522 0.503329912439 0.212291994425
02 1.10120304975e+17 0.163972127492 0.469473177857 0.135565559102
03 1.23818930722e+17 0.123573230428 0.397818336694 0.176049639602
04 1.52533651419e+17 0.0930598540612 0.369063742853 0.13168341692
05 1.96241685116e+17 0.080231317958 0.409362954914 0.196532422406
06 3.23659079844e+17 0.0847878206988 0.713501048763 0.283318577805
17 6.62226431483e+17 0.178627745641 3.07559237856 0.413821514954
18 5.25206420644e+17 0.158631426419 2.16617033545 0.281606380338
19 3.17507558335e+17 0.161033814411 1.3293657838 0.273666190936
20 2.05920672466e+17 0.179095834963 0.958867904056 0.175230271589
21 1.47327041093e+17 0.206977274064 0.792827083394 0.251696888241
22 1.30965104432e+17 0.223474938635 0.760952885581 0.165501120487
23 1.10946725809e+17 0.226982466747 0.654756999043 0.227131744376
