00 1.09354682275e+17 0.199288156493 0.566620418896 0.169553502249
01 1.28723906173e+17 0.169803425714 0.568301766226 0.259930608335
02 1.55653222026e+17 0.13187617714 0.533700748889 0.165551630882
03 1.85635348579e+17 0.0902204058873 0.435450508891 0.217019392219
04 2.23683209248e+17 0.0520423225311 0.302665836733 0.165954898709
18 4.27613735613e+17 0.161525555228 1.79583419777 0.488792157866
19 3.09399696993e+17 0.178839870776 1.43865804753 0.405516338872
20 1.84489842373e+17 0.200947148086 0.963890399568 0.261333626459
21 1.5929374343e+17 0.217371343354 0.900273269929 0.334420419824
22 1.453251126e+17 0.223259431994 0.843575254433 0.217624495871
23 1.31844239492e+17 0.216718002219 0.742898524855 0.283070106722
