00 9.09594673556e+16 0.229529471089 0.542824839249 0.149543627095
01 9.5008239583e+16 0.221328841183 0.546729652814 0.233341720117
02 9.79368718739e+16 0.200191713796 0.509759905832 0.141985507906
03 1.03188216933e+17 0.167880297986 0.450404983789 0.205098915301
04 1.17983319302e+17 0.127356463533 0.390674395859 0.128612238056
05 1.58440842198e+17 0.0834751660202 0.343872765778 0.15879827854
06 2.7828372127e+17 0.070910600724 0.513064912022 0.164180870682
07 4.07501500309e+17 0.0758377073758 0.803503467927 0.232940100741
19 3.97475099142e+17 0.155291617069 1.60483832315 0.360622271154
20 2.56425985691e+17 0.152415146884 1.01616331112 0.217315186363
21 1.80176428666e+17 0.179123769875 0.839120909775 0.269891982141
22 1.47176102119e+17 0.207565342812 0.794265110342 0.182720819103
23 1.17809306032e+17 0.224965182525 0.689077792902 0.243329645793
