00 1.3128167486e+17 0.151545039491 0.517272251628 0.15774151184
01 1.79502414808e+17 0.135858331882 0.634059364764 0.235444786571
02 2.50222771603e+17 0.128027570075 0.832920749073 0.313536814619
03 3.18860176227e+17 0.137320203685 1.13843455301 0.381868065783
13 1.01832951417e+18 0.187614300953 4.96738267844 0.433250690584
14 7.43653329402e+17 0.186402650838 3.60409274954 0.259348116479
15 5.68786224171e+17 0.195232179765 2.88717973349 0.278083713095
16 4.73288839656e+17 0.206132449387 2.53656488243 0.187657358587
17 3.60703878102e+17 0.214974192 2.0160926434 0.239294305182
18 2.83792169838e+17 0.21961978367 1.62048574863 0.149617714491
19 2.04353720569e+17 0.219044073994 1.16382425872 0.206801970111
20 1.69439316323e+17 0.212987935087 0.938301782765 0.142896621933
21 1.36677962331e+17 0.201833904277 0.717242415916 0.209503420988
22 1.46176334864e+17 0.186543415809 0.708974053216 0.139187014484
23 1.49107496648e+17 0.168656141359 0.653845270842 0.207324141654
