13 8.43511980885e+17 0.177950542842 3.9026887872 0.669681636376
14 6.73718588515e+17 0.182933999035 3.20439692616 0.447210332876
15 5.85557951797e+17 0.198299325596 3.01900942041 0.399852325555
16 4.74889395266e+17 0.211029988175 2.60561349015 0.24686404348
17 3.9479550197e+17 0.214857871031 2.20544794719 0.327094310472
18 3.21500695663e+17 0.207361892958 1.73334181384 0.21180675472
19 2.70787083206e+17 0.188273657009 1.32553393508 0.292177268106
20 2.31009701495e+17 0.158950999837 0.954699798641 0.189921407638
21 2.45910189695e+17 0.122421482397 0.782721938934 0.275113557201
22 3.12940125224e+17 0.084018442071 0.683611286353 0.201848039037
23 3.6646863723e+17 0.0511327639177 0.487202412079 0.189625031841
