00 1.32049815441e+17 0.190787888824 0.655031143199 0.202407926218
01 1.16938502249e+17 0.215294946776 0.654582984062 0.283621103414
02 1.00141442633e+17 0.228687418888 0.595428289029 0.171282815065
03 8.91268127201e+16 0.229008589082 0.530680946391 0.256760331877
04 9.0204807732e+16 0.215862382516 0.506267442498 0.157425722441
05 1.25900787132e+17 0.190177463507 0.62253080111 0.237454678798
06 2.11218064108e+17 0.154158896564 0.84658973613 0.140020769015
07 3.23232791851e+17 0.111404740794 0.936251300204 0.184028391892
08 4.95499788643e+17 0.0673638197797 0.86784772004 0.114158996257
09 7.02191883687e+17 0.0535453781049 0.97757737777 0.159237036709
22 2.4427128392e+17 0.143716206861 0.912749301622 0.334836024502
23 1.98630732628e+17 0.161512728486 0.834116181288 0.306109400908
