00 9.14251818436e+16 0.220121216489 0.523240178374 0.13402466512
01 9.68671948729e+16 0.210417087072 0.529945337428 0.210194639929
02 1.03244500536e+17 0.196734356386 0.528105249447 0.152168104457
03 1.10200858633e+17 0.18041493228 0.516928891633 0.212618207691
04 1.23187027585e+17 0.163378697165 0.523279537938 0.173813995295
05 1.7503049837e+17 0.148358050056 0.6751467694 0.251069608571
06 3.05537613319e+17 0.139578528262 1.10880875029 0.268694058442
07 4.96152544505e+17 0.144148230427 1.85950729412 0.354473400327
08 6.78753261204e+17 0.171086219304 3.0192585618 0.517614916772
16 1.03498123751e+18 0.207260174849 5.57727019854 0.581021131851
17 7.84923201557e+17 0.191519045105 3.90852129311 0.433565925644
18 5.40108964705e+17 0.192426448322 2.70221249441 0.279813598427
19 3.08588650769e+17 0.201321886971 1.61526688624 0.295074984461
20 2.2633097775e+17 0.211801161427 1.24636626282 0.193467288012
21 1.52433205096e+17 0.220336047673 0.873249778568 0.256606100824
22 1.39788031045e+17 0.22500731085 0.817786552817 0.160371262283
23 1.14331214418e+17 0.224858358176 0.66841655822 0.219150946574
