00 3.63733163375e+17 0.172291519277 1.62937162256 0.530760219529
07 7.3351043856e+17 0.223418290332 4.26087085123 0.640286040455
08 8.06711627513e+17 0.204461465818 4.28847748821 0.479048814018
09 7.64827139471e+17 0.197889210618 3.93512701112 0.435203727313
10 6.44318957601e+17 0.201548591209 3.37640103305 0.2737655008
11 5.70320997451e+17 0.210027543077 3.11436106435 0.293689663169
12 5.13676535461e+17 0.219246718496 2.92816926397 0.194017153546
13 4.67158787851e+17 0.226668281878 2.75314207497 0.260413596167
14 4.00172362263e+17 0.230787129909 2.40122040484 0.163217714378
15 3.7185499038e+17 0.230810370821 2.23152769375 0.220075606307
16 3.71997133234e+17 0.22651164783 2.19080377456 0.15769786388
17 3.50510073952e+17 0.218156253715 1.9881150802 0.224976947003
18 3.30111974859e+17 0.206460296621 1.77203042244 0.161131176153
19 2.74665921631e+17 0.19257630794 1.37524787672 0.225571801496
20 2.62132087962e+17 0.178112254756 1.213912368 0.192674274171
21 2.34834604447e+17 0.165256934651 1.0090092189 0.280116390756
22 2.6545603119e+17 0.157096496458 1.08425752405 0.311600552775
23 3.37432817731e+17 0.158145004368 1.38744617529 0.373683125312
