00 1.06424062008e+17 0.197769926747 0.547234452635 0.141679995932
01 9.69834250885e+16 0.212381581523 0.535534823247 0.219925552539
02 9.0002508491e+16 0.217500193675 0.50896463873 0.141332491608
03 8.37513056642e+16 0.209911347347 0.457089084766 0.203696515099
04 8.56536646458e+16 0.190282964304 0.42375926352 0.128337160283
05 1.18436968273e+17 0.160282723509 0.49356839581 0.185851367135
06 1.96907692778e+17 0.139165180236 0.71247005844 0.126169703208
07 3.13986252769e+17 0.119195260608 0.97306750388 0.186842706997
08 5.09562031874e+17 0.104464376832 1.38400808304 0.174607196018
09 7.52435992223e+17 0.103483305789 2.02447866062 0.261556845911
20 4.86213162784e+17 0.178474117029 2.2561880878 0.399012140607
21 2.83906087988e+17 0.171545605823 1.26627388838 0.333282338002
22 2.07305744745e+17 0.179131894454 0.965511840474 0.211869322953
23 1.4593802933e+17 0.18981735423 0.720240835834 0.240398620129
