00 1.40290761286e+17 0.156469442872 0.570731648719 0.175869117151
01 1.9310739249e+17 0.143403771709 0.720000539127 0.259484426408
02 2.61878848073e+17 0.139142141664 0.94739797821 0.360261391481
03 3.3042297383e+17 0.152253314115 1.30800781346 0.416868052443
12 1.05588456027e+18 0.198269364476 5.44308857885 0.503398413909
13 9.0382177531e+17 0.190272260337 4.47127751538 0.397409466401
14 6.64539678584e+17 0.195515902223 3.37812994536 0.236809852537
15 5.22056893057e+17 0.205658089564 2.79149580501 0.269458833474
16 4.48758098451e+17 0.215649013982 2.51613027764 0.183613826709
17 3.52810438242e+17 0.222747288366 2.04327677906 0.239711013302
18 2.84407848679e+17 0.225478247382 1.66732236481 0.152819064434
19 2.0775897554e+17 0.223196203625 1.20564637985 0.210992627983
20 1.75932671998e+17 0.215889972771 0.987534593945 0.148391017524
21 1.42045583561e+17 0.20411007264 0.753816293846 0.217885116289
22 1.53321806417e+17 0.188927983453 0.753136272348 0.151133182614
23 1.58063959872e+17 0.17195507792 0.706677413938 0.22136407791
