00 8.78635576916e+16 0.221522029977 0.506056555181 0.136788720082
01 9.50999857801e+16 0.205173075414 0.507310870412 0.212714775055
02 1.02795743307e+17 0.177228737453 0.47367735485 0.135064501214
03 1.122311706e+17 0.140134952636 0.408915254184 0.180538333948
04 1.329585291e+17 0.107905727138 0.373021655803 0.126161717163
05 1.77366704356e+17 0.090793720206 0.418698356158 0.191617347908
06 3.10149258431e+17 0.0856713864343 0.690843841255 0.248238585413
18 5.69552977066e+17 0.164765083223 2.43990353532 0.318046529369
19 3.41829477585e+17 0.163202776068 1.45047551177 0.297121549732
20 2.22660687763e+17 0.17187469776 0.99501319872 0.180996419179
21 1.54448632362e+17 0.194743127346 0.782023051695 0.245883479336
22 1.34637871639e+17 0.21613576044 0.756601528037 0.16362869275
23 1.11248789524e+17 0.225102399703 0.651101606635 0.224954055806
