00 9.33794713074e+16 0.224507613127 0.545074457677 0.139727548552
01 9.77316492114e+16 0.216172950631 0.549300413482 0.216489057664
02 1.02722476753e+17 0.203919335847 0.544624580137 0.15662106543
03 1.08331106003e+17 0.188916267079 0.532103212023 0.217608915336
04 1.1896360501e+17 0.172847639563 0.534627036316 0.175404633304
05 1.69185362525e+17 0.158054373376 0.695252647916 0.253474966927
06 2.88458688391e+17 0.147971340764 1.10977409079 0.25198798582
07 4.75551546009e+17 0.14805870713 1.83064822397 0.340688448223
08 7.06229469389e+17 0.165984086034 3.04779417818 0.501927287031
16 1.04447186379e+18 0.209324433507 5.68447051123 0.587894321922
17 8.05451756502e+17 0.194879040415 4.08110730061 0.450244366852
18 5.56009879017e+17 0.195337042102 2.82384245382 0.291514994934
19 3.16792271568e+17 0.20352712894 1.67637135907 0.304565364528
20 2.35447859801e+17 0.21362483894 1.30773528934 0.201059484522
21 1.5706282931e+17 0.222225052209 0.90748568153 0.264339671815
22 1.44255718787e+17 0.227402367026 0.852906389636 0.16704356673
23 1.16824379627e+17 0.228142186641 0.692966804945 0.225957521919
