00 1.48699355997e+17 0.201249407103 0.778067088005 0.336835939995
01 1.48912166292e+17 0.199454065417 0.772229560878 0.401901706329
02 1.37644093529e+17 0.188148350944 0.67333523958 0.254119043972
03 1.39615027021e+17 0.167210199227 0.606971468566 0.357294568203
04 1.54594470809e+17 0.13840717537 0.556321584846 0.260105028559
05 2.28986802799e+17 0.105676765364 0.629163200403 0.334054919423
06 3.59588496557e+17 0.0755545831941 0.706382533448 0.270935446589
21 2.14697936501e+17 0.197735533844 1.10378868832 0.87568662146
22 2.08315815065e+17 0.191020378567 1.03460671224 0.633780874609
23 1.93922938089e+17 0.196551294714 0.99101091846 0.50227926301
