00 1.37341604137e+17 0.227589875509 0.812696523282 0.205282423026
01 1.2722017914e+17 0.229473853837 0.759036324616 0.281382848377
02 1.2126466567e+17 0.229444797009 0.723412211573 0.209280895919
03 1.13082022529e+17 0.227388377378 0.668551977949 0.264167772521
04 1.11299611539e+17 0.223423082611 0.646539459889 0.195291901189
05 1.50550388409e+17 0.217889340627 0.8528864464 0.275587474754
06 2.13298036126e+17 0.211328496905 1.17197478755 0.200686443445
07 3.09922106248e+17 0.204448908198 1.64744414247 0.272355913449
08 4.13875719325e+17 0.198093808879 2.13164165874 0.213993834861
09 5.39833789973e+17 0.193168102019 2.71124538398 0.323328769617
10 6.66410965829e+17 0.190512134234 3.30094375981 0.345305374648
11 8.05658517383e+17 0.190679187592 3.99418010085 0.377832229011
12 8.9295103331e+17 0.193594998812 4.49464221006 0.411841440304
13 1.07588900527e+18 0.198299014639 5.54704096974 0.502791197612
14 1.10746224611e+18 0.203124860104 5.84878095912 0.542088954011
15 1.12205979561e+18 0.206494947633 6.0241916471 0.506156677615
16 1.0113590124e+18 0.207801891414 5.46422020756 0.505595722569
17 8.99968955223e+17 0.207698836863 4.85998513553 0.496741841591
18 7.0819766687e+17 0.207568205069 3.8219822822 0.425547973575
19 4.33535361199e+17 0.208628410644 2.35164262749 0.417566984267
20 3.58858531676e+17 0.211338425022 1.97185551914 0.323812180192
21 2.37424346922e+17 0.215388398513 1.32959969614 0.359913519975
22 2.28513730048e+17 0.2200299405 1.30727642307 0.255045701014
23 1.6909591249e+17 0.224409484293 0.986614889464 0.302274694031
