00 1.77744591242e+17 0.177746587666 0.821430858803 0.215424355875
01 1.34736612073e+17 0.188284769593 0.659590150956 0.263173293294
02 1.10290826701e+17 0.19808757459 0.568028301381 0.153267009164
03 8.84193654109e+16 0.205354642642 0.47209050685 0.213167060687
04 8.59719439772e+16 0.214932241634 0.480431708554 0.141354668227
05 1.11998669661e+17 0.211961002704 0.617223108395 0.209421742662
06 1.63406457235e+17 0.196750998015 0.835909972119 0.126330808062
07 2.25427143811e+17 0.170598416666 0.999895358999 0.172511923785
08 3.03875410643e+17 0.150356878111 1.18793371005 0.118965922761
09 4.26605773931e+17 0.129993851264 1.44185931564 0.19149884215
10 6.1598651361e+17 0.11272475057 1.80536007862 0.185941168185
11 8.70606148893e+17 0.105114539124 2.37934746659 0.258814102999
12 1.27588859215e+18 0.118946945303 3.94583931516 0.349970303365
22 4.71131920646e+17 0.187025488484 2.29095561759 0.419042395936
23 2.80769764674e+17 0.173352401548 1.2654749377 0.343226596127
