00 1.5099863526e+17 0.222439723877 0.873290463062 0.225889586053
01 1.44276394607e+17 0.222799876823 0.835763836623 0.303544045707
02 1.38553666113e+17 0.22220827367 0.800482044899 0.240151705892
03 1.31645669194e+17 0.220673242682 0.75531759436 0.291706068738
04 1.2872636027e+17 0.218307901426 0.730651520791 0.229422209633
05 1.75938370294e+17 0.215319059757 0.984954996142 0.303339093384
06 2.38557643041e+17 0.211997077906 1.31491160416 0.23116055888
07 3.3987695053e+17 0.208677590647 1.84404228198 0.297730803279
08 4.34875115154e+17 0.205711831435 2.32593286598 0.229043087078
09 5.42735840715e+17 0.203410078095 2.87034643337 0.340338048284
10 6.29094595807e+17 0.201990919208 3.30385628758 0.325579337789
11 7.15217947436e+17 0.201526513703 3.7475198666 0.355978159345
12 7.45037147572e+17 0.201915306147 3.9112944973 0.334579699397
13 8.55702617526e+17 0.20291927046 4.51460232286 0.422590459257
14 8.47354252211e+17 0.20424538168 4.49977300919 0.37369248673
15 8.12116171101e+17 0.205670260231 4.34273175044 0.393720865811
16 7.90917619894e+17 0.207118938329 4.25916446119 0.355586146451
17 7.08305531087e+17 0.208659859468 3.84266824701 0.39856638095
18 5.86569346013e+17 0.210419520003 3.20906664615 0.331950778888
19 3.81486223552e+17 0.212479557254 2.10750862084 0.366968432852
20 3.23549988844e+17 0.214801151737 1.80697166645 0.295115563668
21 2.27333390152e+17 0.217219640387 1.28391320868 0.350791339889
22 2.29096997183e+17 0.219488760668 1.30738961559 0.265743138502
23 1.78948427204e+17 0.221329734446 1.02977180469 0.313373602407
