00 1.06842823947e+17 0.222096544815 0.616964972958 0.16208648467
01 1.16529945158e+17 0.212765491211 0.644632326581 0.243502501114
02 1.2618012767e+17 0.201860907472 0.662241711985 0.199792196889
03 1.36948138768e+17 0.190642135218 0.678810225309 0.261095771772
04 1.48210563524e+17 0.180719513185 0.696398063114 0.243444179695
05 2.19487354134e+17 0.174109099123 0.993583382925 0.321653802297
06 3.45850455749e+17 0.173208654244 1.55751159226 0.359056040699
07 5.28759560969e+17 0.180237713919 2.47786277653 0.426077755577
08 7.12954873558e+17 0.19529044741 3.62006518224 0.576341617691
09 9.19489090038e+17 0.213919291878 5.11410783078 0.600902276607
10 1.16216074731e+18 0.228661748686 6.90928442708 0.769361972347
11 1.44150867597e+18 0.234385800364 8.78459828348 0.643479651829
12 1.36005313151e+18 0.23055111738 8.15260599832 0.657775250263
13 1.39552897169e+18 0.220403649214 7.99707162656 0.661459887549
14 1.11465757244e+18 0.209926994915 6.08391457807 0.52985879656
15 9.27098508133e+17 0.204439502165 4.92792449397 0.441554825474
16 7.63297702898e+17 0.205277479403 4.07388354061 0.332758857961
17 5.76080890078e+17 0.210630600128 3.15484685359 0.345608017824
18 4.30283579251e+17 0.217937320403 2.43814610716 0.233249581039
19 2.70854555121e+17 0.22504663446 1.58482755751 0.27716608084
20 2.16165520119e+17 0.230423729161 1.29505129681 0.196597105915
21 1.53388074218e+17 0.233081149096 0.929548583502 0.266411397509
22 1.50692175227e+17 0.232497409266 0.910924048759 0.178542700335
23 1.28366017496e+17 0.228563776377 0.762835364651 0.243218511128
