11 9.23931576646e+17 0.158228888013 3.80100931529 0.44376274109
12 7.41312191341e+17 0.179960081331 3.46857165839 0.2993732554
13 5.58319299339e+17 0.203568658073 2.95506407411 0.334131820609
14 4.29880328771e+17 0.220086613205 2.45988354671 0.215517731547
15 4.16122713761e+17 0.225391534998 2.43855396726 0.278887330533
16 3.9604652066e+17 0.217924009442 2.2440091884 0.182829603507
17 3.85052175443e+17 0.19780647477 1.9803111491 0.255356694118
18 3.70907024945e+17 0.166586591901 1.60649156714 0.166659739094
19 3.6281247162e+17 0.127276233857 1.20061252959 0.227377125226
20 3.87905214178e+17 0.084835689946 0.855613368439 0.150493851791
21 4.318892485e+17 0.0465715850671 0.522957938779 0.149245242779
