00 1.59282503125e+17 0.178823221293 0.740568667916 0.197495429415
01 1.2544997236e+17 0.189516847128 0.618146964084 0.248996598818
02 1.04543353963e+17 0.198012001886 0.538221808854 0.146829791067
03 8.60257254041e+16 0.212740840119 0.475830812451 0.215685603221
04 8.43373345144e+16 0.217433923725 0.476782736558 0.141357880072
05 1.11238562628e+17 0.209425653429 0.605701425287 0.209321383267
06 1.66194890194e+17 0.189418955016 0.81849202317 0.125037479798
07 2.34252858533e+17 0.159114225372 0.969097015294 0.169795764084
08 3.24686328187e+17 0.138499046799 1.16918742102 0.119481282025
09 4.67658374458e+17 0.11861614001 1.44226761177 0.192689853591
10 6.9245157697e+17 0.104177439956 1.87558364714 0.2109511238
11 9.82001578245e+17 0.103869850833 2.6520092937 0.287366026522
22 4.04943651177e+17 0.177836224549 1.87235490209 0.367550097462
23 2.49127712022e+17 0.171670276622 1.11196340416 0.318668325861
