00 8.81334450931e+16 0.221880151701 0.508431616346 0.138024285619
01 9.60876588447e+16 0.204217561469 0.51019247179 0.214821660221
02 1.04653508158e+17 0.175043406709 0.476291571392 0.136102646358
03 1.15094343269e+17 0.13693739219 0.409778699799 0.18174034332
04 1.3766632627e+17 0.101496522002 0.363288986142 0.124228870345
05 1.81132132814e+17 0.0853004120399 0.40171678463 0.188560107759
06 3.0964631467e+17 0.082547829609 0.664576411784 0.255631224743
18 5.56985811296e+17 0.162340297483 2.35095229979 0.312037932479
19 3.38586113954e+17 0.160608987448 1.41387929607 0.292505704312
20 2.18524906993e+17 0.16901689891 0.960294454978 0.177494815815
21 1.53314072727e+17 0.198515625554 0.79131621539 0.250498128466
22 1.33942129484e+17 0.218890660253 0.762285710118 0.166198976917
23 1.11403259172e+17 0.226668375053 0.656541489037 0.227696665241
