00 1.37629842784e+17 0.183480613021 0.656562606028 0.204531529512
01 1.19878040193e+17 0.210373127672 0.655697074617 0.282794555398
02 1.01190172298e+17 0.226755227543 0.596580414157 0.170841121577
03 8.86466720225e+16 0.230311232792 0.530824432226 0.256464071861
04 8.92158683503e+16 0.22034232015 0.511108817089 0.158179410867
05 1.23481767325e+17 0.19749120265 0.63405063109 0.238226305513
06 2.0357874077e+17 0.163657872261 0.866248852353 0.140446565048
07 3.06620143014e+17 0.122070493965 0.973161080252 0.18738993125
08 4.64249707799e+17 0.077628281042 0.937011576558 0.115918161223
09 6.83121470612e+17 0.0548041600052 0.973385357839 0.152877552518
22 2.59095062462e+17 0.149355697328 1.00613041693 0.367034786687
23 2.10130879112e+17 0.152970086573 0.835737208004 0.303677521105
