00 9.1284957506e+16 0.221253320994 0.52512460013 0.134365111922
01 9.53084868593e+16 0.212780621127 0.527274774848 0.209774734024
02 1.00113511508e+17 0.199977507106 0.520531711937 0.148506976964
03 1.054381898e+17 0.184045443728 0.504540879119 0.209018480514
04 1.16696337311e+17 0.16675067204 0.505939009451 0.165620417882
05 1.64724787773e+17 0.150589526998 0.644951524764 0.241774975733
06 2.86607108018e+17 0.139333771027 1.03828527824 0.241821145104
07 4.74168489731e+17 0.139315083636 1.71752939292 0.329474308616
08 6.96237765395e+17 0.16007078537 2.89763047368 0.485326662946
17 8.41974246514e+17 0.193801873417 4.24258084492 0.477612206695
18 5.8190892183e+17 0.190023448407 2.87498483962 0.30510864269
19 3.26826993768e+17 0.197292528687 1.67649362514 0.307890596196
20 2.37701042932e+17 0.207844184248 1.28452426344 0.20132989175
21 1.5757435745e+17 0.217304433304 0.890281767673 0.261385584865
22 1.42706193764e+17 0.223315188403 0.828579974215 0.162768911082
23 1.15014072514e+17 0.224650269255 0.671786501318 0.220530642607
