00 1.3472634783e+17 0.18720638705 0.65576245326 0.203374909085
01 1.18353473677e+17 0.21292700972 0.655216932241 0.283238351884
02 1.00624678669e+17 0.227825782194 0.596047299269 0.171096006221
03 8.88517916971e+16 0.229766763394 0.5307949036 0.256640755211
04 8.96735634639e+16 0.218203442859 0.508744087313 0.157824428853
05 1.24642877414e+17 0.193919359623 0.628437341211 0.237871414827
06 2.07282642234e+17 0.15896692937 0.85672821384 0.140263536748
07 3.14734604496e+17 0.11675586856 0.955424914961 0.185800408778
08 4.79749957347e+17 0.0724520097214 0.903730062912 0.115153736143
09 6.9444910585e+17 0.0539655727643 0.974384937573 0.155858465114
22 2.51632855324e+17 0.146417747957 0.957931415702 0.351095209324
23 2.0421005646e+17 0.157284142519 0.835094094229 0.305174173376
