00 1.24134265485e+17 0.209260415422 0.675386087053 0.217109841925
01 1.16184531136e+17 0.223735848944 0.675860762402 0.304142200105
02 1.03355808702e+17 0.226182698424 0.607809688457 0.181657242152
03 9.70935495299e+16 0.215587170542 0.544235214147 0.270774988713
04 1.01460534442e+17 0.192471211031 0.507734030332 0.168692063436
05 1.45265865551e+17 0.158734304402 0.599525579162 0.246494340311
06 2.59702440522e+17 0.11777847372 0.795271283717 0.147404880893
07 4.10908126957e+17 0.0750624956263 0.801938526545 0.180268174727
08 5.41586678928e+17 0.0381888734948 0.537747214369 0.124125538162
21 2.52992352727e+17 0.151377958749 0.995734114304 0.487387322306
22 2.06281151e+17 0.162070718457 0.869235493016 0.352292931551
23 1.76481201345e+17 0.18758747466 0.860747235013 0.340830736545
