00 9.50750057952e+16 0.181224393147 0.447977665946 0.123672694299
01 1.14941751952e+17 0.145710609774 0.435454051901 0.180521099537
02 1.45316538649e+17 0.11548170049 0.436316425804 0.134658876032
03 1.79666024491e+17 0.0972442703669 0.454258777996 0.191783518401
04 2.46631271285e+17 0.0890215229682 0.570842775916 0.23842507779
16 8.45800499033e+17 0.167954236051 3.69345019333 0.35471589306
17 5.63191742545e+17 0.165223745714 2.41936888072 0.306842643659
18 3.78085408689e+17 0.173794108689 1.7084344319 0.180452164736
19 2.39526016211e+17 0.188946264477 1.17669619621 0.22749209052
20 1.71465582882e+17 0.21205176317 0.945349058498 0.157123485452
21 1.30230098148e+17 0.223012455365 0.755116282711 0.234215648336
22 1.25336470441e+17 0.22088869906 0.719820657416 0.14834824677
23 1.13927645286e+17 0.205852461442 0.609759441417 0.207175203603
