00 1.55965031973e+17 0.185532997566 0.75235315733 0.307894174241
01 1.41570428481e+17 0.206449102202 0.759904284318 0.354189864199
02 1.148043584e+17 0.219953462351 0.656542019201 0.209955545491
03 1.00711872415e+17 0.222204970583 0.581845644829 0.302458036518
04 1.01946609365e+17 0.211895371118 0.561652380267 0.19050682473
05 1.46620061638e+17 0.189392207459 0.721986125416 0.276704940434
06 2.44552948178e+17 0.156517537189 0.995197454189 0.166823992221
07 3.65811339712e+17 0.116682994131 1.10978302252 0.224620772649
08 5.24213246307e+17 0.0755317139238 1.02946284883 0.148020931654
09 6.67563208013e+17 0.0404627045866 0.702296734846 0.136591376013
23 2.25333952096e+17 0.166854117183 0.977545338857 0.457943962454
