00 1.39268033142e+17 0.16139377644 0.58440183896 0.178427420648
01 1.89240001273e+17 0.148504019903 0.730675423802 0.26270630158
02 2.52133745443e+17 0.143518731035 0.940833795123 0.356322597133
03 3.18420880496e+17 0.153968986127 1.27470044342 0.408497413477
12 1.03671100564e+18 0.198866332677 5.36033980919 0.496301297582
13 8.9522981987e+17 0.192402470851 4.47835516238 0.400368783215
14 6.63244522893e+17 0.197878321958 3.41228454418 0.238464556889
15 5.23337667108e+17 0.207813743772 2.82767575633 0.272202867449
16 4.52336220818e+17 0.217569237339 2.55877561119 0.186583566157
17 3.56716610127e+17 0.224553407594 2.08265018908 0.243151482792
18 2.87919017587e+17 0.22735089168 1.70192477988 0.156278789196
19 2.09543795206e+17 0.225322652616 1.22758905815 0.214417397278
20 1.77513487693e+17 0.218445883699 1.00820435788 0.151665687562
21 1.42651794246e+17 0.207233809771 0.7686191446 0.221967561138
22 1.53708869435e+17 0.192703636014 0.770126708722 0.154494434444
23 1.56994661377e+17 0.176384128352 0.719975529075 0.225379809799
