00 1.47536237822e+17 0.166618878061 0.639140382902 0.23668264833
01 1.77259441142e+17 0.136804375511 0.630496545868 0.32762929314
02 2.21917913581e+17 0.103236125656 0.595658585908 0.248961464322
03 2.70387615803e+17 0.0726118052707 0.510466655564 0.289487661697
18 3.65904616566e+17 0.193650244058 1.8422954758 0.870232106063
19 2.8144641836e+17 0.190782280552 1.39606972824 0.600433594744
20 1.59736435097e+17 0.198014415576 0.822383037891 0.389564627694
21 1.74456027689e+17 0.20309831796 0.92122487032 0.43273053906
22 1.71911841809e+17 0.20023493999 0.894991690532 0.294717755319
23 1.66591410749e+17 0.187419421123 0.811784109931 0.351382836426
