00 1.53866450912e+17 0.215098666206 0.860508177494 0.230507923736
01 1.59669904009e+17 0.212542985365 0.882354669846 0.313574817899
02 1.59334516215e+17 0.209968536825 0.869836116124 0.27637307457
03 1.61386549099e+17 0.207628188363 0.871218317207 0.324842461942
04 1.57695111084e+17 0.205748011264 0.84358184278 0.289359278339
05 2.26414360418e+17 0.204486162043 1.20376369342 0.352259900994
06 2.97596669498e+17 0.203908115332 1.57774177616 0.301618337592
07 4.22841000407e+17 0.203971084556 2.24243077365 0.357793893028
08 5.25802078921e+17 0.204548401782 2.79635134732 0.297322659581
09 6.32879582136e+17 0.205475161174 3.38106688772 0.389995277848
10 6.84958096147e+17 0.206613635703 3.67956374627 0.368654634497
11 7.33856213629e+17 0.207893392908 3.9666603121 0.370653434022
12 7.12982316347e+17 0.20931433633 3.88017292939 0.319226919998
13 7.6189231956e+17 0.210908286164 4.17792448736 0.391779231018
14 7.05032033278e+17 0.212686703166 3.89872440839 0.291732496149
15 6.40340054229e+17 0.214599130673 3.57282689328 0.332920622715
16 6.23733070664e+17 0.216525374945 3.51140496178 0.269830903724
17 5.45327968876e+17 0.218292032773 3.0950595222 0.3322052439
18 4.59780520458e+17 0.219707477277 2.62644767452 0.254860192115
19 3.13502790453e+17 0.220592554781 1.7980659184 0.308190580708
20 2.70274744993e+17 0.220817307666 1.55171487951 0.244869421283
21 1.99371470228e+17 0.220315592497 1.14204073335 0.317678196648
22 2.080473509e+17 0.219096856017 1.18514553261 0.246677465827
23 1.76374476134e+17 0.217250454616 0.996253313189 0.304735958022
