00 1.2989203603e+17 0.20190094878 0.681858458146 0.223986415812
01 1.1904092743e+17 0.220469915259 0.682368522754 0.305411715007
02 1.03425091403e+17 0.227649309981 0.612160918008 0.182911869004
03 9.47941466076e+16 0.221840998059 0.546759930432 0.271787802268
04 9.73589282323e+16 0.203078835961 0.514059983212 0.167307076967
05 1.39368015096e+17 0.172781843978 0.626086828637 0.24899102702
06 2.43070763543e+17 0.133764772869 0.845371942387 0.147812791936
07 3.80440022506e+17 0.0906030807514 0.896194990086 0.189624890078
08 5.4901419396e+17 0.0502153555767 0.716792517125 0.125086905642
22 2.17635817675e+17 0.152479983347 0.862812752224 0.370287010618
23 1.89372037351e+17 0.177755802736 0.875211441391 0.344090799541
