00 8.93032644813e+16 0.225739579261 0.524141315116 0.143995549888
01 9.69927320957e+16 0.209337285593 0.527909076738 0.224945065529
02 1.04791477695e+17 0.18098340674 0.493103484395 0.139991975714
03 1.14683728762e+17 0.143172712163 0.426909092683 0.192710129383
04 1.3679871069e+17 0.0996763883557 0.354525636746 0.121384932369
05 1.76047692825e+17 0.0756263529765 0.346159968916 0.170477035469
06 2.88134621433e+17 0.0724261309251 0.542580371215 0.231630180289
18 5.45492151759e+17 0.16270390524 2.3075962876 0.356533709866
19 3.56020211603e+17 0.152413864777 1.41082282612 0.30712844158
20 2.23789809761e+17 0.165956199723 0.965621965481 0.191948288565
21 1.59759414678e+17 0.197781116702 0.821532281405 0.264461767166
22 1.36927806957e+17 0.219639685431 0.781944291615 0.175787263594
23 1.13566206627e+17 0.229075869095 0.676397214558 0.237484627462
