00 2.46475783319e+17 0.179133751208 1.14795542285 0.300120877037
01 1.69885553607e+17 0.184687359197 0.815768570797 0.311560772172
02 1.33280982955e+17 0.195521789767 0.677542744561 0.185549870566
03 9.92794146904e+16 0.205499370066 0.530448286664 0.234843474562
04 9.44294931697e+16 0.211622276908 0.519567993146 0.147976439672
05 1.18435903087e+17 0.212433949149 0.654154971962 0.211224037718
06 1.62114156385e+17 0.207429645035 0.874309329766 0.129884930203
07 2.11765258313e+17 0.196831277273 1.08373268317 0.1807786171
08 2.67085875516e+17 0.181504455471 1.26040918639 0.120618431136
09 3.51117493923e+17 0.162942424856 1.4875103326 0.194629409396
10 4.66602259854e+17 0.143354272188 1.73912511143 0.153157063644
11 6.17497572604e+17 0.12602714326 2.02335783117 0.216507171361
12 8.52720316587e+17 0.116427570619 2.58128402681 0.243370896322
13 1.26952042256e+18 0.124578170169 4.11201781209 0.339703808344
23 3.70236556235e+17 0.188934126221 1.81870832643 0.452335572094
