10 9.52784354684e+17 0.170330129137 4.2194849365 0.363494936538
11 7.94125034963e+17 0.158808371433 3.27895629143 0.309698255128
12 6.45595901399e+17 0.164444595375 2.76028367631 0.192215864374
13 5.01915876813e+17 0.186735314737 2.43686089993 0.243091552934
14 3.91175373039e+17 0.2119257266 2.15540325414 0.159583095706
15 3.61585115517e+17 0.225197065697 2.11712558237 0.221771021565
16 3.44665254645e+17 0.225290586384 2.01889577046 0.151527942934
17 3.22249049563e+17 0.212136787245 1.77738282975 0.213866119641
18 3.02691833198e+17 0.186804808534 1.47015153858 0.135569497431
19 2.72935216159e+17 0.151475958882 1.07492121309 0.184232249165
20 2.74982889311e+17 0.109487097823 0.782784041042 0.120274401985
21 2.86335661525e+17 0.0893695765843 0.665332117619 0.183025580927
22 3.23252154734e+17 0.0806151533331 0.677534572498 0.230666918532
