00 1.50243367741e+17 0.0890047317218 0.347681636608 0.115682463247
01 2.12626395193e+17 0.074919081577 0.414174130419 0.174930198101
02 2.93484609602e+17 0.0769021063365 0.586809201049 0.259251928563
14 8.37141968573e+17 0.157714145728 3.43275739109 0.307538064516
15 6.47356862472e+17 0.154637151694 2.60274095489 0.270595331193
16 4.96348207425e+17 0.175032138566 2.2587990937 0.183618691946
17 3.64768254499e+17 0.204516513895 1.93962942654 0.252419096271
18 2.77423797764e+17 0.223148409605 1.6095736607 0.162039309922
19 2.05124686216e+17 0.228944004497 1.22101374417 0.229987109066
20 1.65076498629e+17 0.221252769318 0.949614444247 0.152343892515
21 1.41103614368e+17 0.200634289758 0.736065809729 0.225475708314
22 1.53153714454e+17 0.168809035486 0.672197001273 0.139284393826
23 1.68444767977e+17 0.128668763238 0.563513079205 0.184270654297
