00 9.3954416301e+16 0.201758848747 0.492859506557 0.127326867612
01 1.07326626936e+17 0.186174894149 0.519519608639 0.205727783976
02 1.24945320678e+17 0.1685639642 0.547593242605 0.165728889408
03 1.44484731476e+17 0.151254320099 0.568202435423 0.226245059794
04 1.73667770738e+17 0.137702263522 0.621775573417 0.232267320912
05 2.52875006192e+17 0.133675734119 0.878884554422 0.313887685319
06 4.41366499467e+17 0.148823634552 1.70782993213 0.461632211655
15 1.08701474571e+18 0.198942505518 5.62258936322 0.505388257045
16 8.47802479573e+17 0.187715039315 4.1377771704 0.357898139307
17 5.75647466071e+17 0.1919696303 2.87317761236 0.327522862708
18 4.00719206417e+17 0.20215472057 2.10618925921 0.206471681489
19 2.47695658712e+17 0.212485286394 1.36842375748 0.249320038146
20 1.87156798569e+17 0.219913703422 1.07011696204 0.165929971035
21 1.35217881813e+17 0.22284082419 0.783433669941 0.231794993293
22 1.29969836668e+17 0.220558021963 0.745313142349 0.145603971133
23 1.13689349887e+17 0.213037032783 0.629721085736 0.206742867067
