13 8.30802724639e+17 0.166286934707 3.59194259909 0.529339083034
14 6.20754734063e+17 0.182293468779 2.94214787708 0.340269092077
15 5.38435557617e+17 0.202719254657 2.83793262795 0.34648223583
16 4.43694448729e+17 0.217253065607 2.50624345866 0.220796684664
17 3.71887326223e+17 0.221229618814 2.13908477698 0.301492991195
18 3.08391529922e+17 0.212913217804 1.70717645746 0.192221502327
19 2.60326046807e+17 0.192384284594 1.30214864718 0.269308096277
20 2.28653940979e+17 0.161214367609 0.958419812902 0.172560635472
21 2.41354505489e+17 0.122542215261 0.768979009912 0.249381692594
22 3.12429353309e+17 0.0816569825674 0.663312994675 0.172995774775
23 3.57493247187e+17 0.0460363365938 0.427899665895 0.159855222143
