00 9.60620293898e+16 0.22491506472 0.561750736491 0.144850426525
01 1.02061099426e+17 0.215773643874 0.572574478343 0.223108803492
02 1.08645422106e+17 0.203410848288 0.574591094304 0.167810491806
03 1.15995387375e+17 0.189073891895 0.570224182657 0.228958784655
04 1.27446900272e+17 0.174490819324 0.578196165267 0.192393061213
05 1.83889174049e+17 0.162027151679 0.774671016488 0.273208609181
06 3.08638140302e+17 0.155085773312 1.24450000122 0.286340302091
07 4.97475574315e+17 0.158677328393 2.05239047191 0.372272644887
08 7.07359904343e+17 0.178293931447 3.27906743563 0.544053081247
15 1.33384434029e+18 0.218957459124 7.59343435802 0.624349560207
16 9.67800844519e+17 0.201617849242 5.07327404392 0.487306368694
17 7.17831363099e+17 0.19743499666 3.68485085217 0.402585420876
18 5.033253099e+17 0.202626317855 2.65166080994 0.265169000192
19 2.95649679298e+17 0.211677613299 1.62714288065 0.291934934794
20 2.24946557789e+17 0.220778970965 1.29125020832 0.196897669228
21 1.53307786658e+17 0.227618140255 0.907286465425 0.263051710992
22 1.43955191524e+17 0.230854331701 0.864049667888 0.168914670419
23 1.18639534061e+17 0.229827503931 0.708932327499 0.229679002017
