00 2.77219170803e+17 0.202346220817 1.4584505403 0.422879816545
01 2.69511703657e+17 0.20442771213 1.43248718524 0.472246386297
02 2.31955286559e+17 0.205973398232 1.24219208387 0.449304437602
03 2.16158754668e+17 0.207230433273 1.16466148203 0.428415781855
04 1.98627474587e+17 0.208686374372 1.07772203558 0.371610545721
05 2.65601505712e+17 0.210750130907 1.45536435454 0.386139071822
06 3.01182233864e+17 0.213532201134 1.67211473883 0.285898200781
07 3.76807014318e+17 0.216825745116 2.12423800276 0.318800160006
08 4.17468534033e+17 0.220212633767 2.39022798026 0.224596555991
09 4.57859723745e+17 0.223201500829 2.65706941523 0.314170578389
10 4.7006822117e+17 0.225342623726 2.7540865635 0.229387227275
11 4.8421341529e+17 0.226288354512 2.84886828144 0.276898092911
12 4.95278273161e+17 0.225841663753 2.90821620001 0.205338102305
13 5.27854150665e+17 0.223965811737 3.07375336664 0.289211461094
14 5.15042553173e+17 0.220789315555 2.95661321271 0.204399769914
15 5.04648881333e+17 0.216591059414 2.84186333184 0.273086935577
16 5.41944687007e+17 0.211782781482 2.98413838382 0.224862206258
17 5.36052004474e+17 0.206878110732 2.88333307443 0.306813267762
18 5.09633555014e+17 0.202442140915 2.68245400694 0.264522434047
19 3.87966257843e+17 0.199024911276 2.00758870117 0.336384032676
20 3.53720506434e+17 0.197064724076 1.81235168401 0.320729001877
21 2.95180635028e+17 0.19675661541 1.51004730975 0.398485592838
22 3.34739185122e+17 0.197944746985 1.72275644593 0.425025203862
23 2.84943718119e+17 0.20009904369 1.48244110303 0.424207312764
