00 2.34481322662e+17 0.0702120142592 0.428048555227 0.181864229253
15 7.52971194591e+17 0.17544127833 3.43465795205 0.533125779181
16 5.68389335124e+17 0.189602846519 2.80197413264 0.319287285564
17 4.27912576248e+17 0.206184692641 2.29395459829 0.370052011189
18 3.15280048167e+17 0.21599905217 1.77060498088 0.240606983817
19 2.45488616745e+17 0.215114507106 1.37301223257 0.310423134978
20 1.86308379489e+17 0.202306172095 0.979974712171 0.195947757217
21 1.78586625811e+17 0.178109342595 0.827006609509 0.294653490572
22 2.05492144726e+17 0.144610615681 0.772624984727 0.193098366759
23 2.50712598338e+17 0.105718933016 0.689131778137 0.251149102565
