00 2.40437121056e+17 0.208071371632 1.3007301208 0.321562234103
01 1.80853639981e+17 0.21258276312 0.999605529199 0.363752043742
02 1.53854435045e+17 0.218567053626 0.874315274433 0.24803116425
03 1.25329672565e+17 0.22453444056 0.731661525788 0.293608836149
04 1.18570875213e+17 0.229278435576 0.706829364119 0.20048632035
05 1.47719407784e+17 0.231951292808 0.890856397815 0.271366388344
06 1.91029538058e+17 0.232053400007 1.15255539901 0.180377849207
07 2.49447852165e+17 0.229422541625 1.48795296641 0.237790729529
08 3.01852987017e+17 0.224211490339 1.75965161014 0.164960450209
09 3.69820143487e+17 0.216869410106 2.08526958545 0.258143010527
10 4.35754914692e+17 0.208113611732 2.35784975729 0.201831382675
11 5.07368537792e+17 0.198915320831 2.62400776234 0.261849065787
12 5.89094831788e+17 0.190477086189 2.91743574325 0.227485942247
13 7.38683525322e+17 0.184201845589 3.53773858544 0.332107381869
14 8.55173460735e+17 0.181586773875 4.0374929358 0.35091116512
15 9.609068406e+17 0.183867872856 4.59367731663 0.401724368312
16 1.10390504871e+18 0.191191972608 5.48750237972 0.491166358873
17 1.15790012646e+18 0.20161969159 6.06984212609 0.540491685855
18 1.08730237998e+18 0.21132285735 5.97406798927 0.651155213675
19 8.8033588378e+17 0.216699916435 4.9599865237 0.614848696616
20 7.80121341611e+17 0.216563292243 4.3925867983 0.634172796395
21 5.67534176413e+17 0.212614727934 3.13731923729 0.605047531142
22 4.62640232199e+17 0.208263201618 2.50512433484 0.51552171054
23 2.81991735827e+17 0.206483602161 1.51389340423 0.431500436612
