00 3.88043753266e+17 0.173442607452 1.74988632967 0.548571600713
08 8.19138560772e+17 0.203797784246 4.34040421556 0.482981772551
09 7.6824151567e+17 0.196489063597 3.92472745679 0.432743122754
10 6.42654886816e+17 0.200264287657 3.34622140105 0.269441313309
11 5.65572227309e+17 0.209073312701 3.07439753752 0.290493506564
12 5.08973160677e+17 0.218546471997 2.89209150378 0.190836859693
13 4.60916175479e+17 0.226048176286 2.70892078308 0.256665247666
14 3.94391673073e+17 0.230049046125 2.35896513294 0.160530426516
15 3.67520778054e+17 0.229764014507 2.19551928389 0.216888370029
16 3.68192919506e+17 0.224994047539 2.15387159611 0.154845898167
17 3.48321621692e+17 0.216046921196 1.95659916277 0.221766772148
18 3.29549293925e+17 0.203696547524 1.7453293887 0.158704241005
19 2.76705720574e+17 0.189171341664 1.36096460258 0.222968285786
20 2.65303352515e+17 0.17418598848 1.20151529433 0.191316980995
21 2.4011969013e+17 0.161099982659 1.00576522582 0.278903193976
22 2.71012676073e+17 0.153328917057 1.08040608341 0.31897495726
23 3.53885979703e+17 0.156021715771 1.43556134126 0.381777189747
