00 1.11600023226e+17 0.228479911191 0.662957448284 0.165843750933
01 1.02874870879e+17 0.231238551337 0.618504538888 0.241083440148
02 9.7846258542e+16 0.229755158776 0.58449774934 0.163786164077
03 9.15251007559e+16 0.223979488048 0.532993375482 0.222420902525
04 9.23184702528e+16 0.214339171494 0.514474075118 0.155442601238
05 1.26751106871e+17 0.201701581773 0.664713367432 0.232478456795
06 1.96131124714e+17 0.187376843535 0.955511207766 0.167447460314
07 3.00934729056e+17 0.173157735417 1.35483858099 0.238766766885
08 4.51303970873e+17 0.161502792437 1.89505813987 0.20679269255
09 6.48660193498e+17 0.155952405054 2.6301630482 0.312141052217
10 9.08375034465e+17 0.161586138099 3.81630115788 0.483499475207
11 1.22589575194e+18 0.183213874944 5.83962888574 0.528526092816
18 9.58223516082e+17 0.21447055928 5.34327906864 0.614804096022
19 5.47321339496e+17 0.200155826164 2.84828842698 0.49142156315
20 3.96298519504e+17 0.198392289529 2.04418683615 0.33749766854
21 2.38721920152e+17 0.204648860323 1.27020839123 0.341329177018
22 2.05465869369e+17 0.213842856598 1.14237261942 0.216778324164
23 1.45142220087e+17 0.222575901301 0.839934171769 0.266351380388
