00 1.08087460243e+17 0.205221032364 0.576727324591 0.172649603586
01 1.24964968283e+17 0.178623090693 0.58036235044 0.265504902216
02 1.46547414847e+17 0.142677479089 0.543634408654 0.167519123906
03 1.71889149518e+17 0.101502755359 0.453627779603 0.227016785008
04 2.08322392865e+17 0.0617042013108 0.33421353854 0.16868801825
18 4.19321494667e+17 0.160199359109 1.74655090237 0.554057847466
19 3.17500774781e+17 0.173192966292 1.42971142559 0.430839720035
20 1.87729829371e+17 0.195094521656 0.952251592802 0.278315267324
21 1.64198158978e+17 0.213612831633 0.911945675893 0.34301484815
22 1.46880315293e+17 0.222606503311 0.850109348208 0.223684119331
23 1.31658593191e+17 0.219516824046 0.751433182131 0.288001894173
