00 1.35995610314e+17 0.125720450445 0.444533164066 0.14223348917
01 1.86999818751e+17 0.0821731976532 0.39952569975 0.181087692921
02 2.65987551372e+17 0.0427107495662 0.295373720053 0.13138769544
15 7.91115874073e+17 0.156163158335 3.21212199111 0.465765355667
16 6.5125279438e+17 0.15535780287 2.63060728444 0.307761556712
17 4.63034677051e+17 0.183074779627 2.20401925798 0.335339813976
18 3.22088623717e+17 0.208269000941 1.74410797278 0.218060774708
19 2.30001633451e+17 0.22435180627 1.34163332965 0.28316342672
20 1.66916985561e+17 0.22825500478 0.990590570766 0.183847954223
21 1.43546130834e+17 0.218931884999 0.817097450202 0.272468223367
22 1.49904441792e+17 0.196831828821 0.767155101084 0.169059306787
23 1.5604345627e+17 0.163745232335 0.664335672033 0.233877277546
