00 1.79421174798e+17 0.133664596409 0.62353873183 0.211800872327
01 2.65954462473e+17 0.129424702429 0.894948006299 0.303978364815
02 3.65949925979e+17 0.145323175058 1.38270613404 0.477320759993
11 1.16867578878e+18 0.200596508909 6.09523936519 0.521921180631
12 9.18257506631e+17 0.186022609428 4.44123309526 0.358613491436
13 7.42084688523e+17 0.188992037774 3.64645053461 0.330898666569
14 5.47162133229e+17 0.199030018578 2.83144392809 0.197710068618
15 4.47011906171e+17 0.209614761936 2.43620765165 0.238714444468
16 3.95490085874e+17 0.217385195073 2.23531592615 0.162707481858
17 3.25136225593e+17 0.220600326962 1.8648540995 0.220548997819
18 2.72161383825e+17 0.218484013225 1.54603569596 0.141242328196
19 2.08216705016e+17 0.210969829185 1.14211350996 0.198940594162
20 1.83322719533e+17 0.198605160551 0.94662979178 0.141132309724
21 1.55255895563e+17 0.182504589489 0.736707750622 0.211102808181
22 1.7312850664e+17 0.164372076399 0.739894795126 0.156880075915
23 1.95703735383e+17 0.146643799503 0.74616722267 0.227647674894
