00 1.05913548775e+17 0.216058614901 0.594971900835 0.164642921767
01 9.95762541227e+16 0.228814574366 0.592396953306 0.253088585059
02 9.27741577656e+16 0.228253971535 0.550577819112 0.15362178623
03 8.86553956827e+16 0.214235917245 0.493822420334 0.229332126302
04 9.30297251095e+16 0.187848386167 0.454362576911 0.140736965842
05 1.29699394405e+17 0.151374333612 0.510462144347 0.205846128554
06 2.30944461308e+17 0.108387676227 0.650819870964 0.12137179247
07 3.7493215566e+17 0.0717140372345 0.699085362856 0.150413588844
08 5.81899914952e+17 0.0662254779399 1.0019515995 0.185118029504
20 3.9308175554e+17 0.169474242605 1.73204805285 0.405831286092
21 2.74141988136e+17 0.149134193697 1.06298255334 0.323228071872
22 1.93152402605e+17 0.16053638969 0.806207723727 0.212897764897
23 1.45808895548e+17 0.19338797298 0.733139855565 0.261196313719
