00 2.40551673533e+17 0.061115562465 0.382237721576 0.154184444518
14 8.365223579e+17 0.157816491515 3.43244261354 0.496314614396
15 6.92133577371e+17 0.17282772823 3.11011671903 0.406019864766
16 5.1871564829e+17 0.195657131386 2.63875080948 0.254863477512
17 3.93376948937e+17 0.214505740363 2.19392195551 0.323550144267
18 2.98782353429e+17 0.22354333416 1.73656089032 0.208642401855
19 2.32750238616e+17 0.220341973024 1.33340081676 0.281080073115
20 1.84959606285e+17 0.204439973653 0.983141562929 0.178937717273
21 1.74494248196e+17 0.176881939655 0.802486908067 0.269139498134
22 2.01936213978e+17 0.14015495718 0.735861397003 0.17156698783
23 2.49845753773e+17 0.0985202452068 0.639986488066 0.219316494665
