00 2.89662677862e+17 0.18246382524 1.37417696603 0.421886389261
01 2.12925040932e+17 0.166832664613 0.923594150476 0.351543542493
02 1.63027836266e+17 0.1711949559 0.725648124238 0.206526310711
03 1.11594417521e+17 0.181338597599 0.526145754504 0.242800726153
04 1.05028962845e+17 0.196786846005 0.537376276774 0.154103543774
05 1.29026221244e+17 0.215567454786 0.723160206971 0.227418122086
06 1.69891484406e+17 0.221831908253 0.979871156723 0.143283415386
07 2.12078639666e+17 0.215080327243 1.18596252374 0.197684396701
08 2.58441085236e+17 0.195886755271 1.316254826 0.12643734617
09 3.32038653926e+17 0.165873720714 1.43198866063 0.18959212337
10 4.3090935844e+17 0.132324509496 1.48251660681 0.123157214515
11 5.62658564446e+17 0.111842532718 1.63615813148 0.181340686556
12 7.74205697748e+17 0.0965835931576 1.94416477142 0.179147247325
13 1.16061807238e+18 0.0952231980473 2.87346187865 0.262701951696
