12 8.55898228537e+17 0.182850199727 4.06903021288 0.569244655245
13 6.70445919462e+17 0.193328633277 3.37002622569 0.472070844406
14 5.08264351634e+17 0.205708411495 2.71841056225 0.304516231121
15 4.9382429716e+17 0.211331068212 2.71337082193 0.34376513631
16 4.51866028485e+17 0.206624393249 2.4275301431 0.222584378341
17 4.29461960884e+17 0.190679177528 2.1291257905 0.303252026366
18 3.93587774805e+17 0.164374183669 1.68208739883 0.207656135271
19 3.68728464839e+17 0.130269784959 1.2488886234 0.285933183593
20 3.54519855028e+17 0.0931158518186 0.858296875477 0.202796417383
21 4.17100145799e+17 0.0601445351809 0.652243654217 0.223378749879
