01 3.58233042621e+17 0.21730738174 2.02401379817 0.651184551588
02 2.58337890322e+17 0.205264034284 1.37871441697 0.480821596016
03 2.00933480565e+17 0.201908138694 1.05482273162 0.417492422981
04 1.90280760125e+17 0.205764724102 1.01797977083 0.281293719836
05 2.12612575134e+17 0.213301789875 1.17911671348 0.315683441316
06 2.34933176623e+17 0.221497271823 1.35296349975 0.202478673278
07 2.74089579307e+17 0.22826261862 1.62667453284 0.247029598268
08 2.9714929525e+17 0.232268693977 1.79448044682 0.166728773666
09 3.30922749697e+17 0.232770050038 2.00275153015 0.246662853564
10 3.56597848457e+17 0.229511566729 2.12792660318 0.165837293658
11 3.86642017151e+17 0.222671868348 2.23845180886 0.226500977581
12 4.2868986725e+17 0.21282745328 2.37216129004 0.160473527408
13 4.94474239179e+17 0.200931983423 2.58324793038 0.244914694062
14 5.40021713444e+17 0.188316450741 2.64406928237 0.189939599585
15 5.99873939328e+17 0.176733837402 2.75646860463 0.263866704563
16 7.30100756072e+17 0.168488937456 3.19836141628 0.264067265969
17 8.66243473738e+17 0.166610512107 3.752456988 0.359388923323
18 9.71534730185e+17 0.174525076334 4.4084864966 0.481088491292
19 9.43223362642e+17 0.193600201648 4.74781406336 0.53946414659
20 1.14566647879e+18 0.218567133385 6.51053099019 0.674104868948
