00 2.74070175253e+17 0.175477044274 1.2504186312 0.382689066645
01 2.00146331293e+17 0.166566844043 0.866781311503 0.334379718268
02 1.52153257619e+17 0.173424113274 0.686063138394 0.19471586692
03 1.06763018383e+17 0.183677648557 0.509859484404 0.235334847859
04 1.0086055274e+17 0.202968744236 0.53226003305 0.15396253386
05 1.25276134946e+17 0.218595959604 0.712006280286 0.226886444467
06 1.67818607478e+17 0.221462058667 0.966301811666 0.141892604301
07 2.1257388148e+17 0.211350131006 1.16811546018 0.195692845278
08 2.62823297527e+17 0.189109402386 1.29226127494 0.124998991719
09 3.42385667995e+17 0.156634518249 1.39436476821 0.185101475857
10 4.52262243896e+17 0.126450357396 1.48690678182 0.125964520009
11 6.00711916355e+17 0.106749378772 1.6672662212 0.184997428177
12 8.32633997412e+17 0.094087965646 2.03686181255 0.198711371993
13 1.2396887738e+18 0.0985371647204 3.17604083955 0.280840552161
