00 3.56132000187e+17 0.155623081637 1.4409813428 0.473500299275
09 9.27983966677e+17 0.197745197306 4.77111368727 0.517320181297
10 7.62294136572e+17 0.192461266287 3.81451446499 0.31812340072
11 6.48026607844e+17 0.198507605839 3.34459347153 0.308413061938
12 5.61072122746e+17 0.208564871279 3.04251831152 0.202861433598
13 4.87985834935e+17 0.218186733553 2.76827291896 0.262078746598
14 4.02875992052e+17 0.224891338417 2.35568634778 0.161263682446
15 3.67235593672e+17 0.227330094766 2.17057626009 0.214786117045
16 3.58652037812e+17 0.224917844998 2.09734832967 0.150796478505
17 3.30555362531e+17 0.217674285255 1.87078845918 0.21477791271
18 3.05831021656e+17 0.206151388413 1.63923473309 0.146527497114
19 2.53996992761e+17 0.191408415759 1.26404621179 0.210015822427
20 2.41354243159e+17 0.175015073238 1.09825639411 0.170625983753
21 2.18929994066e+17 0.159170205115 0.906025433593 0.252042465791
22 2.49418117012e+17 0.147058968605 0.953658447017 0.259614927723
23 3.21130422574e+17 0.143759439976 1.20030377242 0.332568200842
