00 1.97319539431e+17 0.211836126603 1.08678458034 0.261967627634
01 1.54226927827e+17 0.218406758602 0.875789288294 0.323123304627
02 1.338948638e+17 0.224893573761 0.782914455136 0.220161547582
03 1.11525674647e+17 0.229942014115 0.666755394603 0.270742480694
04 1.06727230562e+17 0.232634929321 0.645540525195 0.185816821524
05 1.35918642381e+17 0.232460465481 0.82148848276 0.258347279674
06 1.82845475771e+17 0.22927871246 1.08998695686 0.171731952246
07 2.46142115915e+17 0.223290291203 1.42898976324 0.232163678555
08 3.08416419649e+17 0.215019935503 1.72420764518 0.162294164079
09 3.9099928489e+17 0.205287257922 2.08694644716 0.259329585564
10 4.79496238267e+17 0.195195887363 2.43348803661 0.219863619721
11 5.78483407443e+17 0.186129257641 2.79948986681 0.278859064995
12 6.89085759654e+17 0.179744628611 3.22034606271 0.267926883399
13 8.96405077872e+17 0.177888188956 4.14595677273 0.382241630513
14 1.06773115679e+18 0.182142374141 5.05645628386 0.478813227663
15 1.23955356798e+18 0.192599620717 6.20717622332 0.493790894688
16 1.35327390937e+18 0.206376513363 7.2613827271 0.630836350719
17 1.31868812149e+18 0.218202220408 7.48125757949 0.631896116891
18 1.16422160892e+18 0.223708208142 6.77159418029 0.682604392394
19 9.25752444529e+17 0.221938161296 5.3419546792 0.64214299479
20 7.43970251085e+17 0.215423536174 4.16698625973 0.605968103151
21 4.84909414486e+17 0.208711345903 2.63135851 0.561384726373
22 3.95316252577e+17 0.205613860811 2.11334502427 0.419943279472
23 2.43734502402e+17 0.207185316159 1.31295345841 0.379240848519
