00 1.24675478436e+17 0.216382206017 0.701416431565 0.171813434424
01 1.07279035865e+17 0.223589791488 0.623648928761 0.244746892594
02 9.74913836222e+16 0.22658438054 0.574340643917 0.158086880764
03 8.65465720296e+16 0.224688586828 0.505596701067 0.21632319058
04 8.6365523439e+16 0.217858215981 0.489201410327 0.144587412861
05 1.15700135882e+17 0.206597164842 0.621486321173 0.216973788453
06 1.76576351388e+17 0.191921788652 0.881110078991 0.14451943442
07 2.6227001374e+17 0.17536852979 1.19584157466 0.209458635865
08 3.79762431546e+17 0.15909438242 1.57086980734 0.162691349178
09 5.4842184177e+17 0.146221494485 2.08496759411 0.260745539098
10 7.94741683822e+17 0.141733912509 2.92868805533 0.351830034437
11 1.10115289362e+18 0.153640147066 4.39871360548 0.416815406652
20 6.09183901108e+17 0.198318447114 3.14112253714 0.496191209997
21 3.3336498543e+17 0.191539397558 1.66016574038 0.408305108132
22 2.57480571921e+17 0.197075080145 1.31931811302 0.253624311685
23 1.69014064466e+17 0.207133806237 0.910221688494 0.282704943506
