00 1.07000319835e+17 0.224212789833 0.623761845803 0.156429261663
01 9.87628371156e+16 0.226957221091 0.582788415528 0.230332102218
02 9.3968700786e+16 0.22483147184 0.549305153921 0.152559123161
03 8.80381897608e+16 0.217818093821 0.498584077606 0.211195798157
04 8.94534622825e+16 0.206444264178 0.480146009176 0.144921287275
05 1.23149236108e+17 0.191743699379 0.613940342785 0.22007361216
06 1.95754875425e+17 0.175267797642 0.892047673231 0.158046871539
07 3.05605562871e+17 0.159189674322 1.26488050063 0.228285045735
08 4.74442468274e+17 0.146658503136 1.80910657775 0.203816752034
09 6.95044953413e+17 0.142692406565 2.57861856391 0.308769828399
10 9.80359071969e+17 0.155250276364 3.95722643834 0.508904579427
19 5.91900016849e+17 0.19762164481 3.04127862721 0.508268300562
20 4.08312746528e+17 0.192020464143 2.0385144807 0.338894795564
21 2.41387644344e+17 0.198018270885 1.24277826259 0.333632864393
22 1.99863640879e+17 0.208119687195 1.08148451895 0.210622429123
23 1.40813486793e+17 0.217796413435 0.797385482053 0.256502486751
