08 8.89072750073e+17 0.184494091437 4.26474540041 0.421886930255
09 7.58292231041e+17 0.168074489002 3.31368906041 0.348820742914
10 6.08313816138e+17 0.172096343938 2.72190317683 0.208513732788
11 5.17404142155e+17 0.182290456942 2.45226377493 0.24237113721
12 4.6303518357e+17 0.193999373598 2.33554192473 0.148361137343
13 4.06528170794e+17 0.213611836444 2.25781995736 0.222069902016
14 3.49727819388e+17 0.220840414243 2.00808494916 0.142662577439
15 3.45458529215e+17 0.215119957447 1.93219062672 0.199667110021
16 3.57873075823e+17 0.196946327491 1.83252648777 0.134137538451
17 3.67070914993e+17 0.167857016028 1.60200113999 0.185759118278
18 3.81061676269e+17 0.13607801171 1.34820699638 0.126959414632
19 3.80519506005e+17 0.115497614841 1.14267647895 0.180417217694
20 3.99307614403e+17 0.0995540965725 1.03357042897 0.181707165391
21 3.83259474525e+17 0.0964025082569 0.960626541093 0.267321509545
