00 8.85014305064e+16 0.221771836137 0.510305243347 0.139095576034
01 9.72359561178e+16 0.20273220894 0.512534364476 0.216694864775
02 1.06796362655e+17 0.172307509551 0.478447197231 0.137050609815
03 1.18373851435e+17 0.133219521445 0.410012403836 0.182628252295
04 1.4324098967e+17 0.0951860345521 0.354498086591 0.123440201602
05 1.84793200279e+17 0.0801587664779 0.385132669685 0.185905023181
06 3.07803877e+17 0.080128282712 0.641258697979 0.2619701673
18 5.44592450869e+17 0.159845869764 2.26332220338 0.306468708494
19 3.34765515707e+17 0.158103022939 1.37611344024 0.287296554121
20 2.14371098062e+17 0.172121261453 0.959343419254 0.17983070071
21 1.521350745e+17 0.202162889622 0.799657723117 0.25476058065
22 1.33311570174e+17 0.221388249691 0.767353994796 0.168517892989
23 1.11651038694e+17 0.2278578091 0.661454587574 0.230212269243
