00 1.05284015789e+17 0.221045643553 0.605086898672 0.183817903123
01 1.14249312924e+17 0.206142944099 0.612343932915 0.278593461814
02 1.21163803901e+17 0.179450019061 0.565314019905 0.16915635047
03 1.32928077398e+17 0.143333915264 0.49538064633 0.247567235886
04 1.57971529405e+17 0.101887484681 0.41847836634 0.166224533843
05 1.90606941852e+17 0.0616573604232 0.305560343736 0.183021546747
19 3.09987263959e+17 0.157789638147 1.27173223346 0.514043161398
20 2.05116819673e+17 0.172532123326 0.920120251127 0.363603377024
21 1.89155091926e+17 0.195323912092 0.960609326225 0.372430445306
22 1.55622460677e+17 0.214272070415 0.86698421816 0.243495020551
23 1.33353266367e+17 0.223471625663 0.774817451783 0.300622842831
