02 2.64172746954e+17 0.219258504843 1.50597515945 0.593808261925
03 2.31683708903e+17 0.200636511204 1.20858948749 0.508417845517
04 2.41972936786e+17 0.196212215689 1.23442919765 0.33171000275
05 2.51056742633e+17 0.201669183984 1.31639061893 0.331636799874
06 2.61001349783e+17 0.211018289317 1.43197751686 0.210374459294
07 2.89327013849e+17 0.22028306872 1.65707990433 0.247087665258
08 3.01095555799e+17 0.227102748626 1.77787033635 0.165078735439
09 3.25248131687e+17 0.230135357167 1.9461284688 0.239907995178
10 3.42239338707e+17 0.228742913062 2.0354054058 0.154225254906
11 3.65161802115e+17 0.222852723467 2.11580985479 0.215501600284
12 4.01431567056e+17 0.212892978538 2.22201101173 0.146355782946
13 4.5378569671e+17 0.199755881763 2.35680541142 0.224507106401
14 4.89114924275e+17 0.184795397755 2.35004086147 0.165778773704
15 5.50368191024e+17 0.169884919608 2.43098065306 0.235775954834
16 6.7969099231e+17 0.157626638704 2.78557256835 0.225502983038
17 8.38305388454e+17 0.151875917632 3.31027840331 0.320912060083
18 9.89976622397e+17 0.158411657398 4.07741977602 0.437263691214
19 1.06530254516e+18 0.182870208962 5.06511457506 0.528357861461
