00 3.84274414648e+17 0.204009666439 2.03828807399 0.571034000289
01 2.44889119355e+17 0.18924735348 1.20496006109 0.436169790815
02 1.91059439093e+17 0.191341508367 0.950497632859 0.260880671629
03 1.30354315419e+17 0.200848650489 0.68071869677 0.289417202369
04 1.21252686498e+17 0.21139465009 0.666436400102 0.18050902231
05 1.42315004731e+17 0.219574463955 0.812467262793 0.242918947524
06 1.77202177116e+17 0.223573142475 1.03005883737 0.149832199461
07 2.16110758553e+17 0.222525548133 1.25034429011 0.200471099612
08 2.52604391265e+17 0.216261640886 1.4203446439 0.132579602516
09 3.06399529736e+17 0.205207936251 1.6347659943 0.209280748826
10 3.66856440468e+17 0.190333950912 1.81545612903 0.144906268358
11 4.39826548707e+17 0.173155166647 1.98011422277 0.207511270727
12 5.46624978011e+17 0.155830269537 2.21469865913 0.168453824813
13 7.43115532347e+17 0.141503024529 2.73398048044 0.256249870104
14 9.78040805595e+17 0.135267615844 3.43972844724 0.326515624442
15 1.30581753541e+18 0.145796448357 4.9499725305 0.391737920671
