00 2.59761286168e+17 0.132449607208 0.894537288343 0.322717426217
01 3.93792571969e+17 0.149129247895 1.52687574219 0.422902479613
10 1.04552136233e+18 0.198305209569 5.3906406545 0.500484580903
11 8.65124468985e+17 0.187015121706 4.20657530431 0.365573034199
12 7.12546642821e+17 0.191388273849 3.54569987217 0.247621095119
13 5.80115072755e+17 0.201661984064 3.04166607048 0.285074915787
14 4.49203419733e+17 0.211998152389 2.47598767079 0.170652525253
15 3.90305908963e+17 0.21934929013 2.22594642568 0.219932706731
16 3.62995819004e+17 0.222122464105 2.0963676702 0.151726362876
17 3.169729509e+17 0.219626094855 1.8100038159 0.211929133996
18 2.7956596155e+17 0.211850536938 1.53988117566 0.1384976429
19 2.24415029801e+17 0.199378140712 1.16332973613 0.198060675262
20 2.0663001032e+17 0.18334872379 0.985019065913 0.148356461707
21 1.8276896841e+17 0.165475163082 0.786336846201 0.222016938188
22 2.09711144885e+17 0.148206162184 0.808092582712 0.188507130171
23 2.57516196403e+17 0.135225308714 0.90539038609 0.263989091555
