00 2.45462914558e+17 0.0609406736569 0.388925559644 0.159871685194
14 8.40568197911e+17 0.162208221838 3.54502389064 0.544117011051
15 7.02581711353e+17 0.174167535655 3.18154005683 0.427759629185
16 5.25650592778e+17 0.195383989966 2.67029646377 0.264309010955
17 3.9926615758e+17 0.213387750295 2.21516118551 0.331785077299
18 3.02348953264e+17 0.221959726888 1.74484156837 0.214626724024
19 2.36176314401e+17 0.218526366923 1.34187955042 0.287096222561
20 1.8663806687e+17 0.20257044614 0.982991268288 0.182173984539
21 1.77439667004e+17 0.175115870509 0.807885045505 0.27440803617
22 2.0614799763e+17 0.13866226429 0.743208651384 0.175496377682
23 2.5625745369e+17 0.0975383125949 0.649867910192 0.224307499056
