00 8.94945740405e+16 0.212441482802 0.49432136031 0.134527572956
01 1.01806258995e+17 0.186665098345 0.494095559033 0.208598652252
02 1.17233773001e+17 0.150909710105 0.459984582151 0.13450352426
03 1.35202585148e+17 0.108583116965 0.381698671045 0.168186615529
04 1.72053767868e+17 0.0855278133608 0.382599946203 0.143464174217
05 2.17864660849e+17 0.0776097290985 0.439618850024 0.210954211127
17 6.68584904766e+17 0.168011291609 2.9205751484 0.378861445327
18 4.88805479234e+17 0.156799018462 1.99274970344 0.251617147137
19 2.96065423815e+17 0.162401946456 1.25012162876 0.256183176717
20 1.94706371507e+17 0.190346431844 0.963603239916 0.172967223062
21 1.42185291187e+17 0.214556135057 0.793174890014 0.251840689432
22 1.28631370494e+17 0.226681228568 0.758116244495 0.163989443961
23 1.11067159186e+17 0.225525609926 0.65126070927 0.225744110222
