12 8.65216804691e+17 0.175865861123 3.9562145588 0.503563896127
13 6.61439126908e+17 0.190979212595 3.28434921454 0.429933164896
14 4.9483169861e+17 0.207408051531 2.66843403955 0.2757152359
15 4.71833744585e+17 0.216559788862 2.65668561874 0.320010227501
16 4.28139324215e+17 0.214802037892 2.39109518292 0.207657668399
17 4.00674806036e+17 0.201075202054 2.09470995713 0.286743286771
18 3.65632858929e+17 0.176044296299 1.6735570632 0.187105821616
19 3.42096804817e+17 0.14191478668 1.26226347207 0.26515575498
20 3.36165901781e+17 0.102762677564 0.898178012488 0.179449147267
21 3.94173866965e+17 0.0652742712533 0.668964709745 0.210568739107
