00 1.32174408546e+17 0.190701062905 0.655350805163 0.169926103288
01 1.10677301614e+17 0.200158247566 0.575977343143 0.232578897687
02 9.64727535148e+16 0.206196027783 0.517199762665 0.142167562512
03 8.33392597268e+16 0.214309695262 0.46437069524 0.208171806615
04 8.29224936739e+16 0.20992275182 0.452590269555 0.134879961202
05 1.11286617733e+17 0.193462252125 0.559773752146 0.19891041852
06 1.72361990353e+17 0.169229613763 0.758387579424 0.121137234074
07 2.53462975231e+17 0.149448212319 0.984869301967 0.176523927796
08 3.70385127267e+17 0.129306559329 1.24522388727 0.131956340488
09 5.51200650671e+17 0.112767049746 1.61608905105 0.215346209841
10 8.30905180498e+17 0.106770328085 2.30661648696 0.293529003939
11 1.10364108638e+18 0.123555529661 3.54538493357 0.385000714044
21 4.64828640729e+17 0.183998595358 2.22372324138 0.450199808634
22 3.03670454968e+17 0.174097380986 1.37457400322 0.288996904399
23 1.94937038443e+17 0.18057060214 0.915197358686 0.285134264114
