10 9.38220102177e+17 0.146418339619 3.57168836851 0.419654601353
11 7.77779381873e+17 0.167896720338 3.39525179144 0.370875863228
12 6.31630632163e+17 0.194433656409 3.1930665861 0.241113271255
13 4.99615681252e+17 0.215725904138 2.80228115855 0.303306977484
14 4.01627444931e+17 0.226596870065 2.3661955708 0.195567163775
15 3.9883232668e+17 0.224806631054 2.33116394462 0.262229907968
16 3.95377003614e+17 0.209921675929 2.15795328379 0.171599316179
17 4.01858904219e+17 0.182941060156 1.91142884325 0.240687525331
18 4.08306814529e+17 0.146234214491 1.55241908364 0.158096214477
19 4.24147013617e+17 0.103777547684 1.1444403602 0.20577636211
20 4.83448044855e+17 0.0618024594442 0.776835232825 0.138127812929
