00 1.26237277067e+17 0.198247688523 0.650682457983 0.182873995176
01 1.51221613283e+17 0.187155457928 0.73585070735 0.267735190359
02 1.76689860801e+17 0.17793587709 0.817426099218 0.276209502782
03 2.07844504033e+17 0.172757674346 0.933575061702 0.332153109308
04 2.2065663614e+17 0.174120495799 0.998941915039 0.42111581195
05 3.27462932173e+17 0.183936180634 1.56603930712 0.465601673088
06 4.70753017553e+17 0.201092035517 2.46128174566 0.631876778885
07 6.01197865512e+17 0.219656701777 3.4334856466 0.592827863084
08 7.50288707209e+17 0.232188858314 4.52942563665 0.673001024709
09 1.01338894341e+18 0.234917190766 6.18962457724 0.664385281358
10 1.1703932912e+18 0.228550056197 6.95482976438 0.736945381129
11 1.26651331371e+18 0.217348345379 7.1571389015 0.59811625074
12 9.93085525538e+17 0.207679442124 5.36232964606 0.501461472355
13 9.42209828703e+17 0.203963817255 4.99659454626 0.463251715144
14 7.45220256988e+17 0.206363297042 3.99843884062 0.287171491445
15 6.04877986452e+17 0.212580944608 3.34322387704 0.312594682133
16 5.35124339506e+17 0.220073068628 3.06192784281 0.224564983676
17 4.23729336993e+17 0.226845515534 2.49914859733 0.28010999367
18 3.38623477055e+17 0.23152506986 2.03839542872 0.19071869616
19 2.34170541804e+17 0.233263055885 1.42020674067 0.24564973491
20 1.95888893969e+17 0.231663599521 1.17988848336 0.178866557886
21 1.49364914556e+17 0.226734745941 0.880521614812 0.252482651591
22 1.5625819306e+17 0.218857622379 0.889155711868 0.175847404428
23 1.4487889711e+17 0.208760077242 0.786368173536 0.24761940316
