00 1.18107836366e+17 0.204445716715 0.627812672645 0.156769304416
01 1.0267062235e+17 0.211549649251 0.564718287811 0.22712261929
02 9.2997470898e+16 0.213588917258 0.516443957039 0.142298324933
03 8.32598267519e+16 0.209885608852 0.454351025199 0.200014976932
04 8.37260506789e+16 0.200517020334 0.436500953368 0.130410091014
05 1.13456250712e+17 0.186207694276 0.549287098001 0.198029298444
06 1.79113722826e+17 0.168301072979 0.783770825163 0.130290037961
07 2.72513851536e+17 0.148817096041 1.05442272043 0.191280308809
08 4.13441658272e+17 0.130718415852 1.40515540403 0.152304710236
09 6.20263762798e+17 0.118766539972 1.91533110541 0.246039588183
10 9.18308034831e+17 0.121631344447 2.90407106322 0.370734984539
20 6.40484851085e+17 0.194265009687 3.2350186908 0.503930967778
21 3.42322825013e+17 0.179983687107 1.6019256299 0.385806330952
22 2.47825678233e+17 0.184123635216 1.18639468418 0.242338792161
23 1.64673715836e+17 0.194706428919 0.833638809828 0.266804370032
