00 1.50726230018e+17 0.135371741714 0.530505879267 0.171928078882
01 2.17504124149e+17 0.123649293616 0.699250014049 0.256378998123
02 3.13041311383e+17 0.126071886537 1.02610842594 0.389705145045
12 1.07767452294e+18 0.193186471039 5.4129955884 0.49118932051
13 8.94409498139e+17 0.182226075942 4.23760306142 0.36907144865
14 6.46185206512e+17 0.187569509515 3.15132069828 0.222213723641
15 5.05307868782e+17 0.198311663488 2.60541954483 0.254960192839
16 4.29711983781e+17 0.208471162442 2.32914647612 0.170420640044
17 3.37752254064e+17 0.215055526922 1.88852271313 0.225639800269
18 2.72703344429e+17 0.216574235127 1.53557347414 0.142287149582
19 2.02739099254e+17 0.212459182447 1.11991836522 0.198429824508
20 1.72402131513e+17 0.202854039762 0.909284189866 0.137830100124
21 1.43320694199e+17 0.188523025976 0.702500524838 0.204286079329
22 1.56934957995e+17 0.170828645323 0.697033643233 0.141219631064
23 1.69338312187e+17 0.151791282071 0.668306067275 0.208904003339
