00 1.10332218947e+17 0.230658046788 0.661674367123 0.171216629781
01 1.12960438806e+17 0.225893186542 0.663441830351 0.250934656995
02 1.15583754622e+17 0.218725748473 0.657309724263 0.192973827147
03 1.1856962979e+17 0.209836138028 0.646885023266 0.252450021088
04 1.2231533123e+17 0.200175640754 0.636598294881 0.205532566076
05 1.75068631776e+17 0.190956073614 0.869190881963 0.287452017543
06 2.65891998031e+17 0.183634067341 1.26949755586 0.253845641467
07 4.17153325883e+17 0.179854711188 1.95070176465 0.334166775107
08 6.02203372735e+17 0.181187292293 2.8369015614 0.359498073271
09 8.01705382613e+17 0.188324676749 3.92550358275 0.449267413258
10 9.98800546823e+17 0.199790209298 5.18831482771 0.649724095292
11 1.27206819477e+18 0.211546774009 6.99664999598 0.578453957411
12 1.30589458579e+18 0.219062467141 7.43788473455 0.650706987463
13 1.42070556667e+18 0.220147761505 8.13189390675 0.647873255678
14 1.23561135308e+18 0.215948824637 6.93754930455 0.611687467097
15 1.12075986502e+18 0.210076116767 6.12156688703 0.521372674011
16 8.9951512648e+17 0.20639243107 4.82698095719 0.436560687305
17 7.13983185198e+17 0.206767583925 3.83834303234 0.410663506611
18 5.30697598525e+17 0.210764077898 2.9081517399 0.286928960462
19 3.19849923871e+17 0.216804490451 1.80296739391 0.318777166156
20 2.56702963323e+17 0.223195521245 1.4896687443 0.227668090036
21 1.74403279116e+17 0.228551459093 1.03636322172 0.291401943291
22 1.67597656993e+17 0.231884776648 1.01044697673 0.197192029711
23 1.35246079697e+17 0.232590836255 0.817881968197 0.258430773356
