00 1.50844372157e+17 0.202572910724 0.79448157189 0.195948756027
01 1.20957006742e+17 0.212887739898 0.669506858543 0.261196775324
02 1.04494050862e+17 0.220362960431 0.598692078279 0.162810512331
03 8.76622004083e+16 0.223391331788 0.509157368114 0.220568498614
04 8.60103086386e+16 0.221259324506 0.494795152539 0.143918596843
05 1.12444630008e+17 0.213923039412 0.625416922442 0.21288382586
06 1.65332951579e+17 0.201923091014 0.867998056363 0.133606270108
07 2.3465369376e+17 0.186345773844 1.13689482788 0.194901105986
08 3.21825581421e+17 0.16883686257 1.412736558 0.141257131299
09 4.50462152773e+17 0.151730536728 1.77707046961 0.229343226654
10 6.39432187562e+17 0.138499029458 2.30257917192 0.245632215086
11 8.87124528058e+17 0.134924012253 3.11205441804 0.314518612847
12 1.31413541823e+18 0.15056115255 5.14430132258 0.449153048112
21 5.46034234089e+17 0.19799775424 2.81095235429 0.547979373942
22 3.61299560572e+17 0.188182486292 1.76774648972 0.326333739384
23 2.16629900451e+17 0.193017916802 1.08714975465 0.317319418203
