00 2.04721133047e+17 0.150811001926 0.802729178947 0.42137419148
01 1.80769708756e+17 0.173206397288 0.814072219804 0.375891541741
02 1.33378826512e+17 0.198888967603 0.689717004728 0.232913572887
03 1.04464974649e+17 0.218282999034 0.59287612697 0.308373207021
04 1.02211412111e+17 0.226782775085 0.602674479782 0.198647514759
05 1.39095464783e+17 0.222489358183 0.804628777825 0.280502555224
06 2.06608147946e+17 0.205232000965 1.10246769408 0.167268843278
07 2.7861767823e+17 0.176254276493 1.27679648966 0.233379946757
08 3.76657766514e+17 0.138199190871 1.35339876275 0.148198165276
09 5.43541856701e+17 0.0954290196305 1.34861132934 0.200170012121
10 7.64535539517e+17 0.054679089931 1.08690679554 0.146684647163
