00 9.20767230052e+16 0.195845906864 0.468854082268 0.12779338086
01 1.086780505e+17 0.163718536944 0.462607897071 0.193560673991
02 1.3225291184e+17 0.123710969627 0.425389534952 0.128096476814
03 1.59245820071e+17 0.0978132856737 0.404985279164 0.174557286195
04 2.13569457549e+17 0.0844648258593 0.46901678306 0.189242273244
05 2.71721393784e+17 0.0878978514573 0.620976894424 0.263885012754
16 8.62911563475e+17 0.178052655215 3.9947360724 0.42132438191
17 6.27737796968e+17 0.160764840999 2.62387234509 0.333915185483
18 4.19265061206e+17 0.164363299533 1.79170650981 0.198614980313
19 2.59206108701e+17 0.177456027762 1.19593984697 0.236775043343
20 1.78970604557e+17 0.205446142417 0.955989328121 0.162362664372
21 1.33928654894e+17 0.222058856398 0.773241142562 0.242420762444
22 1.25711634343e+17 0.225748060906 0.737858099845 0.155226741584
23 1.1197499664e+17 0.216152385998 0.629295230094 0.215820924843
