00 2.36786184628e+17 0.190190702985 1.1708978037 0.355779331947
01 2.75738047571e+17 0.193010391855 1.38372802389 0.44230397364
02 2.59553208581e+17 0.197804542574 1.33486089612 0.528266660499
03 2.74912664161e+17 0.202879793047 1.45012983469 0.492945480908
04 2.34413628985e+17 0.206531539513 1.2587589996 0.565481765916
05 3.66472732915e+17 0.208002810773 1.98191132147 0.519472984272
06 4.21142863988e+17 0.207864782389 2.27606001422 0.459163529736
07 5.37462197302e+17 0.207538170202 2.90014194549 0.433629096061
08 5.83992239065e+17 0.208354227842 3.16360855294 0.323868621868
09 6.18743039715e+17 0.210881783085 3.39252252264 0.389052222211
10 5.88396589648e+17 0.214862735757 3.28703702501 0.281480866064
11 5.70862965852e+17 0.219550344286 3.25866217802 0.30787904201
12 5.42272099043e+17 0.224064446731 3.15910134409 0.223150980964
13 5.36380063182e+17 0.227612099225 3.17425139625 0.297212681236
14 4.84160570265e+17 0.229592375063 2.89014895622 0.195015415497
15 4.48337892647e+17 0.229637222578 2.67683177954 0.258699295758
16 4.54605977461e+17 0.22762009381 2.69041383615 0.196241167531
17 4.22328706787e+17 0.223654846388 2.45585241308 0.268929670537
18 3.87439342898e+17 0.218080233346 2.19681441997 0.205922189145
19 2.95768025967e+17 0.211439212593 1.62596092153 0.268874020768
20 2.71208601722e+17 0.204448891567 1.44165574814 0.229945005499
21 2.21015627755e+17 0.197963133803 1.13757660354 0.316794899682
22 2.48366847748e+17 0.192907035154 1.24570451797 0.302388931085
23 2.4539428271e+17 0.190154027361 1.21323048986 0.351705380765
