00 1.79387157704e+17 0.198686322958 0.926686143502 0.26291630935
01 2.03592043295e+17 0.196127941076 1.03818229504 0.352593935896
02 2.0873287532e+17 0.195405082071 1.06047408045 0.380429512714
03 2.24116844851e+17 0.196476090119 1.14487363655 0.400482546014
04 2.06012871015e+17 0.198837304586 1.06503914355 0.442888223883
05 3.19068714072e+17 0.20164725111 1.6728225568 0.452394075619
06 3.91461934979e+17 0.204085103814 2.07718029063 0.434702634508
07 5.30036534985e+17 0.205763272326 2.83561334917 0.439079912726
08 6.15228653007e+17 0.206886049769 3.30933786887 0.371657957966
09 6.94581306436e+17 0.208052248142 3.75723926036 0.429082875026
10 6.87110676572e+17 0.209840210754 3.74876967876 0.358308326308
11 6.83458995536e+17 0.212499810285 3.77610757912 0.350454716641
12 6.3496460683e+17 0.215880553353 3.56398927773 0.267119952799
13 6.35249726655e+17 0.219545687182 3.62612478203 0.338797107113
14 5.64536415712e+17 0.222945177388 3.27237745492 0.227067797083
15 5.07719406566e+17 0.225551149796 2.97743409404 0.284047156531
16 4.97829922748e+17 0.226945410764 2.93748562402 0.216983570785
17 4.41948945238e+17 0.226868283163 2.60686915975 0.285143721389
18 3.86466148023e+17 0.225233817024 2.26317638741 0.213597526223
19 2.80733422943e+17 0.222134429883 1.62137453022 0.271630163019
20 2.49529115971e+17 0.217835792116 1.41326568847 0.218900289564
21 1.9393491556e+17 0.212750019519 1.07275108384 0.301096340198
22 2.11958752415e+17 0.207415218559 1.1430502449 0.248347537729
23 1.95922319289e+17 0.202445054181 1.03125111814 0.312338985411
