00 9.26744949057e+16 0.223873537827 0.539431543063 0.137471552811
01 9.40887019822e+16 0.218066453082 0.533457327425 0.21249808708
02 9.63150654278e+16 0.207505413012 0.519633333202 0.146629554137
03 9.8651336097e+16 0.193107252983 0.495307501438 0.206623017821
04 1.06728279892e+17 0.176320998741 0.489279359515 0.156270595417
05 1.49816316765e+17 0.159208521342 0.620152890892 0.231857331642
06 2.55490538098e+17 0.144740244566 0.961473837183 0.204740849629
07 4.26319017496e+17 0.13763311584 1.52556598272 0.293986762235
08 6.9170508628e+17 0.14586466245 2.62327855206 0.412913562518
17 9.55720556797e+17 0.203580274628 5.05871218893 0.568114809749
18 6.66388445132e+17 0.190144803986 3.29446780724 0.369736612824
19 3.64715464547e+17 0.19268687391 1.82717295098 0.335716038236
20 2.64937651284e+17 0.202196812149 1.3928082612 0.219746220866
21 1.7012526668e+17 0.212626270535 0.940500625425 0.273630240475
22 1.51036679675e+17 0.220700573505 0.866680927439 0.170304936287
23 1.18198944475e+17 0.22465663584 0.690408607862 0.226389042054
