00 1.43462732282e+17 0.203883875973 0.760493185799 0.311718310358
01 1.38993470144e+17 0.210410742287 0.760388699877 0.375068695565
02 1.22789076822e+17 0.207023030431 0.660924336474 0.226832239197
03 1.18690152472e+17 0.192505585682 0.594061450221 0.325904437079
04 1.27702345143e+17 0.16751395785 0.556190056801 0.219451648287
05 1.88774460274e+17 0.134382305702 0.659566627962 0.297352055455
06 3.38648418743e+17 0.0975550563889 0.858958505249 0.200846391172
07 4.84685348241e+17 0.0640890079541 0.807638081606 0.229027854861
22 2.07072333765e+17 0.183327069336 0.987011066331 0.615131755954
23 1.95878982316e+17 0.192404174338 0.979886280431 0.471377232493
