00 4.12519688546e+17 0.214693103926 2.30269344148 0.691688102612
01 4.20889632312e+17 0.229293667354 2.50919051095 0.653646604759
02 3.04313594366e+17 0.234720859426 1.85714745852 0.692359975021
03 2.82947506849e+17 0.230575982043 1.69626338072 0.641272978455
04 2.61832830569e+17 0.220219259347 1.49917643254 0.658503406589
05 4.15907123699e+17 0.209714132974 2.26776164795 0.556396170865
06 4.27432615951e+17 0.204342555933 2.27090950405 0.394338937805
07 4.80241056445e+17 0.205325741056 2.5637521208 0.360949290176
08 4.77925310932e+17 0.210780757714 2.6191739384 0.240510073354
09 4.7551079507e+17 0.218128539308 2.696784354 0.314248111767
10 4.48876865575e+17 0.225224610931 2.62855105253 0.203652196969
11 4.3811586222e+17 0.230544596532 2.62613636193 0.257326749467
12 4.34225794682e+17 0.233115361982 2.63184228604 0.175811762481
13 4.36857587672e+17 0.232424934147 2.6399514972 0.250149572585
14 4.11427004269e+17 0.228379773003 2.4430017519 0.164771638085
15 4.07001231629e+17 0.221262326065 2.34140501976 0.229559586757
16 4.393379437e+17 0.21170697494 2.41828358296 0.175751153734
17 4.47974095324e+17 0.200679608527 2.33738091807 0.25346092087
18 4.51748995776e+17 0.189478347684 2.22551298548 0.214155563028
19 3.84093655721e+17 0.179755670446 1.79511832755 0.287679560727
20 3.56952149849e+17 0.173578762975 1.61094212791 0.300881449386
21 3.41806502137e+17 0.173385549817 1.54087201591 0.392550129462
22 4.21157445713e+17 0.181325266975 1.98552864334 0.548850708746
23 4.62032009538e+17 0.197133087498 2.36812671064 0.544346345936
