00 2.39920469215e+17 0.0540951048064 0.337441596112 0.131529471062
14 7.76676134808e+17 0.147471832163 2.97798416754 0.332801661637
15 6.21129780711e+17 0.174156669767 2.81252124665 0.327944202054
16 4.76595365738e+17 0.201242245981 2.49368916745 0.217603040012
17 3.66286319283e+17 0.220687701828 2.10170703635 0.291849281071
18 2.8517303591e+17 0.228606525173 1.69500283712 0.185878135012
19 2.2273481136e+17 0.223427085063 1.29388973075 0.257676107818
20 1.83003494256e+17 0.205166982872 0.97620314406 0.165587990433
21 1.70302878935e+17 0.17520857396 0.77580163855 0.247592702845
22 1.96902304765e+17 0.136298967254 0.697777100521 0.155440639718
23 2.447386464e+17 0.0928644171602 0.590915305618 0.195051327679
