00 2.49959868246e+17 0.206725306914 1.34349879246 0.36592405373
01 2.25405135552e+17 0.208257623071 1.22050078171 0.414620535874
02 1.98105849736e+17 0.210032520739 1.08182544582 0.351854881638
03 1.76557109421e+17 0.212186525569 0.974039029923 0.368577619988
04 1.65536580175e+17 0.214700360668 0.924059850152 0.29182921
05 2.13935609281e+17 0.21738780494 1.209181805 0.337222493973
06 2.56178530285e+17 0.219954440777 1.46503773956 0.244147634493
07 3.28861601161e+17 0.222068132523 1.89877172234 0.292058547884
08 3.78059505917e+17 0.223433418393 2.19624932184 0.207098504742
09 4.31776310847e+17 0.223830082148 2.51275770528 0.300622515722
10 4.63640966342e+17 0.223147256593 2.68996545177 0.228109650595
11 4.94961748749e+17 0.221393549467 2.84911479855 0.277923168663
12 5.21355826096e+17 0.218702132397 2.96456240353 0.215376407402
13 5.79341275482e+17 0.215312108098 3.24321897464 0.30587203513
14 5.86003675359e+17 0.211556173263 3.22329007199 0.231875866327
15 5.83494424607e+17 0.207824420089 3.15287415089 0.300072070918
16 6.33773162947e+17 0.20452484487 3.3701813037 0.263209479454
17 6.31255852743e+17 0.202019798638 3.31568068676 0.345222659277
18 5.91071316997e+17 0.200564890647 3.08225200552 0.317339119189
19 4.33354436512e+17 0.200232744557 2.25606545291 0.381731596799
20 3.88696093758e+17 0.200881075186 2.0301239201 0.366856620975
21 3.17032223742e+17 0.202186468154 1.66659026585 0.42835546768
22 3.42739693005e+17 0.20376403999 1.8157886373 0.424466781838
23 2.675349115e+17 0.205332499434 1.42827391367 0.410704826813
