04 3.15808396277e+17 0.213534658028 1.75333698543 0.605198336092
05 4.04300559823e+17 0.19779686554 2.0792039702 0.46582851991
06 3.84903411327e+17 0.196338519017 1.96485550936 0.299747350097
07 3.98486915835e+17 0.203346432907 2.10680321528 0.295854124887
08 3.84306878689e+17 0.213080319179 2.12909404172 0.195520826976
09 3.84710101144e+17 0.221970176794 2.2202483983 0.266095177706
10 3.7450695456e+17 0.227931825778 2.21941340191 0.165446742369
11 3.75805661454e+17 0.229817778999 2.24553738372 0.22571646873
12 3.88385016258e+17 0.227143342784 2.29369584288 0.149127518785
13 4.05220476713e+17 0.21998007313 2.31765118263 0.221117589634
14 4.01531002154e+17 0.208892699572 2.18079927004 0.145621692416
15 4.24212478853e+17 0.194911939807 2.14978600573 0.212313468616
16 4.88154748169e+17 0.179545144057 2.27879117914 0.170976712791
17 5.53849277963e+17 0.164870239693 2.37414484349 0.250023461282
18 6.2111261269e+17 0.153829595682 2.48418305416 0.254371774256
19 5.95788798409e+17 0.15090622538 2.33761420599 0.33892231824
20 5.68847143604e+17 0.16260861953 2.40498566737 0.503555535377
