00 3.49656984284e+17 0.0719759529313 0.654339260716 0.255362517036
12 9.64143988726e+17 0.155576735845 3.89995774093 0.346804571677
13 7.188453727e+17 0.149349657577 2.79134206685 0.283319305498
14 5.09034588038e+17 0.177402313057 2.34790174694 0.189230431577
15 4.31928642095e+17 0.206387161605 2.31775768791 0.24630601474
16 3.75640515346e+17 0.224643610722 2.19401628422 0.168639471189
17 3.19120486553e+17 0.230048476771 1.90874272778 0.240519983696
18 2.73833280149e+17 0.22190835739 1.57991322831 0.150023178638
19 2.27130545657e+17 0.200783232159 1.18570413206 0.213770213558
20 2.07326343472e+17 0.168425952999 0.907897561508 0.141006404973
21 2.01534784038e+17 0.127812728426 0.669726476137 0.194906288841
22 2.45106631481e+17 0.0833445685465 0.531135967666 0.125140755864
23 3.19472209573e+17 0.0675605403237 0.561176592525 0.175491475435
