01 2.93653390878e+17 0.198153635347 1.5129006603 0.534180541918
02 2.27608876845e+17 0.189926202401 1.12395112991 0.324336654087
03 1.51986445706e+17 0.195138807686 0.771119798786 0.32224672128
04 1.43082012413e+17 0.20531191968 0.763787508645 0.203431102133
05 1.6071988606e+17 0.21533525436 0.89982509618 0.258688971842
06 1.91081144115e+17 0.22244194241 1.10511598223 0.160013833249
07 2.25696709358e+17 0.225153802414 1.32122827991 0.208434273355
08 2.55457763949e+17 0.222822102207 1.4799625357 0.137957332074
09 3.00218731625e+17 0.215439333163 1.68165200695 0.213607803473
10 3.4698199628e+17 0.203561974029 1.83644084299 0.142186482324
11 4.02401271944e+17 0.188273640541 1.9698003631 0.205093395697
12 4.83892678744e+17 0.171198409638 2.15388308294 0.155172641877
13 6.23670593928e+17 0.154628414624 2.50736707486 0.23703085357
14 7.82143557506e+17 0.141943114242 2.88651720075 0.243071716706
15 9.92610243159e+17 0.138685221461 3.57916965633 0.318980685611
16 1.40331805726e+18 0.153787711017 5.61113986824 0.468932509896
