00 1.44399649454e+17 0.224924446625 0.844454292404 0.20879002205
01 1.27011398181e+17 0.229399386149 0.757544756195 0.282347519819
02 1.17547808509e+17 0.231822158515 0.708504854129 0.201778014966
03 1.05635935001e+17 0.231734306025 0.63646622231 0.256848215198
04 1.03466601462e+17 0.229000392799 0.616041201785 0.183049947711
05 1.37468647063e+17 0.223788208382 0.799860418109 0.26029409529
06 1.94444200579e+17 0.216550182933 1.09478010735 0.180618725306
07 2.77922938987e+17 0.208001635651 1.50301907325 0.249097851531
08 3.69764825116e+17 0.199096130395 1.91408739175 0.188493004446
09 4.87117689084e+17 0.191005455266 2.41909553526 0.294235964778
10 6.16301140469e+17 0.185072677988 2.96557306535 0.302931411416
11 7.64485658937e+17 0.18269891775 3.6314382656 0.349225627649
12 8.99690413745e+17 0.184969542016 4.32679841846 0.396178087319
13 1.13440351459e+18 0.191884141181 5.6595251479 0.494322252043
14 1.2544580408e+18 0.201516243174 6.57263546165 0.614443114424
15 1.36301288878e+18 0.210322006417 7.45346174403 0.569125504288
16 1.23162877491e+18 0.215094499953 6.88783096211 0.635608874593
17 1.12752490796e+18 0.214900233808 6.29993952498 0.602274062486
18 8.8510281545e+17 0.211441891164 4.8658431425 0.567292065614
19 5.59031899375e+17 0.207860656046 3.02121917123 0.516564575853
20 4.43682251856e+17 0.206763354999 2.38516800463 0.402342060217
21 2.84173840453e+17 0.208953979244 1.54386062375 0.406128434988
22 2.61572489403e+17 0.213688782518 1.45327277682 0.273058032349
23 1.80760384625e+17 0.219584468455 1.03199649737 0.31387797062
