00 1.26899573766e+17 0.225668595683 0.744568463721 0.194913064202
01 1.2980828497e+17 0.222177586659 0.749852778557 0.275713412273
02 1.31421750141e+17 0.217417413636 0.74290780229 0.223822716821
03 1.33359791814e+17 0.211851018387 0.734562600399 0.280738031553
04 1.33609192911e+17 0.206078832621 0.715884689066 0.235247438061
05 1.91436116166e+17 0.200782854676 0.999364337186 0.31260715086
06 2.71834701544e+17 0.196665038423 1.38996993262 0.268114792905
07 4.07935881976e+17 0.194328125204 2.06110879384 0.340732052261
08 5.4799198192e+17 0.19410692908 2.76559506004 0.313291926213
09 7.03043885526e+17 0.195871780824 3.58036790425 0.410333331822
10 8.20018193933e+17 0.198930138341 4.2412846518 0.480548684665
11 9.51543879708e+17 0.202214810756 5.00282290459 0.45421840901
12 9.26228863132e+17 0.204772723796 4.9313265862 0.458489867212
13 1.02018369443e+18 0.206262179096 5.47105810918 0.509360265323
14 9.32274905316e+17 0.207082058584 5.01949257055 0.423715163126
15 8.40058225874e+17 0.20803974053 4.54390287885 0.410643350329
16 7.60228110883e+17 0.209826125324 4.1474086906 0.341009964525
17 6.32545422583e+17 0.2126774628 3.4977320451 0.372883893682
18 5.00131621843e+17 0.216349356685 2.81328202073 0.274868012044
19 3.18989279615e+17 0.220299806491 1.82710519087 0.318305184093
20 2.65078158938e+17 0.223894707148 1.54308951594 0.240024419289
21 1.86441565429e+17 0.226557170532 1.09823151186 0.306448628828
22 1.85690976118e+17 0.227849135391 1.10004773732 0.218425115204
23 1.52130564641e+17 0.227512944333 0.8999034898 0.279320957151
