03 2.53320169336e+17 0.216404791277 1.42531215765 0.617112743223
04 2.78368075056e+17 0.203498785993 1.47283669866 0.475239746785
05 3.23414300314e+17 0.200728453735 1.68787976286 0.39979614506
06 3.21406035169e+17 0.205518784461 1.71742941932 0.263543770317
07 3.52293047857e+17 0.213729954058 1.95768500027 0.282572635464
08 3.55196867499e+17 0.222178240479 2.05184239116 0.188516783211
09 3.69737834076e+17 0.228779807574 2.19930231385 0.265058818431
10 3.7157629391e+17 0.232256469959 2.24382595695 0.170974311161
11 3.81110324978e+17 0.231939421268 2.29825721358 0.23064850882
12 4.0039010559e+17 0.227661541612 2.36998914581 0.156652137123
13 4.28632467571e+17 0.219704103726 2.44848011501 0.232877235212
14 4.3338588504e+17 0.208760660577 2.35232201478 0.159078870826
15 4.58726933391e+17 0.195920672504 2.33672632142 0.2286415296
16 5.32011397179e+17 0.182685819838 2.52696439468 0.191545925913
17 6.00295260353e+17 0.171051229498 2.66971230098 0.277183200086
18 6.59195135703e+17 0.163717868598 2.80597258779 0.292878949699
19 6.04935525832e+17 0.164345173795 2.58487408732 0.375826849658
20 5.96336099998e+17 0.176909358811 2.74293336425 0.544527027917
21 8.7987275428e+17 0.201619731609 4.61239242276 0.571721629971
