00 2.31354440581e+17 0.160354802708 0.964568687553 0.325689190256
01 1.81463979778e+17 0.155455339601 0.733448159645 0.300416269733
02 1.36477927974e+17 0.169792482195 0.602496080041 0.177681781903
03 1.00302609835e+17 0.200595414387 0.523126333182 0.249508006451
04 9.59147139648e+16 0.220891634538 0.550855706542 0.165363375545
05 1.22662918109e+17 0.228542721436 0.728876645222 0.240499457145
06 1.71543666471e+17 0.222744837027 0.993472116812 0.146679202054
07 2.23510703142e+17 0.20390178663 1.18493002424 0.202757131626
08 2.86689044575e+17 0.173573282771 1.29380052364 0.129336047126
09 3.89971344666e+17 0.134470783742 1.36343356121 0.185183510202
10 5.46401522019e+17 0.0924227546826 1.31299827952 0.120249426248
11 7.61359854767e+17 0.0774126448563 1.53241088117 0.176961094716
12 1.04069006261e+18 0.0774553651939 2.09578275019 0.245338953829
