00 1.34825222819e+17 0.208566399672 0.731120294016 0.273727970556
01 1.33081876123e+17 0.211754104907 0.732696472503 0.356070465488
02 1.21431491219e+17 0.20407133079 0.644297836333 0.213642089807
03 1.20466771676e+17 0.185153543063 0.579926089525 0.314647312635
04 1.31739926391e+17 0.156326273633 0.535454706316 0.212887406414
05 1.92071168373e+17 0.120650308272 0.602509587531 0.285901818212
06 3.36864001087e+17 0.0835892801905 0.732113703697 0.19931064431
21 2.18305730088e+17 0.183255980207 1.04015159435 0.73914560234
22 1.97346958563e+17 0.185028405267 0.949384618704 0.500375678269
23 1.81415774978e+17 0.198060765405 0.934215028468 0.42794216007
