01 3.39389060853e+17 0.212309110177 1.87344012735 0.630337338881
02 2.51677300648e+17 0.198616948571 1.29967181446 0.415825496221
03 1.80253517351e+17 0.197935072876 0.927640820421 0.374356083372
04 1.70901535201e+17 0.204933141947 0.910608102878 0.243352798058
05 1.87469064479e+17 0.214412384759 1.04508791877 0.288597551978
06 2.13799954289e+17 0.223051029511 1.23989579775 0.182076364947
07 2.48759271401e+17 0.228867952337 1.48025865183 0.228544899908
08 2.73628587161e+17 0.230755616529 1.64167466659 0.152918837406
09 3.10992687281e+17 0.228242008289 1.84552148321 0.230533869582
10 3.44633650154e+17 0.221388206697 1.98374347015 0.15357185836
11 3.83813022874e+17 0.210734574669 2.10294952732 0.215172421412
12 4.39950294252e+17 0.197269894481 2.25651265122 0.155671847358
13 5.29470969294e+17 0.182439800621 2.51151102989 0.238196876718
14 6.10933396448e+17 0.168221582873 2.67207675749 0.201989224045
15 7.15152943245e+17 0.157378347323 2.92628929558 0.276523347545
16 9.20041767757e+17 0.153996005861 3.68375169396 0.329264651577
17 1.16366616391e+18 0.163867706041 4.95786992684 0.421171396733
18 1.43048942451e+18 0.191026001662 7.10477755478 0.61203806724
