00 2.14644554171e+17 0.208475028562 1.1634487686 0.313955724188
01 2.02758916298e+17 0.209648177713 1.10520897024 0.380696039604
02 1.85410972219e+17 0.210964594634 1.01699391547 0.328486525882
03 1.71333870335e+17 0.212404242293 0.9461930636 0.356004452622
04 1.62281213953e+17 0.213921700918 0.902602306211 0.291752442074
05 2.15657880317e+17 0.21543534443 1.20796857285 0.340833601765
06 2.64040756964e+17 0.216827093548 1.48853093768 0.255535218956
07 3.48255367649e+17 0.217969077652 1.97363143313 0.305431980523
08 4.08212148145e+17 0.218733853734 2.32153522392 0.221332320441
09 4.70725656013e+17 0.219022923982 2.68059244891 0.318497923861
10 5.06179096193e+17 0.21877799451 2.87926203572 0.251704339456
11 5.39418456422e+17 0.217995236215 3.05735699949 0.295156647307
12 5.58898428174e+17 0.216726341732 3.14932830519 0.234429053065
13 6.1547532915e+17 0.21507397637 3.44169088635 0.324217669154
14 6.10416324864e+17 0.213184454022 3.3834130445 0.24566174808
15 5.93304631658e+17 0.211233399814 3.25846961624 0.30859905002
16 6.26597261465e+17 0.209399074974 3.41143106024 0.265324811567
17 6.01936212269e+17 0.207848756514 3.25290402374 0.342110908692
18 5.4679349012e+17 0.20670709917 2.93867850088 0.296035581911
19 3.91329491138e+17 0.206042355533 2.09639170374 0.357532000674
20 3.48655867596e+17 0.205858133938 1.86611480353 0.320687867671
21 2.71009860012e+17 0.206100557524 1.45223736432 0.388009613173
22 2.91271336045e+17 0.206684001745 1.56522925851 0.354335718334
23 2.34834787269e+17 0.207520797365 1.26706065988 0.371294017178
