00 1.71107301175e+17 0.178111877655 0.792382310011 0.209295447977
01 1.31373401345e+17 0.188786670135 0.644840221587 0.258116313316
02 1.08219062105e+17 0.198195439881 0.557661640052 0.151079799594
03 8.75328078238e+16 0.208020007766 0.473422959444 0.214056948104
04 8.53448573428e+16 0.215978405443 0.479248801244 0.141388048113
05 1.11650432424e+17 0.211322246011 0.613449723848 0.209410011547
06 1.64189256369e+17 0.194489549382 0.830260456599 0.125768773223
07 2.28112182403e+17 0.166913433002 0.989949674335 0.171648939277
08 3.10301619374e+17 0.146461805542 1.18163072134 0.119090918151
09 4.39357765426e+17 0.126181409816 1.44140833863 0.191796862316
10 6.40072119262e+17 0.10971009593 1.82578171377 0.193433376783
11 9.07272515297e+17 0.104257116425 2.45933002267 0.267560975047
22 4.48244626538e+17 0.183631097047 2.14010296543 0.400361205636
23 2.69610595333e+17 0.172642500607 1.21020243158 0.335362867785
