00 2.91608241853e+17 0.127715567538 0.968315714782 0.350123577517
10 1.03448939788e+18 0.194798597537 5.23944418071 0.476708839832
11 8.48932124526e+17 0.183722732586 4.05517137215 0.352682913729
12 7.01312660996e+17 0.188795477562 3.44252112757 0.236203725391
13 5.64693056393e+17 0.199428459942 2.92801253098 0.276279247716
14 4.36755689775e+17 0.209672187351 2.38096354114 0.165258254195
15 3.82222161578e+17 0.216516411559 2.15169164193 0.213582444455
16 3.56276315497e+17 0.218437296346 2.02342491284 0.14721325088
17 3.13727823203e+17 0.214827154452 1.75232864381 0.206145714721
18 2.78806146285e+17 0.205783089778 1.49171334602 0.134410576628
19 2.26986815031e+17 0.192012567793 1.13319235144 0.193071005809
20 2.11383648159e+17 0.17480903137 0.960746040338 0.14475799969
21 1.90361615452e+17 0.156093036977 0.772567189673 0.217539383096
22 2.19873886583e+17 0.138646970433 0.792606054556 0.18982134099
23 2.77662932199e+17 0.12684259664 0.91570667008 0.265898349916
