06 6.22157335644e+17 0.211320238597 3.41833535194 0.553135563558
07 6.46113701339e+17 0.19161573082 3.21894427594 0.41804612846
08 5.91649196599e+17 0.190262341862 2.92678260434 0.268911777661
09 5.24758661015e+17 0.198545114422 2.70889497827 0.308821639676
10 4.60623245705e+17 0.20919009956 2.50530338835 0.184488679303
11 4.27728930967e+17 0.218214006665 2.42674753861 0.23978858207
12 4.11223680788e+17 0.223479482966 2.38940144471 0.153458299759
13 3.93845377284e+17 0.223903592481 2.29276826625 0.21960199681
14 3.60549910246e+17 0.219139532555 2.05427920864 0.138594440541
15 3.61580910102e+17 0.209449638233 1.96905776113 0.196390990518
16 3.89877341095e+17 0.195644956324 1.98321591963 0.142501503343
17 4.09204105435e+17 0.179072936082 1.90521189605 0.211792997611
18 4.32110289029e+17 0.161667493586 1.81631287188 0.173332712341
19 4.12273009564e+17 0.146199126381 1.56712279954 0.242688904164
20 3.91235700256e+17 0.136976887253 1.39334645849 0.276748834242
21 4.27306127466e+17 0.141369975758 1.57061467891 0.36890537793
