12 9.79102509376e+17 0.155678371706 3.96305219422 0.384847856863
13 7.49059685662e+17 0.143459261435 2.79394828117 0.293771654123
14 5.28068522888e+17 0.177613260978 2.43859128162 0.20362637404
15 4.47577672724e+17 0.206348567274 2.40128229927 0.259056291782
16 3.84790331915e+17 0.224870476381 2.24972761635 0.174672209546
17 3.25115962028e+17 0.230716005763 1.95024586039 0.249066422368
18 2.77265487765e+17 0.223018266817 1.60771698177 0.154741652814
19 2.30712892188e+17 0.202240215392 1.21314505026 0.220982989247
20 2.09692674633e+17 0.17008140015 0.927285416273 0.144795227996
21 2.05901188557e+17 0.129514965357 0.693349417874 0.203172393944
22 2.52294745928e+17 0.0850397563454 0.557832176746 0.130984152166
23 3.25761724035e+17 0.0593963140323 0.503075187173 0.16031085129
