00 1.46968876488e+17 0.201467401889 0.769845380322 0.325165178379
01 1.40744866056e+17 0.210413901857 0.769981587264 0.37914193872
02 1.21915006683e+17 0.20998035871 0.665593677723 0.228480478702
03 1.15746458801e+17 0.198398121774 0.597060880731 0.326608924969
04 1.22978835216e+17 0.175899707579 0.562430469973 0.216569839644
05 1.83010626911e+17 0.144367074054 0.686938426926 0.29820995052
06 3.27104857168e+17 0.107592297006 0.915043036562 0.197991373215
07 4.87680778755e+17 0.0720109595785 0.913077381999 0.238261794609
22 2.13869362793e+17 0.182107075626 1.01262522983 0.670607222339
23 2.02343165538e+17 0.189079404982 0.994732058897 0.489042477982
