00 3.41672795676e+17 0.195474211547 1.73649372888 0.560776628188
01 3.86756511508e+17 0.207189425502 2.08342834514 0.595647246854
02 3.03190253826e+17 0.2162157915 1.70441753836 0.68172359849
03 2.97290463049e+17 0.219464039264 1.69635871224 0.600296659614
04 2.50350094256e+17 0.216964999384 1.41224740919 0.654731714979
05 4.06215323855e+17 0.211574688156 2.23456689219 0.568517732354
06 4.34038472628e+17 0.207185706887 2.33809076196 0.437017237597
07 5.15026192158e+17 0.206363613271 2.76334931452 0.394881785833
08 5.26443506322e+17 0.209343037278 2.86538934679 0.271515286049
09 5.31322946839e+17 0.214843562943 2.96793418928 0.342816404909
10 4.99050131798e+17 0.221199272287 2.8701276757 0.229864619113
11 4.81903151326e+17 0.226942203122 2.84346823418 0.274874305946
12 4.69248564746e+17 0.230972252189 2.81796834373 0.190992252313
13 4.66658246972e+17 0.232573864408 2.82184530826 0.26606523754
14 4.30770638689e+17 0.231393087797 2.59161105368 0.174955100882
15 4.14689464579e+17 0.227413248649 2.45195283633 0.239267845227
16 4.35619568942e+17 0.220934750057 2.50233101519 0.181848530631
17 4.2707156638e+17 0.212552549503 2.36015390661 0.257913951289
18 4.13543427422e+17 0.203134284739 2.18412605679 0.206517166641
19 3.36187017849e+17 0.193802997623 1.69400534735 0.275512322271
20 3.13063485532e+17 0.185922481891 1.51334404571 0.259739683729
21 2.75466696215e+17 0.181057144226 1.29675554699 0.35179793782
22 3.18676076444e+17 0.180783972399 1.49789970221 0.420174377936
23 3.38517929018e+17 0.186095034827 1.63790915054 0.443013718099
