00 2.47855758271e+17 0.146586643521 0.944640935738 0.332590687448
01 3.69063283217e+17 0.159390615305 1.52945581876 0.432864306409
09 1.07718187072e+18 0.215527511235 6.03622052137 0.652001309817
10 9.31729443522e+17 0.196879509902 4.76939934125 0.440032890376
11 7.87736964076e+17 0.19415495356 3.97651887562 0.351464893523
12 6.59892082431e+17 0.201058219955 3.44959491385 0.240034576446
13 5.6041682688e+17 0.211080153268 3.07561461251 0.287464310784
14 4.46775453653e+17 0.220289528491 2.55891880469 0.174458774569
15 3.92209005495e+17 0.22645635866 2.30927380367 0.227146038673
16 3.70483881757e+17 0.228369745317 2.19979005274 0.158985141367
17 3.27002779797e+17 0.225526800472 1.9174451575 0.221466241061
18 2.90495432323e+17 0.218003978186 1.64655815718 0.148200755155
19 2.30992076711e+17 0.206394587355 1.23956337323 0.209495039558
20 2.12748208317e+17 0.191779916 1.06082167152 0.161014613414
21 1.85193366452e+17 0.175740800626 0.846196792766 0.238424574691
22 2.11276054704e+17 0.160480695601 0.881548933795 0.205775676756
23 2.51391637407e+17 0.149179329983 0.975063336823 0.281354865482
