00 3.37545608931e+17 0.163938737687 1.43875682704 0.482819599521
01 4.41451280821e+17 0.192056742055 2.20437606403 0.563634133026
08 8.60501686546e+17 0.210845392951 4.7172532221 0.545218355643
09 8.42094612298e+17 0.197921447909 4.3333832085 0.479345999577
10 7.01741752186e+17 0.197981624544 3.6122312748 0.300203451822
11 6.11367460275e+17 0.205370233583 3.26447363117 0.304048183497
12 5.40340694244e+17 0.214939039503 3.01964805546 0.200787066137
13 4.82735058631e+17 0.223455974467 2.80462085633 0.264908381511
14 4.06388921362e+17 0.229006821411 2.41971171358 0.164763994378
15 3.72919985349e+17 0.230535026291 2.2352490843 0.220454679382
16 3.68024726797e+17 0.227615238184 2.17796893203 0.15683430508
17 3.41585853017e+17 0.220352222048 1.95699924504 0.222730618148
18 3.17460851829e+17 0.209327751112 1.72778752067 0.155681101747
19 2.61683885418e+17 0.195579999176 1.33068348646 0.21993708937
20 2.4814373691e+17 0.180606381728 1.16522490427 0.182467522794
21 2.21658852578e+17 0.166457426212 0.95931581453 0.266819111739
22 2.51558119463e+17 0.156019503624 1.02044729621 0.279060839953
23 3.15046357084e+17 0.153607051801 1.2582268944 0.346413912474
