13 8.10204470528e+17 0.185207474367 3.90145401639 0.706990537599
14 6.41212050607e+17 0.189395290489 3.15750610733 0.461360251054
15 5.78860343947e+17 0.201008382945 3.02525032388 0.416780036312
16 4.82056460535e+17 0.208607820087 2.61457943216 0.259570664919
17 4.13399531513e+17 0.207069467643 2.22566294377 0.340613443478
18 3.42225310238e+17 0.194666191117 1.73211213884 0.226176501352
19 2.95002097835e+17 0.17169958306 1.31694516721 0.311304467697
20 2.53951442235e+17 0.140165411139 0.92547541607 0.208942898419
21 2.83144609993e+17 0.104076522205 0.766186363519 0.287923251134
22 3.58203526264e+17 0.0701222444516 0.653068916034 0.234743904096
