00 1.99853256485e+17 0.118837163361 0.617499846318 0.220060198979
01 2.96612363333e+17 0.119272137397 0.919817354382 0.3072321134
11 1.15588632921e+18 0.198116358658 5.95399975474 0.504241141832
12 9.35162047558e+17 0.1801595587 4.38043792683 0.349297447686
13 7.35240181308e+17 0.182503944128 3.48879005722 0.31798727514
14 5.34197543011e+17 0.192701054766 2.67645117978 0.191090669661
15 4.37632443608e+17 0.203307157514 2.31331901179 0.22830073999
16 3.85242370951e+17 0.210697887656 2.11041359867 0.154763892167
17 3.17874647391e+17 0.213081870233 1.76106643351 0.211102453519
18 2.67033357806e+17 0.209720763806 1.45606343378 0.134314691134
19 2.07285450024e+17 0.20064884704 1.08138125045 0.189750004808
20 1.83459447792e+17 0.186554465729 0.889854660911 0.133936792339
21 1.59445498097e+17 0.168747790208 0.699557962027 0.200885425747
22 1.80080616906e+17 0.149212987416 0.69862953743 0.150008342945
23 2.12353764295e+17 0.130858237861 0.722494224368 0.219196755947
