00 1.23863306264e+17 0.211962690143 0.682614389748 0.167603553482
01 1.06076133639e+17 0.21955669655 0.605532862602 0.239491049371
02 9.59875846222e+16 0.22268511389 0.555750161553 0.152151796414
03 8.49886427297e+16 0.220610108429 0.487483195883 0.210781248752
04 8.49489761762e+16 0.213275940473 0.471056892441 0.139400771294
05 1.1375760728e+17 0.201220164121 0.595148434577 0.21000500242
06 1.75455771996e+17 0.185529907789 0.846359623188 0.138529323704
07 2.61817610464e+17 0.167861570121 1.14267699462 0.202007993856
08 3.83348794706e+17 0.150568126878 1.50072285895 0.157122980847
09 5.60621737187e+17 0.137159278943 1.99925630403 0.253051857967
10 8.25866278893e+17 0.133515788166 2.86692086581 0.351687443819
11 1.13588700835e+18 0.14942763515 4.41305564581 0.42890786093
20 6.52047635263e+17 0.198406580508 3.36363408265 0.51683101923
21 3.48898283072e+17 0.187554146276 1.70137031009 0.409377601946
22 2.60484662076e+17 0.192024327152 1.30050419118 0.253548122558
23 1.70170739532e+17 0.202272441017 0.894942122744 0.27943805794
