00 1.669086892e+17 0.0768983839764 0.333710220248 0.115268307827
01 2.30306190933e+17 0.066767964511 0.399803965155 0.175759645322
14 8.07497653311e+17 0.15211097535 3.19356064659 0.291014651916
15 6.25507718307e+17 0.150002661948 2.43952339319 0.25875945847
16 4.81062873363e+17 0.184539331712 2.30815055021 0.188562251726
17 3.58887155984e+17 0.2114330707 1.97289594904 0.259181547928
18 2.7587464814e+17 0.227000374939 1.62821486266 0.16479001987
19 2.07407058411e+17 0.229452969362 1.23734430089 0.23364817208
20 1.68590232631e+17 0.218375979209 0.957217485532 0.153493219986
21 1.46924175499e+17 0.19459358276 0.743353044315 0.227971322494
22 1.61650024595e+17 0.160122770028 0.672980092547 0.141015487669
23 1.83520290696e+17 0.118223808443 0.564108160006 0.183981185661
