00 2.17777427383e+17 0.159856591159 0.905142086492 0.279709822908
01 1.65261617486e+17 0.162235587993 0.69709420782 0.284441142411
02 1.26751838936e+17 0.176812863786 0.582695246443 0.166945914067
03 9.57905400029e+16 0.205219694432 0.511110739071 0.240312149118
04 9.20261359003e+16 0.2223476236 0.532006608288 0.158867436915
05 1.18551284265e+17 0.226559994931 0.698333437419 0.232986867537
06 1.68489435721e+17 0.21743246787 0.952511919294 0.141484935328
07 2.23524201129e+17 0.19568819304 1.13726722251 0.195532440693
08 2.9155645243e+17 0.163166473751 1.2368781943 0.123971510228
09 4.01674970445e+17 0.122829731375 1.28277834671 0.173724763403
10 5.70120395613e+17 0.0949460595664 1.40739781109 0.133854899823
11 8.01668244178e+17 0.0820820995252 1.71086792772 0.196927339408
12 1.10717219106e+18 0.086558252559 2.49170714364 0.274390963603
23 3.29448013971e+17 0.177658255626 1.52175814652 0.410073063464
