00 2.12726484567e+17 0.15127014346 0.836658311794 0.471706572974
01 1.89821557011e+17 0.17022414827 0.840117534502 0.393998298407
02 1.38837464171e+17 0.195264957936 0.704862381633 0.246127212079
03 1.07410936177e+17 0.215495732585 0.601811557857 0.316760638802
04 1.04889328263e+17 0.225510690961 0.614995287165 0.204505273855
05 1.4255736962e+17 0.223013300388 0.826596926834 0.286033526276
06 2.0923789111e+17 0.207575406116 1.12924864577 0.171567821936
07 2.78989829959e+17 0.180224651905 1.30730196972 0.23822370139
08 3.73054868891e+17 0.143395516275 1.39085428361 0.15216019203
09 5.34363533133e+17 0.101193036223 1.40592057748 0.208007834663
10 7.53937666054e+17 0.0600905738687 1.17791822237 0.151702425849
