09 8.49515275416e+17 0.170029913065 3.75551821909 0.374935419991
10 6.85822147577e+17 0.166937468149 2.97672473585 0.232705537691
11 5.68482007343e+17 0.175522021936 2.59430889543 0.253893932877
12 4.94952323759e+17 0.185458126648 2.38661619936 0.153908441915
13 4.22585901617e+17 0.209131857252 2.29778053579 0.226600705691
14 3.55166227397e+17 0.221204305452 2.04267176494 0.146461856199
15 3.45190143514e+17 0.220315182982 1.97731637042 0.204981511706
16 3.50240221827e+17 0.206549636384 1.8808917521 0.13856209289
17 3.50748408748e+17 0.181060694952 1.65117551667 0.193157657536
18 3.54368098065e+17 0.146049845226 1.34564055276 0.125850365591
19 3.44248993726e+17 0.119396382116 1.06865419434 0.172767937083
20 3.63156568791e+17 0.100993436322 0.953587174932 0.157934036459
21 3.61674096813e+17 0.0920543960518 0.865635954293 0.239521502769
