00 1.22548130339e+17 0.214506040416 0.683470169186 0.168004330695
01 1.0571181956e+17 0.221681337117 0.609292775238 0.240387398005
02 9.61402643128e+16 0.224412630743 0.560952330503 0.153965868804
03 8.55091259807e+16 0.222039094466 0.493645591434 0.212368015448
04 8.5547087377e+16 0.214553979265 0.477216168294 0.141165957096
05 1.14786533487e+17 0.202519644877 0.604409727959 0.212854400782
06 1.76851340395e+17 0.187034731488 0.860010917066 0.14158406539
07 2.64358879418e+17 0.169745615504 1.16671777822 0.205926804547
08 3.87231431762e+17 0.152986441491 1.54027012825 0.16109061864
09 5.64892129574e+17 0.14021313528 2.05933771115 0.258491585934
10 8.27691497412e+17 0.137153991655 2.95155101096 0.361445071822
11 1.1389396197e+18 0.153085824411 4.53324327653 0.434321378115
20 6.13361809436e+17 0.196954265533 3.14090984176 0.496421283161
21 3.33218224428e+17 0.189175453116 1.63895442341 0.401954553266
22 2.53922661636e+17 0.194768107058 1.28585693979 0.249866756309
23 1.67063594178e+17 0.2051004171 0.890885134053 0.278582512742
