00 1.09757002152e+17 0.207844781761 0.593122924136 0.161584204075
01 1.00517590706e+17 0.224877786109 0.587708504839 0.248845187889
02 9.20840463414e+16 0.228914382677 0.548063428188 0.153017219955
03 8.61072932929e+16 0.219458151367 0.491320632537 0.227207642491
04 8.89093388927e+16 0.197217367125 0.455896108959 0.139458568173
05 1.23968753117e+17 0.164064991823 0.528812244128 0.206696401091
06 2.14516559345e+17 0.123063503394 0.686378142558 0.122678080564
07 3.44313475883e+17 0.0843268864426 0.754906967918 0.153812775937
08 5.53768786205e+17 0.0726574653152 1.04612134578 0.157682383164
21 3.0011428325e+17 0.155019786887 1.20961495801 0.340843435161
22 2.0734570565e+17 0.15483938088 0.834737297967 0.216087782055
23 1.53179148369e+17 0.181769974201 0.723927616026 0.253662686894
