11 9.82780713132e+17 0.155476682402 3.97278660496 0.505572881781
12 8.58445035855e+17 0.160234611511 3.57636777742 0.35859190982
13 6.30924133987e+17 0.18546678426 3.04240222631 0.35135938464
14 4.65699570365e+17 0.20892593524 2.52971467527 0.227700743198
15 4.29933436071e+17 0.223574959944 2.49918111945 0.284171343915
16 3.90243858154e+17 0.226230765374 2.29541433453 0.187623923278
17 3.57849142768e+17 0.215850271454 2.00828769976 0.262063127897
18 3.25389278603e+17 0.19292868754 1.63220008797 0.1662405665
19 2.97477855629e+17 0.159346272457 1.23245167326 0.235546059298
20 2.94567604295e+17 0.118475125749 0.907372282972 0.150025023129
21 3.35395541953e+17 0.0757368468104 0.660446820327 0.191116287173
22 4.48764665272e+17 0.0385017258662 0.449233567138 0.140544583187
