14 7.33497604135e+17 0.172068678594 3.28151105088 0.447091513036
15 6.13830146727e+17 0.190095821309 3.03385019305 0.38943313835
16 4.79784267217e+17 0.208474519957 2.60059266456 0.242717945425
17 3.84278568347e+17 0.219056727335 2.18864894475 0.319809320038
18 3.05017630633e+17 0.218360470222 1.73169862453 0.206237198054
19 2.48318739969e+17 0.205352045616 1.32581179165 0.281460594877
20 2.06754829105e+17 0.180661362653 0.971167838194 0.179966735494
21 2.08728515401e+17 0.146413035022 0.79457496132 0.266904360792
22 2.57683861464e+17 0.106482506754 0.713409411488 0.178460569935
23 3.36330239801e+17 0.0672432809291 0.588014668797 0.202335325448
