13 7.95429649504e+17 0.181336679514 3.75025485714 0.629145581778
14 6.10369859422e+17 0.190695219684 3.0262599752 0.403154224942
15 5.53653824327e+17 0.204130029555 2.9384516596 0.387365736325
16 4.65843281738e+17 0.211761066014 2.56483421835 0.244082624704
17 4.03364016995e+17 0.209360048091 2.1956560599 0.32532188427
18 3.38688208723e+17 0.195633859982 1.72273092167 0.212061237672
19 2.94736040919e+17 0.171148001107 1.3115305907 0.297615500372
20 2.59546658658e+17 0.138108008039 0.931982272528 0.196914754467
21 2.90430234443e+17 0.100731134998 0.760639545982 0.272903235716
22 3.78354330138e+17 0.0659020402204 0.64829237934 0.218097482519
