00 8.74518059419e+16 0.21200979102 0.482056616654 0.128146605115
01 9.51154407299e+16 0.194235575877 0.480344862528 0.197837789383
02 1.03841236659e+17 0.165751225568 0.447507118259 0.128728321833
03 1.13912909535e+17 0.14248225883 0.421994785172 0.181502081981
04 1.34758426805e+17 0.122168160014 0.42804291528 0.145530341528
05 1.847111199e+17 0.106149402813 0.509781351825 0.217511931983
06 3.34754581543e+17 0.102133734804 0.888933127048 0.282685691781
17 7.50307080805e+17 0.182052502914 3.55147733238 0.42690452324
18 5.47551993627e+17 0.171241137258 2.43784907851 0.278183831304
19 3.1584301138e+17 0.177450684019 1.45721051871 0.284192487918
20 2.15283663344e+17 0.188111047849 1.0529281229 0.176559818582
21 1.47816903681e+17 0.197079081356 0.757422109245 0.232788121176
22 1.32052809071e+17 0.211254195814 0.725314459618 0.150887095451
23 1.09753620267e+17 0.217591439203 0.620917652983 0.210877279003
