07 6.84087264229e+17 0.173376591241 3.08372266757 0.362921181272
08 5.95669739243e+17 0.167128850338 2.58839356622 0.252630210085
09 5.06922104773e+17 0.174849030162 2.30450579807 0.270470383057
10 4.41001156826e+17 0.185072022502 2.12204137651 0.15407218559
11 4.09869939191e+17 0.204929896716 2.18385971193 0.222426726377
12 3.97784003807e+17 0.219273522246 2.26781098981 0.144775169737
13 3.81323597303e+17 0.220797853224 2.18908122337 0.214698466996
14 3.54560837663e+17 0.20939789548 1.93035162388 0.134125611083
15 3.74881294939e+17 0.186031534216 1.81323330361 0.186998242019
16 4.19545036123e+17 0.152699421868 1.66567139605 0.124680057633
17 4.82508616943e+17 0.12479055641 1.56552548831 0.175352528076
18 5.66863374978e+17 0.105506389081 1.5550004027 0.156619288834
19 6.41338786816e+17 0.0940095484932 1.56759121427 0.225642172674
20 5.79560668962e+17 0.100899657403 1.5204142965 0.323206514836
