00 2.82145838833e+17 0.178777434795 1.31147404192 0.367486171527
01 1.92249938163e+17 0.176804160411 0.883755311555 0.334095971501
02 1.47748792132e+17 0.185915107143 0.714187045504 0.197999432055
03 1.05496319601e+17 0.196724679355 0.539596970812 0.241405715628
04 9.95799539237e+16 0.20475955689 0.530138628253 0.150134833773
05 1.23181369461e+17 0.209046619184 0.66951686964 0.212600167454
06 1.64771871029e+17 0.212387792296 0.909883881928 0.134028169202
07 2.1007542876e+17 0.203399334705 1.11095926364 0.184584327514
08 2.59424344896e+17 0.182878671906 1.23352267102 0.117511161133
09 3.35390977764e+17 0.164387941888 1.43349004662 0.188052070009
10 4.36473565317e+17 0.144308277002 1.63765545237 0.138630990077
11 5.70005909975e+17 0.125112279471 1.85418320643 0.200804113313
12 7.77767993422e+17 0.111501327347 2.2547762545 0.206658988024
13 1.16432238752e+18 0.112037047513 3.39162830892 0.299993225622
