00 1.01725004361e+17 0.225385463655 0.596110769101 0.168983077672
01 9.97610242253e+16 0.230652923289 0.598264468566 0.259575874916
02 9.57211357691e+16 0.222393544027 0.553481828172 0.155149749484
03 9.48670649525e+16 0.201097728354 0.496016332696 0.232927208846
04 1.02593628878e+17 0.168509118145 0.449487010167 0.14298247541
05 1.41571092616e+17 0.127670616969 0.469936187221 0.20266225645
06 2.59276187883e+17 0.0832147957154 0.560965990223 0.123901033279
07 4.12305672498e+17 0.0560517009716 0.600871290857 0.150908302386
20 3.18685464816e+17 0.152750615566 1.26566442398 0.391506941781
21 2.40731277001e+17 0.148319251642 0.92833215414 0.310877836579
22 1.7516423353e+17 0.181442887667 0.826339913039 0.222509217953
23 1.36656110185e+17 0.208978938673 0.742514470612 0.270345483927
