00 3.47287163226e+17 0.0793248300184 0.716260874953 0.269212179838
12 9.38926239034e+17 0.157649844814 3.84856097277 0.31933681461
13 6.91640100462e+17 0.156538847837 2.81498215554 0.277753417697
14 4.93420212033e+17 0.1764718689 2.26394446123 0.176972819164
15 4.19386677996e+17 0.205455861164 2.2403017283 0.234834211002
16 3.68569381645e+17 0.223392558362 2.14072708459 0.163032273564
17 3.14538155527e+17 0.22842950249 1.86809465391 0.232709917631
18 2.71233043335e+17 0.220005836546 1.55149416755 0.146032972891
19 2.24181405927e+17 0.198755489446 1.15848941155 0.20704798042
20 2.05367675175e+17 0.166461702309 0.888832173029 0.137333181424
21 1.97504198575e+17 0.126071986043 0.647393410723 0.187210141223
22 2.38342237504e+17 0.0889789600397 0.551393555093 0.129832995733
23 3.1309688803e+17 0.0760446991164 0.619043324757 0.189729095674
