00 1.19030894971e+17 0.217189298805 0.672158151987 0.220577258869
01 1.21234906192e+17 0.215740467205 0.68003715789 0.317723096359
02 1.15812403635e+17 0.202235209315 0.608954987953 0.185741240397
03 1.18707654585e+17 0.17732177454 0.547285751024 0.284501559737
04 1.32354941898e+17 0.143181743402 0.49272109455 0.187470689949
05 1.85017266984e+17 0.103827048315 0.499454714675 0.251230884348
06 3.05095051291e+17 0.0658612906228 0.522442799857 0.179921902011
21 2.34833530358e+17 0.175621496443 1.07228721643 0.533895478184
22 1.81673053418e+17 0.191912835852 0.906500162862 0.351297560752
23 1.57371134351e+17 0.208551433564 0.853319367434 0.356883376463
