06 5.70098531119e+17 0.206993626889 3.06817582866 0.520817925623
07 5.97881468818e+17 0.194978813135 3.03092969883 0.405253269786
08 5.57575534597e+17 0.196730486288 2.85199475766 0.261882967352
09 5.10370386085e+17 0.205257900932 2.72369640779 0.312424526885
10 4.5602316804e+17 0.215216186375 2.55173274523 0.189132089991
11 4.28992667163e+17 0.223466994581 2.49250825274 0.245545129412
12 4.15252999657e+17 0.228225099239 2.46405008346 0.159987414804
13 4.02484425077e+17 0.228559442597 2.39178201209 0.228343687331
14 3.7071330301e+17 0.224180108844 2.16077026409 0.145562675644
15 3.69727020364e+17 0.215338353779 2.07002660573 0.205482640064
16 3.98164740938e+17 0.202781972968 2.09925642507 0.151187734527
17 4.13684111983e+17 0.187733691895 2.01922358615 0.223058325824
18 4.30656382013e+17 0.171931866964 1.92513245027 0.183552474792
19 3.96657741413e+17 0.157791317972 1.62731784284 0.254346030127
20 3.73814633356e+17 0.148869633233 1.44689083148 0.279980199305
21 3.93260574907e+17 0.1507700737 1.54159007241 0.37568597984
22 5.67467996497e+17 0.17078263011 2.51975560057 0.578334113102
