00 2.19829227868e+17 0.0905855850064 0.517747339406 0.198939441846
01 3.09742679494e+17 0.095274112751 0.767271933218 0.275570394703
12 1.02598977581e+18 0.174288564162 4.64927540666 0.388740123375
13 8.08167326231e+17 0.164467267697 3.45584387166 0.319566649559
14 5.69360696156e+17 0.170953987681 2.53069651735 0.192428851166
15 4.59610837948e+17 0.180979920138 2.1626886514 0.22092089129
16 3.9144209359e+17 0.205430840093 2.09077123148 0.157340779989
17 3.18145517959e+17 0.220570652308 1.82451267505 0.226147548136
18 2.63632996971e+17 0.222824691834 1.52734247399 0.144877460619
19 2.06932044962e+17 0.21200580481 1.14064066306 0.205030715149
20 1.81328941425e+17 0.189010470267 0.891099780787 0.136851834162
21 1.62529500784e+17 0.155801694203 0.658381661081 0.192984982174
22 1.86543386414e+17 0.121658380149 0.590058721681 0.127533755118
23 2.29596775617e+17 0.102098832151 0.609480629057 0.18720657644
