11 9.17418873308e+17 0.174071834504 4.15211644343 0.528387494978
12 7.44588482189e+17 0.18922628635 3.66328854694 0.342794392025
13 5.72629643381e+17 0.206494890785 3.07437248742 0.365987376964
14 4.47545190134e+17 0.216826888981 2.52303561263 0.237143207488
15 4.47538304603e+17 0.216335214662 2.51727567508 0.299985590873
16 4.32261813706e+17 0.203799751594 2.29046610668 0.193621526015
17 4.34468596561e+17 0.179744358951 2.03042526371 0.270892917116
18 4.2793569504e+17 0.146223234015 1.62692767325 0.18096435201
19 4.33453467697e+17 0.107073453299 1.2066953504 0.246463447866
20 4.61322580574e+17 0.0686808838089 0.823785106424 0.175394321378
