13 8.22585434687e+17 0.156967088074 3.35708984975 0.436468364879
14 5.95227913256e+17 0.179812473556 2.78276448871 0.286670146249
15 5.10388965578e+17 0.20392377927 2.70609161571 0.316393864831
16 4.24350970273e+17 0.220665477841 2.43462985031 0.205437753731
17 3.54803548976e+17 0.226052060002 2.08530590169 0.284693238411
18 2.96035149933e+17 0.218580706334 1.68239687647 0.18017873114
19 2.47919826968e+17 0.19840048363 1.27887275287 0.253623322598
20 2.19974569705e+17 0.16706951081 0.955527137533 0.163854079669
21 2.26300955153e+17 0.127602128402 0.750788571959 0.234893666411
22 2.88145948163e+17 0.0849255261603 0.636244602727 0.157549948924
23 3.49075124212e+17 0.0463086859619 0.420295467911 0.147144216791
