04 3.7817057451e+17 0.205952152456 2.02501113921 0.562159903481
05 4.00936390237e+17 0.185942747527 1.93833156358 0.404077045204
06 3.74000739437e+17 0.186049664852 1.80915051789 0.261487884477
07 3.67677439311e+17 0.195384144486 1.86779689009 0.266034095446
08 3.4976734962e+17 0.206253922793 1.87566308603 0.174458675549
09 3.50521016868e+17 0.21473477877 1.95699537829 0.23918107382
10 3.47099235128e+17 0.218809368415 1.97466267481 0.143950743465
11 3.54593948237e+17 0.217538171962 2.00558070149 0.205273646822
12 3.75777023512e+17 0.210743584078 2.05900751547 0.132280701043
13 4.01535208333e+17 0.198882374562 2.07631516829 0.199202012846
14 4.11991470185e+17 0.18299926842 1.96024757862 0.132591190436
15 4.59347276531e+17 0.164728386384 1.96735592698 0.195847821914
16 5.56151819855e+17 0.146429582283 2.11736404534 0.163591117233
17 6.94141109024e+17 0.131630912475 2.37563111674 0.243844907296
18 8.48902268655e+17 0.126312798536 2.78790775218 0.307425242313
19 9.63114155475e+17 0.14092547162 3.52891023119 0.401352046301
