00 1.49747758618e+17 0.144921658879 0.564244033403 0.179870008209
01 2.13057988671e+17 0.133473724684 0.739378726362 0.266249882713
02 2.99628337101e+17 0.134397412055 1.0470011002 0.39979759429
03 3.65621416136e+17 0.158325189775 1.50506408248 0.474888194175
12 1.03117004557e+18 0.193113175805 5.17744557964 0.470411538316
13 8.63629319212e+17 0.187061839079 4.2003543071 0.370262069271
14 6.30853368713e+17 0.193836035104 3.17933500881 0.221701862984
15 4.98252280217e+17 0.204554496659 2.64991335411 0.257898383258
16 4.29252649668e+17 0.214311294265 2.39183596384 0.174637472131
17 3.40726641114e+17 0.220538608554 1.95372786255 0.230803088708
18 2.77060426304e+17 0.22192179748 1.59862944321 0.146441417297
19 2.05436707033e+17 0.217966171585 1.16423456591 0.204346357274
20 1.75590315001e+17 0.208829055466 0.953377350394 0.14337107728
21 1.44581891791e+17 0.195247193071 0.733959422068 0.211835969538
22 1.57681353508e+17 0.178509469473 0.731837983776 0.148866281523
23 1.67935891152e+17 0.160507879029 0.700830876243 0.218338593217
