13 7.7612612208e+17 0.179060201231 3.6133057896 0.561003174568
14 5.84107597941e+17 0.192668040331 2.92601052217 0.357875828979
15 5.30067708204e+17 0.207373651278 2.85797397794 0.362023734688
16 4.50732374815e+17 0.214790964532 2.51714427985 0.230432442811
17 3.93962617181e+17 0.211431104968 2.16569473814 0.311527137943
18 3.35243751247e+17 0.196368469202 1.71161385829 0.199328547314
19 2.94466216992e+17 0.170406159304 1.30465028414 0.284886986255
20 2.64810246021e+17 0.13594244172 0.935972737351 0.185606437389
21 2.97476729443e+17 0.0973848130849 0.753212608042 0.258507469492
22 3.94275543296e+17 0.061781845981 0.63333584314 0.205127413932
