00 4.20217813266e+17 0.22887463912 2.50060720944 0.704913020591
01 3.93330379641e+17 0.224920810331 2.30017288063 0.6666712768
02 2.73630608001e+17 0.216227989323 1.53833150081 0.607113915189
03 2.43332767545e+17 0.208196048412 1.31718393695 0.52171807317
04 2.34689449956e+17 0.204884419483 1.25018950453 0.399636569567
05 2.80984795888e+17 0.206910138116 1.51160367607 0.378851029319
06 2.93512242991e+17 0.212557589523 1.6220946265 0.252901203214
07 3.37771923879e+17 0.219608627528 1.92861834414 0.283558506514
08 3.52846985908e+17 0.226198183922 2.07514703278 0.190986974315
09 3.76992619672e+17 0.230981910937 2.26404036822 0.272345183635
10 3.85778294301e+17 0.233095077629 2.3379985579 0.182463694256
11 3.99937949353e+17 0.232101024083 2.41347619797 0.240671449318
12 4.21717604607e+17 0.227945979367 2.49934964237 0.168421274713
13 4.56766010756e+17 0.220934274692 2.62379694955 0.248694163413
14 4.63739021057e+17 0.211700763404 2.55252152423 0.173361746782
15 4.83522744337e+17 0.201191710285 2.52929996527 0.245415488577
16 5.5443526116e+17 0.190657751934 2.74839189262 0.210312001717
17 6.07084659467e+17 0.181668597297 2.86749368167 0.297361840501
18 6.39879033917e+17 0.176128194608 2.93021921429 0.305239630635
19 5.5036652573e+17 0.176162133103 2.5207972702 0.38469539535
20 5.20280717186e+17 0.183420063203 2.48117797277 0.508722564409
21 6.32430625075e+17 0.197293841638 3.24414135735 0.538616525359
22 7.07012121041e+17 0.213336296862 3.92161504122 0.716514770327
23 5.1711503744e+17 0.225185013796 3.02761047784 0.639654067672
