00 2.09367518599e+17 0.179212166415 0.975551371211 0.692456148389
01 1.92394063315e+17 0.186487006333 0.932853815505 0.497829882093
02 1.43353187092e+17 0.201244201418 0.750073939081 0.304434606349
03 1.17558836535e+17 0.211803423833 0.647383466078 0.367473026537
04 1.17257993641e+17 0.212875423086 0.648994970174 0.238410529933
05 1.68470298631e+17 0.202563034468 0.88727222762 0.321227731879
06 2.58567950102e+17 0.180975624826 1.21665690457 0.199254987364
07 3.54785339287e+17 0.149833335735 1.38212544224 0.272823962217
08 4.81098215957e+17 0.112647098527 1.40905227148 0.18728805635
09 6.62803659818e+17 0.0754726563043 1.30061237318 0.230749725407
