00 1.84838707806e+17 0.154888850129 0.744365827698 0.244806221533
01 2.66407880859e+17 0.152635803122 1.05724790218 0.343136883294
02 3.32486237225e+17 0.164885888005 1.42537950033 0.536078211047
10 1.08222949999e+18 0.20985901674 5.90500608762 0.576225763406
11 9.46882575372e+17 0.197254164309 4.8561898087 0.423158408141
12 7.67103236517e+17 0.197781107329 3.94468171641 0.295755864298
13 6.54370144354e+17 0.205467714754 3.49575039226 0.322087555738
14 5.10734751402e+17 0.215134785498 2.85679709092 0.191955385278
15 4.3230484697e+17 0.223584796802 2.51307657553 0.244926574483
16 3.97143592887e+17 0.228942273553 2.36399688415 0.171607110209
17 3.37091062257e+17 0.230182713581 2.01740592129 0.232989942152
18 2.88854529016e+17 0.22691493045 1.70418053941 0.154976337982
19 2.20698883938e+17 0.219280652063 1.25826987467 0.215084026745
20 1.96864224514e+17 0.207901120917 1.06413561657 0.159396336887
21 1.64174529075e+17 0.193854836661 0.827476689461 0.235470807394
22 1.8318436077e+17 0.178692446609 0.851075201768 0.184288009064
23 2.01183069507e+17 0.164543580962 0.860687949826 0.258906432801
