00 1.37546968017e+17 0.227065462411 0.812036313298 0.201951885741
01 1.23689836042e+17 0.230638840262 0.741719688762 0.277261239731
02 1.15873336937e+17 0.231959750486 0.698826708419 0.19966532641
03 1.05771843005e+17 0.230722146279 0.634501572486 0.255321750799
04 1.04067221276e+17 0.2269241583 0.613999531461 0.183709800171
05 1.39480703666e+17 0.220859084466 0.800945093319 0.26211363421
06 1.99043764269e+17 0.213085486072 1.10274676873 0.184180977236
07 2.88252543623e+17 0.204412480264 1.53198285199 0.255068103713
08 3.88257833088e+17 0.195870060757 1.97725021927 0.197506245563
09 5.14456567862e+17 0.18868130287 2.52377672285 0.304431856874
10 6.53407846118e+17 0.184193665199 3.1291932372 0.328736980528
11 8.12435766301e+17 0.183676842024 3.87986653343 0.369016180047
12 9.47684315442e+17 0.18780787124 4.62754692116 0.428898600161
13 1.18075273918e+18 0.195827221859 6.01181174403 0.517289656859
14 1.27279506633e+18 0.205094873103 6.78713730801 0.628237706522
15 1.35485949748e+18 0.212120280645 7.47222259785 0.573669472322
16 1.18741455231e+18 0.214647738802 6.62677206551 0.619072009891
17 1.07244502005e+18 0.2129361239 5.93741942729 0.585367563147
18 8.29841930961e+17 0.209404425157 4.51808688564 0.525910175608
19 5.10445497691e+17 0.207020403773 2.74748845894 0.481289235641
20 4.06834494447e+17 0.207555973306 2.19546416621 0.367371644369
21 2.61864279534e+17 0.211038751024 1.43685127275 0.383043738914
22 2.43542782697e+17 0.216392676447 1.37022273901 0.260493128915
23 1.72342607366e+17 0.222243460431 0.995852453461 0.304696064987
