00 1.12850010374e+17 0.233013641102 0.683685387207 0.173540960981
01 1.08915361505e+17 0.232410858706 0.658140930037 0.251290784742
02 1.06864152724e+17 0.228615510601 0.635200873838 0.182309576627
03 1.03771609263e+17 0.221889445169 0.598671444896 0.240853033017
04 1.04600957737e+17 0.212832488503 0.578824535508 0.178505587112
05 1.45783670995e+17 0.20235665919 0.767007712302 0.260344216979
06 2.21177079395e+17 0.191685425168 1.10230698503 0.201808001832
07 3.41019469796e+17 0.182357618514 1.61687495786 0.278963704369
08 4.97560579181e+17 0.176256946267 2.280161215 0.254979664772
09 6.86352770114e+17 0.175532956279 3.1324158005 0.363168630232
10 8.98479039221e+17 0.182004672048 4.25171195477 0.529459140106
11 1.17524859995e+18 0.195467933244 5.97280878686 0.519902775665
12 1.37824720052e+18 0.211853883337 7.59166256235 0.645405021222
13 1.5607970514e+18 0.22468414672 9.11784519608 0.631482002212
14 1.50150051531e+18 0.229455591734 8.95771991993 0.689916493682
15 1.48995282939e+18 0.225809647801 8.74758881477 0.641540457795
16 1.12056226152e+18 0.21704962966 6.32365822072 0.618303001065
17 9.53567275763e+17 0.2086267953 5.17243180598 0.544182898223
18 6.93656240293e+17 0.20485141182 3.69450796368 0.41062275146
19 3.99000225665e+17 0.206554378582 2.14279633533 0.383442371463
20 3.15021275947e+17 0.212065154741 1.73693092639 0.272452092594
21 2.02720832152e+17 0.219127530641 1.15496459933 0.319356196092
22 1.87795057182e+17 0.225825879052 1.10263358062 0.211541408484
23 1.41961034615e+17 0.230772683762 0.851778952641 0.267899353613
