00 3.26905434917e+17 0.0675104294477 0.573807683801 0.231721226187
12 9.93552096569e+17 0.161066606766 4.16072968583 0.380796558711
13 7.69096255524e+17 0.147849044224 2.95646380368 0.300513242125
14 5.39959972646e+17 0.169710643934 2.38256082107 0.195659401728
15 4.51017087355e+17 0.20061770177 2.35253229963 0.25098872043
16 3.85590158335e+17 0.221636058527 2.22197775541 0.17141539949
17 3.21910324461e+17 0.23019094913 1.92662192118 0.244686361165
18 2.7204248653e+17 0.225244819005 1.59318017664 0.152861937673
19 2.22643917673e+17 0.207053954025 1.19858189084 0.217570176415
20 1.99969724471e+17 0.177092723511 0.920742761287 0.143480342869
21 1.91586558111e+17 0.138041760867 0.687620591844 0.202060906951
22 2.3021830469e+17 0.0939575959731 0.562399719899 0.128401334355
23 3.0518167396e+17 0.0674761897832 0.535404910313 0.163904356808
