07 6.93399879394e+17 0.189488530017 3.41617442036 0.429789613751
08 6.29917558975e+17 0.183588813958 3.00679125613 0.279242022423
09 5.43576706659e+17 0.190906052203 2.69807416159 0.306412991766
10 4.68662138355e+17 0.201864403807 2.45976128179 0.180480087693
11 4.29764712241e+17 0.211443178154 2.36264123198 0.234134286115
12 4.10272249323e+17 0.217093832043 2.31575694445 0.147775113315
13 3.88224836659e+17 0.21756147795 2.19603200025 0.211852931492
14 3.5322413394e+17 0.212436512906 1.95098028549 0.133172542262
15 3.56299295702e+17 0.201985738809 1.87115178847 0.188487352943
16 3.84601888327e+17 0.187077827599 1.87071262973 0.134791852253
17 4.07863928842e+17 0.169170996346 1.79396742761 0.20071476548
18 4.36634454582e+17 0.150395504822 1.7073643397 0.163200008404
19 4.30807556314e+17 0.133877442626 1.49956076148 0.230709993973
20 4.11589269668e+17 0.124721226872 1.33468188569 0.272106272531
21 4.65974551113e+17 0.13212642381 1.60075632665 0.362494879626
