00 1.03234628478e+17 0.215934521448 0.579589922531 0.158257879413
01 9.74259244662e+16 0.227917743334 0.57733251801 0.244689287895
02 9.1504977328e+16 0.226563303176 0.539023417933 0.150226233233
03 8.77881681252e+16 0.211870406042 0.483592585485 0.222005662441
04 9.22334338824e+16 0.185016784043 0.443683066272 0.137425687284
05 1.28369335658e+17 0.148336608806 0.495088670082 0.198419193253
06 2.27265839009e+17 0.105399433961 0.622795960545 0.117464462798
07 3.70228194943e+17 0.0791671319349 0.762057513233 0.162518586256
08 5.90736556663e+17 0.0733041637027 1.12588968062 0.199515918934
20 3.96389493485e+17 0.166090954059 1.71175443794 0.379250668543
21 2.64292956801e+17 0.153619823191 1.05561656965 0.313958566857
22 1.89111787016e+17 0.160827506745 0.790773807253 0.197513889671
23 1.40980447865e+17 0.193770963221 0.71026584663 0.249811523533
