00 2.11706316322e+17 0.143994492645 0.792598133825 0.380101317043
01 1.84403781577e+17 0.161577590145 0.774683484661 0.343927314742
02 1.3535822421e+17 0.191116198274 0.672597879618 0.218873046498
03 1.03269704447e+17 0.21481037121 0.576768492222 0.293318009271
04 1.00207278188e+17 0.227838515579 0.593608015324 0.189912459574
05 1.33314767475e+17 0.22800655253 0.790312653869 0.269956812758
06 1.93431863965e+17 0.214819187994 1.08037477468 0.162092552928
07 2.56549571404e+17 0.189161306413 1.26176055425 0.225126922294
08 3.39973453788e+17 0.153231848554 1.35446378036 0.142621090625
09 4.82432428625e+17 0.110694773015 1.38847145272 0.198520164314
10 6.97986350918e+17 0.0672035879097 1.21958686444 0.136848005396
11 9.10559123025e+17 0.0477768113799 1.13109389825 0.157365209154
