00 1.97991935548e+17 0.198706835146 1.02290112333 0.291582058148
01 2.19160990069e+17 0.197934435664 1.12786717911 0.37755571259
02 2.15845340266e+17 0.19854277122 1.11421783229 0.404496997835
03 2.25249630807e+17 0.200157507322 1.17222052032 0.412539610106
04 2.05641657597e+17 0.20220768434 1.08114040805 0.433180403758
05 3.08729867687e+17 0.204160289944 1.63878986183 0.439851141449
06 3.69249718502e+17 0.205771302849 1.97550588698 0.390989338416
07 4.8982269213e+17 0.207163286921 2.63830525167 0.403062612703
08 5.59800382297e+17 0.20869202992 3.03747283142 0.316399769551
09 6.21231041906e+17 0.210691681111 3.40309352702 0.391378303152
10 6.17547775163e+17 0.213281709773 3.42450277919 0.310681506994
11 6.15447825958e+17 0.216319466783 3.46146698415 0.324710803963
12 5.89542593358e+17 0.219463676094 3.36396280356 0.247324262831
13 5.9793682186e+17 0.222286572583 3.45574649556 0.323563636353
14 5.43826152192e+17 0.224378929669 3.17260137883 0.219900907365
15 4.99480272598e+17 0.225413954172 2.92733540521 0.279973839049
16 5.00509178654e+17 0.225192042775 2.93047779359 0.217091543659
17 4.55598665147e+17 0.223657295095 2.64934709248 0.288228114175
18 4.06273130923e+17 0.22090478618 2.33343965705 0.221590632412
19 2.98375562413e+17 0.217168784455 1.68474431321 0.282319689539
20 2.67920679587e+17 0.212811125328 1.48242903436 0.234149934122
21 2.09896687478e+17 0.208282687256 1.13666399897 0.317414906866
22 2.31522401423e+17 0.204091607645 1.22854625691 0.276967770736
23 2.1279888834e+17 0.200732087677 1.11060469291 0.332585479452
