00 1.19382006617e+17 0.228472889401 0.709164351848 0.176229305773
01 1.08243124887e+17 0.232242261286 0.653604330402 0.251929469108
02 1.01837812848e+17 0.232328225174 0.615154756178 0.1729693053
03 9.38928121054e+16 0.228519366879 0.557864475396 0.231113198224
04 9.38565218554e+16 0.221048620758 0.539418222338 0.162073697449
05 1.27610464427e+17 0.21055659041 0.698599831552 0.23944127362
06 1.92263962777e+17 0.198074144966 0.990145520904 0.169212167996
07 2.88327393554e+17 0.185030956496 1.38708682875 0.239613677296
08 4.16151694853e+17 0.173319092238 1.87530288361 0.196749042033
09 5.85130450925e+17 0.165469075452 2.51734586306 0.301255932224
10 8.06047926502e+17 0.164883351685 3.45550097724 0.41459073447
11 1.0832764859e+18 0.175371906361 4.93938282366 0.448086316741
12 1.43666422303e+18 0.197830605783 7.38961999225 0.613730788451
18 9.65895499371e+17 0.216175317587 5.42887192464 0.623750440562
19 5.74149705949e+17 0.203853018167 3.04309591137 0.515012329802
20 4.1842303518e+17 0.201191114128 2.18875791224 0.364446845234
21 2.53294854159e+17 0.205851043021 1.35566625793 0.360068249543
22 2.21773068251e+17 0.213900015827 1.23336883303 0.232348979461
23 1.54591390211e+17 0.222242189048 0.893274953182 0.279076683534
