09 8.82849485015e+17 0.186481453018 4.2805114238 0.441102244839
10 7.08404733595e+17 0.184273365178 3.39404322835 0.265284650578
11 5.94664028397e+17 0.192941263285 2.9831159506 0.282423052979
12 5.1812227361e+17 0.203921032072 2.74705674812 0.179330317117
13 4.4716428612e+17 0.212846240235 2.47460816377 0.237054431988
14 3.72474261856e+17 0.217491633669 2.10626092848 0.145891615105
15 3.4892619085e+17 0.216800514786 1.96683182276 0.197902651527
16 3.46845810785e+17 0.210513006208 1.89840441229 0.137315312894
17 3.31285207884e+17 0.199024277158 1.71427877484 0.197953887414
18 3.18033798274e+17 0.183327095027 1.5159095213 0.13689723786
19 2.80611318671e+17 0.16501054394 1.20389948457 0.197454360988
20 2.76815907308e+17 0.146377882002 1.05351288162 0.167044301199
21 2.670165036e+17 0.130861323392 0.908495458741 0.250005453878
22 2.89973415851e+17 0.124236081031 0.936654180499 0.32057854947
23 4.58127063752e+17 0.136784485371 1.62928154089 0.395279605656
