00 1.24125754156e+17 0.187687443341 0.605717981707 0.158991456412
01 1.06539380029e+17 0.198878484257 0.550898150759 0.225204186453
02 9.39749452721e+16 0.215198638657 0.525805287551 0.145442122478
03 8.28305038148e+16 0.218974897321 0.471582827765 0.213031731209
04 8.30596202399e+16 0.209944879778 0.453386491628 0.136046810376
05 1.12773188719e+17 0.188887038738 0.553836235322 0.200942496937
06 1.79231838431e+17 0.157592318577 0.734384585509 0.120183592847
07 2.69608369837e+17 0.133753502355 0.937587656981 0.172028742685
08 4.07338374032e+17 0.113956477437 1.20689000197 0.133225938084
09 6.17096021081e+17 0.100286189735 1.60904142503 0.216670538153
10 9.09968890943e+17 0.102063126245 2.41473101467 0.318418832797
21 4.06193161091e+17 0.176074308441 1.85952467824 0.40519641986
22 2.71220131215e+17 0.169974746316 1.19861489798 0.267021395106
23 1.80797751177e+17 0.177815373846 0.835864112617 0.270004157526
