00 2.24383770253e+17 0.200108169137 1.16742666168 0.332058870882
01 2.36339970742e+17 0.201071494843 1.23555201141 0.409237940994
02 2.20656915858e+17 0.202566426309 1.16213975503 0.419442493398
03 2.19240844612e+17 0.204208324331 1.16404094309 0.4175629187
04 2.01074041308e+17 0.20576647665 1.07573172267 0.402415705626
05 2.87370194698e+17 0.207250935583 1.54850128446 0.413256741639
06 3.35186613905e+17 0.20884754402 1.82007542866 0.335077424643
07 4.33952157522e+17 0.21076651036 2.37802712951 0.359777156864
08 4.8932613732e+17 0.213098981542 2.71114743912 0.265621894813
09 5.38861571749e+17 0.215755458017 3.02282045573 0.351991791932
10 5.44306991637e+17 0.21849042371 3.092072496 0.267871756517
11 5.51666147299e+17 0.22097539011 3.16952069485 0.302454549739
12 5.44883662153e+17 0.222874782741 3.15746152336 0.22836605338
13 5.65260594397e+17 0.223908399241 3.29073146598 0.308853252598
14 5.3061951447e+17 0.223891840078 3.08883586638 0.214326563227
15 5.00949960024e+17 0.222760312436 2.90138600985 0.277944406534
16 5.16520047951e+17 0.22057038778 2.96215470909 0.221075942353
17 4.8603313615e+17 0.217503093625 2.74855647865 0.296350951013
18 4.44235704794e+17 0.213843795372 2.46992327798 0.237553437777
19 3.29607319441e+17 0.209963045479 1.79933927165 0.302731964022
20 2.98894260054e+17 0.206273064795 1.60299971185 0.261663035432
21 2.36378902475e+17 0.203184614474 1.2487424604 0.345064494182
22 2.65172756548e+17 0.20103780252 1.38605345488 0.324771357752
23 2.36672163894e+17 0.200028799038 1.23087246645 0.361803468214
