00 9.35037357788e+16 0.212057656093 0.515532759174 0.13367939216
01 9.18332232672e+16 0.209344719069 0.499844808478 0.203563593907
02 9.08231113368e+16 0.200842468359 0.474269584488 0.132434787767
03 9.02331736235e+16 0.187168695732 0.439109460891 0.189467801651
04 9.63134661539e+16 0.169574037975 0.424638847543 0.132464150694
05 1.33022686536e+17 0.149974272708 0.518699497338 0.202103643627
06 2.31363380685e+17 0.131181627532 0.789116245571 0.159578287164
07 3.85476041939e+17 0.117639184085 1.17902426351 0.237313931704
08 6.51887880578e+17 0.117366840495 1.9892605434 0.307051787281
19 4.56375897191e+17 0.1798987046 2.1346372506 0.388758279698
20 3.19793153984e+17 0.181116255423 1.50591320255 0.254229912556
21 1.97698558905e+17 0.191051498404 0.982035753693 0.284171401151
22 1.63002208032e+17 0.201760525863 0.855072691445 0.172487907642
23 1.22281702422e+17 0.209394385469 0.665732650249 0.222457836986
