00 9.21650822409e+16 0.224523225376 0.538023239827 0.150898229578
01 1.01969743291e+17 0.205111006062 0.543793032493 0.236078997338
02 1.12261364286e+17 0.174065400761 0.508061303475 0.144702742261
03 1.25063482664e+17 0.134218779346 0.436432567581 0.201724156493
04 1.53244684762e+17 0.0899136096579 0.358248351963 0.130043179531
05 1.88591920015e+17 0.0578510178389 0.283666097755 0.152488820116
18 4.9783243901e+17 0.157196769765 2.03469893371 0.392259161984
19 3.48523370363e+17 0.142791507316 1.29392061211 0.306237068062
20 2.1403673582e+17 0.176478312578 0.982093891145 0.213985600648
21 1.60849668151e+17 0.205371703216 0.858883228057 0.284828539946
22 1.37869585022e+17 0.224338626818 0.80416630798 0.188149891566
23 1.16675299089e+17 0.230750564845 0.699995170376 0.250547520337
