00 9.67474000933e+16 0.186463320279 0.469035877693 0.125220655644
01 1.14791846608e+17 0.168478308565 0.502838339992 0.20019242409
02 1.40887218276e+17 0.149672428759 0.548260235654 0.170354334816
03 1.70554556259e+17 0.13320942232 0.590706321748 0.231635194889
04 2.17659272365e+17 0.124272467243 0.703275424675 0.281032185272
05 2.95366612253e+17 0.132217958369 1.01537203151 0.361003125631
15 9.60621334329e+17 0.188106784239 4.69818414188 0.427002067335
16 7.64691773333e+17 0.183645203226 3.6512313791 0.298033449461
17 5.13885575427e+17 0.191524034176 2.55895740127 0.299268340424
18 3.61059676383e+17 0.202518405397 1.90115197776 0.184290187109
19 2.31503958523e+17 0.21185468389 1.27517514676 0.232593637083
20 1.75694255994e+17 0.217112510815 0.991780947416 0.154774615926
21 1.30525159731e+17 0.217112662902 0.736805290124 0.219893160033
22 1.27951964888e+17 0.211508035182 0.703634585973 0.138355828119
23 1.15344155905e+17 0.200615899881 0.601636662457 0.198326504114
