00 4.27578506951e+17 0.224311645513 2.49368180048 0.654370959694
01 3.13345683891e+17 0.206711540171 1.684076392 0.575844625806
02 2.352934629e+17 0.199658534671 1.22143704853 0.379802487451
03 1.70097487866e+17 0.20227531228 0.894569584379 0.358886225464
04 1.59065404439e+17 0.209981504044 0.868420614502 0.235116524933
05 1.79555551539e+17 0.218897379604 1.02191023286 0.286576914883
06 2.08751385177e+17 0.2264738208 1.22919481876 0.182527968791
07 2.47440962679e+17 0.231141446361 1.48704041207 0.230592860615
08 2.7587305369e+17 0.232029792613 1.66427995332 0.155040998103
09 3.16606851584e+17 0.228815408198 1.88355767557 0.234864031473
10 3.53338347319e+17 0.221657057042 2.03631839338 0.159644727243
11 3.95195676862e+17 0.211146924734 2.16955314778 0.221112595799
12 4.53240910772e+17 0.198290392072 2.3367062654 0.163406734642
13 5.48084602029e+17 0.184512912579 2.62934584276 0.248611735744
14 6.31981702142e+17 0.171731259247 2.82180635178 0.216282561247
15 7.31542610418e+17 0.162556894137 3.09184966163 0.29050075225
16 9.31164784039e+17 0.160655296185 3.88951040859 0.348296289129
17 1.1468542421e+18 0.170636870232 5.08808608059 0.435617385812
18 1.3536407382e+18 0.19470687369 6.8526420621 0.62409457368
