00 9.7566308896e+16 0.167583466915 0.425113007772 0.117617395807
01 1.19237166537e+17 0.14216926925 0.440748381686 0.180052196675
02 1.53515631224e+17 0.121725540395 0.485856102417 0.152799104919
03 1.91839811831e+17 0.1054011969 0.525723790281 0.215157348877
04 2.63518662942e+17 0.100791300207 0.690570105338 0.287072066961
15 9.39776602871e+17 0.183200041416 4.47634492677 0.426804553328
16 7.78482015403e+17 0.17060635528 3.45316346178 0.299204565971
17 5.12212171625e+17 0.176141264302 2.34576418703 0.290192172601
18 3.52870384668e+17 0.18670697218 1.71296738842 0.170942821175
19 2.27669241586e+17 0.195813506408 1.15909852491 0.218385501902
20 1.68382057206e+17 0.211351279801 0.925281845436 0.149881902308
21 1.2840323588e+17 0.218239337407 0.728588565106 0.222688812406
22 1.25934206536e+17 0.212358868763 0.695324386601 0.140227700351
23 1.15721876103e+17 0.194237724986 0.584416402579 0.196116275593
