00 9.57188930544e+16 0.182615898557 0.454474583264 0.126398784837
01 1.16358600232e+17 0.146457665391 0.443081832391 0.185017752505
02 1.48192961933e+17 0.107944062117 0.415910307494 0.128406835988
03 1.83972335313e+17 0.0899218221226 0.4301213179 0.184096995603
04 2.5404518362e+17 0.0827156831483 0.546351543755 0.232787566234
16 8.39323115372e+17 0.166359675043 3.63036753896 0.363369337173
17 5.69180547231e+17 0.160570419154 2.37623253512 0.308225768443
18 3.80031249261e+17 0.168047151183 1.66044238877 0.181051330217
19 2.41582242478e+17 0.191527024368 1.20300772909 0.235673495809
20 1.71209605528e+17 0.214649580519 0.955501820191 0.160982530236
21 1.3096162895e+17 0.225539974578 0.767964144067 0.239985666701
22 1.25791127357e+17 0.223190797373 0.72996097245 0.15176220127
23 1.14717429787e+17 0.20775579517 0.619663481976 0.211718264756
