00 1.20932498303e+17 0.12998395884 0.408701406927 0.123723674299
01 1.64802938613e+17 0.110492402388 0.473446287807 0.190035271947
02 2.44130763703e+17 0.0979695899832 0.621852161379 0.228339603017
03 3.04763055547e+17 0.102420159985 0.811560903573 0.311026209346
14 9.20651205187e+17 0.174005982014 4.16516924334 0.345616104746
15 7.03660416997e+17 0.169398592233 3.09917618529 0.301813179534
16 5.46658705029e+17 0.177676591274 2.52533983779 0.198532387398
17 3.88796434154e+17 0.188052672994 1.90096942603 0.237198131442
18 2.89243295513e+17 0.203224252267 1.5283125638 0.148896203473
19 2.04121316232e+17 0.2175285425 1.15445752274 0.214022781704
20 1.61322192246e+17 0.219121032205 0.919076217346 0.145913655995
21 1.30969028972e+17 0.207911363574 0.707978684385 0.214091318608
22 1.37370927968e+17 0.184849318798 0.660215983895 0.13148252361
23 1.39168018172e+17 0.151908686709 0.54966160268 0.179812505502
