00 2.47516984622e+17 0.0691813856388 0.445212767098 0.233381445472
15 7.46109250221e+17 0.18704818897 3.62851798472 0.676630818584
16 5.86509705431e+17 0.190687355554 2.90783960311 0.415074261837
17 4.53448182425e+17 0.201077496808 2.3706338618 0.431952849449
18 3.3034149893e+17 0.207222066136 1.77980524641 0.292603085051
19 2.60735866733e+17 0.204265099707 1.3847401832 0.352703363796
20 1.92349463306e+17 0.190649325918 0.953453683516 0.227357081558
21 1.91360166008e+17 0.166830620537 0.830043116274 0.33065864015
22 2.23409261431e+17 0.135005380216 0.784197759368 0.230171469698
23 2.82221450067e+17 0.0995162051744 0.730225800967 0.290866156656
