00 2.05015480692e+17 0.191397436712 1.02022537476 0.251086149848
01 1.48237605996e+17 0.201188032106 0.775414438099 0.295714054782
02 1.21503852665e+17 0.211682417093 0.668725959677 0.180396490785
03 9.54238684263e+16 0.219602070571 0.544837256297 0.236144241344
04 9.15209637417e+16 0.223208239923 0.531134064053 0.151029524014
05 1.16009211233e+17 0.22169359187 0.668680966936 0.21865347898
06 1.61883024798e+17 0.214941172236 0.904678504996 0.136048581901
07 2.17547745984e+17 0.203427667775 1.15063599548 0.191612632114
08 2.80232046835e+17 0.188176382322 1.37105937239 0.131380646701
09 3.72848295182e+17 0.170766439343 1.65541937037 0.213914105181
10 4.97565399384e+17 0.153441092424 1.98502143928 0.183039283799
11 6.57271761585e+17 0.139504049795 2.38399388647 0.248102075906
12 9.01891472671e+17 0.134389566251 3.15132489926 0.294377956058
13 1.3129499978e+18 0.147286676299 5.02788107442 0.394628468037
22 5.26779935883e+17 0.200540360801 2.74665659853 0.504004697907
23 3.01225291573e+17 0.18829507303 1.47470019516 0.387068328263
