00 1.2767080499e+17 0.205424830732 0.681895591119 0.242474225905
01 1.37253256028e+17 0.192152232185 0.685711507529 0.338056063449
02 1.42267057794e+17 0.16853230211 0.623391463873 0.215689836681
03 1.54329320672e+17 0.136700929655 0.548521001829 0.30951360872
04 1.77854185719e+17 0.100893812032 0.466554056359 0.234068446241
05 2.21912574777e+17 0.067990703166 0.392287792012 0.256678677234
20 1.73210217474e+17 0.185885572383 0.837129290858 0.719230404556
21 2.07720735084e+17 0.190985636661 1.03146359778 0.537392870168
22 1.76830605656e+17 0.20191050489 0.928302878569 0.356913320182
23 1.59206001695e+17 0.208079327521 0.861314422017 0.378009111921
