08 7.95131767464e+17 0.176047471065 3.63950435746 0.360692330077
09 6.59026430555e+17 0.172541688105 2.95644785368 0.324079497644
10 5.39151312856e+17 0.181203697452 2.54010149577 0.190486402633
11 4.72679329563e+17 0.191810879771 2.35729098938 0.234043764827
12 4.34913191968e+17 0.199583869165 2.2568430977 0.143634066227
13 3.93926089827e+17 0.214155743057 2.19339989639 0.214622198759
14 3.47237658628e+17 0.216570608429 1.95523824596 0.137149636425
15 3.47900343249e+17 0.206360936231 1.86661905425 0.191671812617
16 3.67816726209e+17 0.184409288783 1.76354934295 0.12885110499
17 3.86020958446e+17 0.156072066433 1.56642430545 0.179405856319
18 4.11061594087e+17 0.135438786023 1.44751576538 0.137051074078
19 4.1638648171e+17 0.116125574361 1.25718110296 0.195515646383
20 4.25885026921e+17 0.103394875726 1.14489256524 0.216964225153
21 4.19893756752e+17 0.106863862449 1.16665818528 0.30231507435
