00 1.25586607087e+17 0.187116627459 0.610982901677 0.199360296495
01 1.47963907519e+17 0.158712285448 0.61057593808 0.296229442215
02 1.7870887846e+17 0.12315939648 0.572251618038 0.199538212297
03 2.13094290518e+17 0.0857329806984 0.474999426095 0.25795682284
04 2.38633250749e+17 0.0537604962252 0.333555091379 0.218934931537
18 3.79852901678e+17 0.182739742815 1.80476976056 0.774861547114
19 2.94928887748e+17 0.184182497825 1.41233921988 0.534850480399
20 1.72620626123e+17 0.197465914465 0.886253934618 0.345253951494
21 1.71078005688e+17 0.209070071068 0.929949560995 0.39269455482
22 1.59085769558e+17 0.212301676543 0.878128565376 0.258652037159
23 1.47999411197e+17 0.204569876497 0.787181753026 0.320359971674
