00 1.02373796703e+17 0.220056965269 0.585729742662 0.147615007784
01 9.57242241828e+16 0.221855320701 0.552160139828 0.220748054897
02 9.16990360699e+16 0.218319258742 0.520511305135 0.144485169289
03 8.69142693561e+16 0.209556998912 0.473550829671 0.20264841628
04 8.93052883195e+16 0.196262657538 0.455709623662 0.138116532979
05 1.23163302945e+17 0.179682732771 0.575388290106 0.211392701149
06 2.0120986241e+17 0.1616613737 0.845724431741 0.153567068624
07 3.20800487048e+17 0.144834714557 1.20803922125 0.223903428161
08 5.15733808653e+17 0.133265317972 1.78696517997 0.215817377862
09 7.5335313612e+17 0.133999027302 2.62466327383 0.314045796109
10 1.00618840121e+18 0.157709637175 4.12582579981 0.501524630224
19 5.72798940136e+17 0.193316659969 2.87902102646 0.487518584005
20 3.94017314048e+17 0.186881287756 1.91449603923 0.320977129091
21 2.33520306828e+17 0.193516825657 1.1749428211 0.318853824314
22 1.89884492477e+17 0.204227147395 1.00826877406 0.20084617868
23 1.35398323581e+17 0.21403269682 0.753471376863 0.245733731201
