00 2.29131572952e+17 0.210443970251 1.25370330597 0.323413598485
01 1.91856266561e+17 0.213202856411 1.06351190533 0.375835205467
02 1.6833523813e+17 0.216542274954 0.947744080907 0.281822784724
03 1.44603043773e+17 0.220035813002 0.827264055778 0.322272507559
04 1.36936821862e+17 0.223168567129 0.794559852376 0.237320653565
05 1.74214041474e+17 0.225463800103 1.02125295538 0.300990395682
06 2.19252871086e+17 0.226551794033 1.29147541357 0.209611987987
07 2.86952836441e+17 0.226215096252 1.6877396514 0.265394786823
08 3.41660260576e+17 0.224400860944 1.99339027221 0.1876606377
09 4.06751923168e+17 0.221229562527 2.3396243005 0.283918108781
10 4.59125403086e+17 0.21697524386 2.59009000372 0.22304849648
11 5.11668242657e+17 0.21205505113 2.82104771931 0.276892968499
12 5.6048889123e+17 0.206991343294 3.01642506091 0.227373095185
13 6.5789255666e+17 0.202370222414 3.46158443841 0.327024962068
14 7.01612294462e+17 0.198768486859 3.62591876743 0.281435214016
15 7.24308831526e+17 0.196660848033 3.70352291519 0.343212760237
16 7.93280652928e+17 0.196277607763 4.04828394987 0.336400307851
17 8.02658089794e+17 0.197486107573 4.12135936851 0.410770205876
18 7.37983315865e+17 0.199746536286 3.8326498907 0.423084563547
19 5.30861382997e+17 0.202285701855 2.79202735363 0.463138694168
20 4.69531464085e+17 0.204438961169 2.49575364359 0.456544687618
21 3.66920307932e+17 0.205978258966 1.96501776139 0.476570398321
22 3.64374359888e+17 0.207175943543 1.96272964713 0.43159394949
23 2.56787590571e+17 0.208566593815 1.39249014058 0.4016910087
