03 2.61072765996e+17 0.228006434781 1.54768303542 0.646398840362
04 2.83988116699e+17 0.211981113586 1.5652030478 0.589133075447
05 3.79926038808e+17 0.202799222753 2.00326633972 0.470323510112
06 3.74245599698e+17 0.202483244374 1.97024004371 0.314085463394
07 4.0729695833e+17 0.208190738062 2.2046818135 0.312313903343
08 4.03097974482e+17 0.216350142023 2.26746790474 0.207277515823
09 4.08504802495e+17 0.224259731321 2.38189060853 0.282563959615
10 3.98172461163e+17 0.230124981788 2.38236518971 0.181887000998
11 3.98414869578e+17 0.232848887232 2.41203193499 0.239908083498
12 4.07384131088e+17 0.231881686656 2.45608790528 0.162510984159
13 4.22708700298e+17 0.227141237275 2.49637900701 0.237286240721
14 4.13103640726e+17 0.218966708626 2.35185455781 0.158122635902
15 4.24260110422e+17 0.208090837303 2.29540068191 0.225353897577
16 4.76413096356e+17 0.195622061812 2.42311971677 0.179832543988
17 5.14393655121e+17 0.183061766685 2.44831109324 0.260114203302
18 5.46326424177e+17 0.172384128153 2.44862811228 0.244943660552
19 4.87143852056e+17 0.166205126205 2.10511094069 0.32541603861
20 4.42305914329e+17 0.167901380768 1.93085811718 0.41741726483
21 5.50656644855e+17 0.180675176525 2.58673964936 0.477877984413
22 7.42666101777e+17 0.203730029692 3.93388806112 0.694710884275
