00 1.75260629476e+17 0.145285143811 0.662031909705 0.222537129185
01 1.42836117512e+17 0.179841941728 0.667886042782 0.284665197919
02 1.12331329361e+17 0.208095014269 0.607765329238 0.174301989492
03 9.11257878515e+16 0.225719100941 0.534789603567 0.2584256022
04 8.94602913265e+16 0.230492917361 0.53611905193 0.164081206667
05 1.1957726946e+17 0.221707627242 0.689291009783 0.243215270977
06 1.82507780503e+17 0.199944227971 0.948775809058 0.143572616729
07 2.55131292779e+17 0.167008605871 1.10783715955 0.199894841447
08 3.56239365866e+17 0.125967830039 1.16674219721 0.123118885282
09 5.24438466958e+17 0.0814112361531 1.11007478091 0.158464543242
10 7.691955246e+17 0.0618528376077 1.23700007266 0.163803340841
23 2.77817787065e+17 0.152330461043 1.10032290133 0.361085585268
