00 2.24415080379e+17 0.181245903078 1.0575321616 0.26738164601
01 1.57505956109e+17 0.18952071335 0.776116670124 0.298938225463
02 1.25598112783e+17 0.200555763101 0.654925059185 0.177881238507
03 9.58658080285e+16 0.209595279478 0.522418541479 0.230703790976
04 9.17207765403e+16 0.214274614069 0.510989283877 0.146290958619
05 1.16085398979e+17 0.213478338608 0.644324670875 0.210374990985
06 1.61299351276e+17 0.206935356455 0.867842007557 0.12964946387
07 2.14028036155e+17 0.19505312797 1.08541778606 0.181726865129
08 2.7392742798e+17 0.178858831355 1.27385283075 0.122562207243
09 3.64918357198e+17 0.160003956859 1.51809790814 0.198468012522
10 4.92216333478e+17 0.14089655873 1.80314127599 0.163429718282
11 6.58084120672e+17 0.125176532073 2.14179388899 0.227801086085
12 9.20871837531e+17 0.119087895233 2.85128191167 0.273962795871
13 1.35810896489e+18 0.133783316555 4.7240003607 0.371056698596
23 3.43838142897e+17 0.184306101768 1.64765816167 0.408674010693
