09 8.65963167878e+17 0.161723402496 3.64120925857 0.374353321113
10 7.1990941422e+17 0.151276150507 2.83153324733 0.235584970941
11 5.91579088985e+17 0.167679394829 2.57908621451 0.260144850526
12 5.09693252858e+17 0.199114125916 2.63866528973 0.17183501272
13 4.29679281403e+17 0.220525088899 2.46363160497 0.248045074772
14 3.60446344934e+17 0.229463533338 2.15044158907 0.158227509392
15 3.57276425238e+17 0.22492835015 2.08940151878 0.221171841751
16 3.64864312648e+17 0.207176232928 1.96537155943 0.147081993346
17 3.74543542088e+17 0.177651831609 1.729997003 0.205381949593
18 3.88994310203e+17 0.138982241899 1.40564583426 0.134199000914
19 3.99974164975e+17 0.0951088502457 0.989068156929 0.161360981813
20 4.43990536025e+17 0.0727820230079 0.840177764614 0.1427031201
21 4.09468380184e+17 0.0719196199479 0.765669067372 0.220510863154
