00 9.55905666116e+16 0.188698281424 0.46898216664 0.130927648918
01 1.15894480394e+17 0.153076379896 0.461258395225 0.194824961845
02 1.46674046896e+17 0.110697517407 0.422147774346 0.129092828446
03 1.81252312608e+17 0.0817231338792 0.385125182238 0.168497175778
04 2.48551546592e+17 0.0737626446107 0.476679304367 0.207846658128
16 8.2222916748e+17 0.169562940531 3.62490948114 0.397123599975
17 5.96564536475e+17 0.154292373919 2.39317932175 0.321021385069
18 3.95842037965e+17 0.158331608127 1.62953196731 0.18890490216
19 2.51082307167e+17 0.19007582761 1.24084161066 0.249225614222
20 1.73607028761e+17 0.214744574609 0.969310356052 0.167480775487
21 1.33388503117e+17 0.227431332267 0.788754849299 0.249623009129
22 1.26718366378e+17 0.226820767939 0.747301286523 0.158189551483
23 1.15196429991e+17 0.212853835403 0.637520050656 0.219961015645
