00 1.30513806513e+17 0.222383995594 0.754628726085 0.183969150233
01 1.12893425379e+17 0.228842830857 0.671706127272 0.258689886014
02 1.03127692435e+17 0.231871100715 0.621720620538 0.17320740761
03 9.18112429638e+16 0.230858070834 0.551079527218 0.230895975651
04 9.09465878308e+16 0.225707697238 0.533710967684 0.158062589959
05 1.21504965129e+17 0.21678578214 0.684854271384 0.232724688551
06 1.80170083352e+17 0.204890272394 0.959792533836 0.157107359004
07 2.63438596621e+17 0.191231609014 1.30982245441 0.224328090267
08 3.69062341111e+17 0.177470993831 1.70294437202 0.171793150242
09 5.14897062626e+17 0.165851370335 2.22030596886 0.274186858884
10 7.1129723648e+17 0.159503739119 2.94981878994 0.334016642617
11 9.59942687019e+17 0.162804116424 4.06334814542 0.383751886338
12 1.31605597974e+18 0.180197355167 6.16589497682 0.541460436961
19 8.20893341376e+17 0.214527289899 4.57870461935 0.628389757825
20 5.41560389606e+17 0.201405792811 2.83590839022 0.462660413976
21 3.14091769123e+17 0.199667627173 1.63056291464 0.411835838089
22 2.59540279899e+17 0.205514481173 1.38682143514 0.260444623344
23 1.71882112656e+17 0.214335741155 0.957852480188 0.294341789125
