00 1.1278619971e+17 0.210591462474 0.617547079342 0.166115216825
01 1.28940344834e+17 0.199221626502 0.667880335709 0.249193203799
02 1.46381469695e+17 0.187750542458 0.714563208868 0.225184777997
03 1.66095227991e+17 0.177914628424 0.768320040047 0.287425513689
04 1.82433522224e+17 0.171908364797 0.81540806073 0.311835854858
05 2.77313283716e+17 0.172359498122 1.2427370385 0.381857299473
06 4.2646245769e+17 0.18157152995 2.01326946363 0.508676214066
07 5.83157618827e+17 0.199055670254 3.01810159766 0.525233104858
08 7.23675585022e+17 0.219064903392 4.12182997513 0.664931593831
11 1.43570884538e+18 0.232166083466 8.66639539038 0.643386844225
12 1.20502186394e+18 0.22043730295 6.90642601178 0.623333036813
13 1.17956209001e+18 0.209169596015 6.4149416719 0.582760141134
14 9.25427649373e+17 0.203788695141 4.90338402095 0.390504427322
15 7.43766219155e+17 0.205152445345 3.96722192425 0.364276379705
16 6.35210933353e+17 0.211006479089 3.48487418567 0.262698089293
17 4.84408740849e+17 0.218600762738 2.75319512589 0.305993268548
18 3.72610788711e+17 0.225747915714 2.18701883203 0.206453387089
19 2.45629043275e+17 0.230932698105 1.4748182201 0.257307456771
20 1.99663964962e+17 0.233208250868 1.21064538479 0.184051145512
21 1.47254213066e+17 0.232102069539 0.888628197623 0.255507550661
22 1.49003800024e+17 0.227563494309 0.881603460371 0.173106936621
23 1.32427626101e+17 0.21992463386 0.757226526764 0.24098350778
