248.635765843 32.7899394
248.525530029 28.6565083474
243.813443356 28.6622917848
243.716970551 32.7960059009
248.950366751 36.1208295554
252.610720693 32.8207904092
252.312306275 28.357236891
248.637532065 25.3170388017
243.691132479 25.3230847939
240.025311486 28.3722874884
239.741599798 32.8366344686
243.414452774 36.1276822786
249.110627277 39.1937215061
253.922833337 36.7200865285
256.258546038 32.618922924
255.791760496 28.1085357831
252.967463344 24.3546613908
248.606199703 22.2416803244
243.713507067 22.2476374504
239.357914217 24.3712425238
236.544381359 28.1320396689
236.092177439 32.6436695479
238.443388166 36.7392099291
243.266335103 39.2009796378
249.260578639 42.2005873826
254.686226488 40.209141737
258.337981262 36.681226113
259.805362735 32.3044161994
259.179822921 27.7961577031
256.795809038 23.7944962407
253.090049775 20.8166519752
248.560343508 19.2329958654
243.751005968 19.2388286948
239.225262099 20.8334662332
235.527224777 23.8203027798
233.154388743 27.8278028809
232.543045796 32.3377154927
234.026585465 36.7111255258
237.693777592 40.2301993198
243.129380032 42.2082250878
249.422307212 45.1856047126
255.31139021 43.4934655503
259.784568969 40.4056607493
262.448862945 36.3763634552
263.298298505 31.8934410018
262.52194707 27.4061863484
260.374599073 23.3040598314
257.128983368 19.9144905071
253.072520372 17.4995801665
248.515005472 16.2460321695
243.78837592 16.2517420143
239.233834953 17.516289805
235.18319751 19.940976136
231.946100539 23.3383768842
229.809866242 27.4457447645
229.047176676 31.9350283271
229.912577504 36.4161274606
232.594079896 40.4391704585
237.082986882 43.5161172578
242.981876889 45.1936506951
249.60494676 48.1652011103
255.921801915 46.6693366688
261.012069496 43.8981083575
264.508360539 40.188734191
266.374968889 35.9069068847
266.75126498 31.3909711138
265.832153711 26.9358574254
263.813575213 22.7958319997
260.880959201 19.1904256281
257.216753644 16.3065480851
253.011977998 14.2951892677
248.473374665 13.2641118046
243.822320488 13.2697077173
239.286071003 14.3116920147
235.085906037 16.3331268191
231.428432245 19.2257633485
228.504579639 22.8381897521
226.496820386 26.9831091511
225.590726149 31.4405871147
225.982378391 35.9558872301
227.866486205 40.233535765
231.381244456 43.9346891947
236.488048833 46.6935455157
242.815046823 48.1737066097
249.815906597 51.1476376552
256.573793892 49.7841117138
262.197532526 47.237962768
266.338598906 43.7830781393
268.955477319 39.7162515878
270.173064317 35.3101969315
270.168795019 30.7996944949
269.115516211 26.3849419501
267.164299029 22.2394771167
264.446998774 18.516643186
261.086178799 15.3525525162
257.205966897 12.8653051641
252.940278422 11.1511307242
248.436236667 10.2788173673
243.85198032 10.284310274
239.349881459 11.1674009386
235.087993504 12.8917448374
231.213308794 15.3882002818
227.859628641 18.5602398116
225.151046897 22.2895091076
223.210218412 26.4396548022
222.169227596 30.857064262
222.17946607 35.3678573349
223.414030555 39.7713887486
226.050155373 43.8323399786
230.211407082 47.2775029781
235.853086105 49.8099789793
242.621905022 51.1566721513
250.063623093 54.1380922145
257.305800654 52.8634175468
263.439940103 50.4744442589
268.128317249 47.210280473
271.335625655 43.3278787325
273.190570595 39.0600853303
273.872368556 34.6034365074
273.55226792 30.1217028673
272.374012056 25.7540618416
270.453643054 21.622666446
267.886897746 17.83788556
264.758678991 14.5009059593
261.152157448 11.7038451764
257.156166001 9.52772640586
252.869843293 8.03890202207
248.403731798 7.2848140556
243.877155841 7.29021518258
239.41270485 8.05494363698
235.129625244 9.55393684075
231.13833187 11.7394793424
227.537832012 14.5449930791
224.416873318 17.8892735976
221.858630385 21.680050222
219.948130298 25.8159854987
218.78137063 30.186530643
218.474782979 34.6692880289
219.172567998 39.124735169
221.046315573 43.3886317638
224.275042475 47.2638691182
228.985956729 50.5170681364
235.140158987 52.8911384009
242.394567411 54.1477459177
250.35911607 57.1403802274
258.154665527 55.9221718952
264.813006889 53.6374643282
270.000526166 50.5081165714
273.697913523 46.7688562926
276.051619397 42.6281164532
277.255158684 38.2575384331
277.48924867 33.7961886591
276.902046439 29.3589254818
275.608530559 25.0442088523
273.696974712 20.9399793054
271.237206159 17.1274974894
268.288700436 13.6833480968
264.907859291 10.6798186998
261.154127751 8.18384327963
257.094531815 6.25475538325
252.8061113 4.9412431059
248.37581594 4.27808882956
243.897839168 4.28340924981
239.469006082 4.95707279161
235.183437541 6.2807105182
231.127959364 8.21931766044
227.379471224 10.7240247281
224.004881788 13.7353586286
221.063576872 17.1862790019
218.611985402 21.0044094501
216.70971831 25.1130739429
215.426863668 29.4308946805
214.852092533 33.8697614221
215.100910485 38.3309610666
216.322069874 42.6992652347
218.696751972 46.8350957443
222.418320204 50.5661775365
227.631566109 53.6834677052
234.313027315 55.9520307191
242.122765237 57.1507703923
250.717760214 60.1576392228
259.16433642 58.9693298139
266.388106079 56.7447350855
272.055340245 53.7010841972
276.174951388 50.0628248247
278.925828616 46.0238452014
280.527106931 41.7391140676
281.176834287 37.3302938277
281.033784834 32.8946919756
280.218353668 28.513250354
278.81970146 24.2565618429
276.903903771 20.1890412861
274.521437659 16.3715976197
271.713711251 12.8630883528
268.518726483 9.72072762755
264.97594315 6.99954653711
261.130239832 4.7509964182
257.034680072 3.0208485176
252.751698083 1.84666249945
248.35240935 1.25522990599
243.914061683 1.26048044397
239.516095073 1.86230287034
235.235688737 3.04655396927
231.143837925 4.78625368176
227.302833104 7.04368937659
223.765602083 9.77297524131
220.576924608 12.92257917
217.776221853 16.4374131004
215.401535384 20.2602165089
213.494406622 24.3320810264
212.105555658 28.5920256633
211.301429507 32.9755229979
211.171707362 37.4118031972
211.837454186 41.8196526971
213.458213036 46.1013609838
216.232690185 50.1346989079
220.380011184 53.7639766313
226.077284472 56.7945741392
233.328525634 59.0017162424
241.792182057 60.1689207945
251.162039399 63.1926176987
260.394041131 62.0099458529
268.248757319 59.8054692851
274.392507938 56.8026821951
278.881443574 53.2248526568
281.945707361 49.2579239466
283.84256468 45.0452161684
284.794511362 40.6953459053
284.975024824 36.2922612823
284.512941641 31.9035621196
283.501678837 27.586548405
282.008286065 23.3923968259
280.081040683 19.3689632079
277.755601221 15.5625817774
275.060071471 12.0190868811
272.019315579 8.78417132546
268.658733075 5.90312662389
265.007531431 3.419985698
261.101359641 1.37610971072
256.984029684 -0.191673962275
252.708007507 -1.25317919085
248.333452597 -1.78691354536
243.925835806 -1.78172227987
239.552504919 -1.23770251078
235.278865043 -0.166195663907
231.164958492 1.41114043897
227.263106349 3.46398552093
223.616974467 5.95541321174
220.262088795 8.843996116
217.227576386 12.0856609824
214.538813355 15.6350925009
212.220708451 19.4465801027
210.301488796 23.4742667109
208.817028729 27.6717786941
207.815933746 31.9911906875
207.365721639 36.3812092372
207.560450775 40.7843469317
208.529796905 45.1327130009
210.448244764 49.3419211683
213.539261124 53.3027229074
218.060410201 56.8709608185
224.240050143 59.8597800972
232.12847956 62.0453895688
241.381880309 63.2050006731
251.726397108 66.2477690729
261.929781357 65.0458418843
270.504804813 62.8218133108
277.127303493 59.8167601354
281.932976034 56.2604739305
285.229581372 52.3353146752
287.327464092 48.1757079033
288.480590911 43.879529455
288.880061434 39.5197298488
288.664393934 35.1531383448
287.932202108 30.826525751
286.752980258 26.580662994
285.175382033 22.4530310892
283.233432938 18.4796310999
280.951280874 14.6961670775
278.34699803 11.13875077
275.435805037 7.84419413271
272.232945661 4.84990415258
268.756302248 2.19336968511
265.02870658 -0.0887676083815
261.079776283 -1.96203436971
256.947018824 -3.39575493855
252.675932509 -4.36482764646
248.318931212 -4.8514141021
243.933128561 -4.84627162794
239.577285107 -4.3494873121
235.308450533 -3.37047147593
231.17892349 -1.9272118762
227.234057071 -0.0449317457766
223.511206454 2.24560422811
220.039851046 4.90986498935
216.842715581 7.91117739254
213.937618555 11.2120401408
211.339791056 14.7750448665
209.064498385 18.5633812706
207.12992186 22.5409344571
205.560393879 26.6719844341
204.39021755 30.9204923961
203.668444988 35.2489062757
203.465130571 39.6163345008
203.879663817 43.9758116085
205.051611784 48.2702026161
207.173411625 52.4260862301
210.500492035 56.3448828663
215.344092132 59.8911826606
222.010470814 62.8814570368
230.628339245 65.0850727136
240.859772015 66.26154765
252.466517536 69.3251939961
263.903914307 68.0752245554
273.311407796 65.7884914945
280.405736636 62.7373710193
285.459286926 59.1650628395
288.895371697 55.2526413184
291.095085037 51.1264149159
292.350272349 46.8742174901
292.871141995 42.5590385359
292.805609767 38.228354289
292.256846031 33.9201462162
291.2964519 29.6667548665
289.973791557 25.4973864073
288.322540481 21.4397818054
286.365367396 17.5213494145
284.117424039 13.7699298107
281.58911139 10.2142788073
278.788437998 6.88430115636
275.723169325 3.81103282985
272.402867492 1.02634974818
268.840824841 -1.43762430754
265.055798167 -3.54942526829
261.073362001 -5.2794534641
256.926641894 -6.60140461692
252.656193871 -7.49379314516
248.308889583 -7.94137772364
243.93584602 -7.93627356542
239.589658854 -7.47856063023
235.321382018 -6.57627744363
231.177772176 -5.24480356708
227.199239526 -3.5057380761
223.418753164 -1.38546784494
219.861739152 1.08635494723
216.546829505 3.87823953965
213.487226248 6.95805541394
210.69244192 10.2939333369
208.170236648 13.8548510042
205.928660725 17.610918358
203.978208281 21.5333898549
202.334183625 25.5944254842
201.019481688 29.7666019921
200.068101398 34.0221407696
199.529865008 38.3317648834
199.477023209 42.6630138754
200.01366967 46.9777115106
201.28902372 51.2280701713
203.515075336 55.350606011
206.985875886 59.2567111399
212.084494127 62.818918297
219.233684809 65.8546271855
228.69776823 68.1192737616
240.173945663 69.3407982186
253.478698268 72.4263645159
266.532044098 71.0909658738
276.898483109 68.6904429057
284.422084857 65.5468480159
289.614879926 61.9223967593
293.068985157 57.9964596511
295.254836308 53.8858871462
296.505921431 49.6677627609
297.050385544 45.3951637512
297.043227362 41.1068395094
296.589990974 36.8330157503
295.762721682 32.5989249255
294.610475546 28.4270221049
293.166279171 24.3384317766
291.451839424 20.3539317918
289.480848112 16.4946449209
287.261427895 12.7825296827
284.798077372 9.24071395466
282.093353153 5.8936833448
279.149444324 2.76731445001
275.969728937 -0.111271683496
272.560339063 -2.7140679997
268.931692849 -5.01278150072
265.099879319 -6.97968913431
261.087714847 -8.58873253269
256.925250614 -9.81678900759
252.649524855 -10.6450035988
248.303442138 -11.0600220247
243.933820402 -11.0549454879
239.588835352 -10.6298493919
235.315242667 -9.79177523031
231.155828983 -8.55420762024
227.147485286 -6.93611119505
223.320103075 -4.96068707282
219.696342345 -2.65404274494
216.292154472 -0.0439252678123
213.117848999 2.84136849036
210.179483895 5.97384211562
207.480399707 9.32639415369
205.022785108 12.8731715349
202.809233933 16.5897118145
200.844321831 20.4529062363
199.136293703 24.4408080129
197.699019181 28.5322952383
196.554456538 32.7065757888
195.735986917 36.942489711
195.293171446 41.2175158488
195.298786164 45.5063095491
195.859448848 49.7784604971
197.131750395 53.9949168894
199.34617816 58.1021026927
202.83949407 62.0221082586
208.085962469 65.6367406695
215.679491098 68.7646310425
226.123922531 71.1413404178
239.234535694 72.4444586114
254.944918682 75.5513598048
270.188031769 74.076323013
281.618280859 71.4973677295
289.439214897 68.2115917934
294.586453306 64.5019729592
297.887771866 60.5413827742
299.915588041 56.4333785297
301.041679229 52.2423435242
301.506028287 48.0108146185
301.46535004 43.7689711874
301.023481071 39.5399033192
300.249966977 35.3426467741
299.191522293 31.1940159051
297.879243573 27.1097708948
296.3332757 23.105404051
294.565935742 19.1966994064
292.583899924 15.4001494368
290.38983091 11.7332723873
287.983689877 8.21484858186
285.36389827 4.86507669908
282.528462371 1.70563770725
279.476134178 -1.24035637816
276.207643712 -3.94855918925
272.726993608 -6.39376504406
269.04275349 -8.550490197
265.169232184 -10.3937723396
261.127351443 -11.900171729
256.945015459 -13.0489171077
252.656789572 -13.82309449
248.302785679 -14.2107394316
243.926796025 -14.2056789796
239.573887884 -13.8079879873
235.287796918 -13.0239710571
231.108504959 -11.8657146755
227.070428519 -10.3502463943
223.201310174 -8.4984122726
219.521907839 -6.33369844286
216.046382023 -3.88108959713
212.783179973 -1.16607187934
209.736212959 1.78616164027
206.906152045 4.95128716736
204.291721928 8.30622068601
201.890931777 11.8293108763
199.702235149 15.5003873473
197.725655132 19.3006943151
195.963949221 23.2127323249
194.423928293 27.2200200113
193.118096336 31.3067745125
192.06685833 35.4574915996
191.301678375 39.656381163
190.869802191 43.8865727635
190.841563218 48.1289343325
191.321998243 52.3602142118
192.469695611 56.5499602764
194.527608808 60.655165445
197.872183852 64.6106154929
203.082613935 68.311267368
210.993612764 71.5816941343
222.536311717 74.1353139034
237.87144286 75.5730483557
257.254134972 78.6966801807
275.567207367 76.9945442248
288.018432708 74.1527305102
295.80578118 70.6748192375
300.592023084 66.8550006514
303.496576487 62.847883713
305.182996709 58.7372997205
306.042962031 54.5721959303
306.314048258 50.3837176839
306.145001256 46.1935262988
305.631514551 42.0180721739
304.836322644 37.8709290398
303.800874559 33.7641534387
302.552359578 29.7091312605
301.108085241 25.7171433342
299.478303487 21.7997715867
297.66810845 17.9692111984
295.678776054 14.2385238326
293.50877604 10.6218491235
291.154608531 7.13457973278
288.611571555 3.7934961789
285.874537581 0.616849691391
282.938795936 -2.37562603986
279.800997164 -5.16279993278
276.460209111 -7.72235579206
272.919058979 -10.0311629844
269.184889536 -12.0658308724
265.270805321 -13.8034570837
261.196437149 -15.2225532729
256.988229507 -16.3040958134
252.679076807 -17.0326089314
248.307215346 -17.3971552222
243.914412423 -17.3920970052
239.543653489 -17.01751494
235.236686445 -16.2791743084
231.03156372 -15.1880970482
226.96104197 -13.7599106828
223.05140444 -12.0137011312
219.322108471 -9.97100037356
215.786099913 -7.6547322143
212.450587538 -5.08828889292
209.318093996 -2.29478734656
206.387613041 0.70348045072
203.655750144 3.88541385719
201.11777602 7.231312291
198.768568329 10.7229575538
196.603452181 14.3436000573
194.61897609 18.0778745068
192.813680861 21.9116639811
191.188940146 25.8319239475
189.749980186 29.8264697755
188.507232652 33.8837221446
187.478254373 37.9923927452
186.69058975 42.14107451
186.186209764 46.3176697272
186.028643002 50.5085321852
186.314836703 54.6970866222
187.195594593 58.8614535816
188.912002246 62.970093127
191.8619079 66.9733098289
196.719694853 70.7857834958
204.621617465 74.2498755991
217.241608417 77.0657735863
235.720081791 78.7240007338
246.652071826 82.0665279891
275.191735279 80.7872673486
292.63088029 77.7803706656
301.863675042 73.9978380353
306.814779487 69.8808600619
309.491124364 65.6081441505
310.854371449 61.2601877427
311.394309934 56.8787317214
311.378759518 52.4885740316
310.963115713 48.1064507844
310.241602456 43.7450612787
309.272972967 39.4150810851
308.094225044 35.1262674825
306.728323946 30.8881266277
305.188757983 26.7103582045
303.482341306 22.6031833579
301.611013204 18.5776102915
299.573053715 14.6456657982
297.363965604 10.820606242
294.977183035 7.11711175319
292.404719094 3.5514595182
289.637837799 0.141664419916
286.66781985 -3.09243286549
283.486876776 -6.12915892872
280.089248253 -8.94511895433
276.47248547 -11.5154697501
272.638874172 -13.8143987661
268.596883538 -15.8158442751
264.362449067 -17.4944681828
259.959829728 -18.8268522102
255.421754816 -19.7928335045
250.788629598 -20.376838451
246.106718256 -20.5690327081
241.42544364 -20.3661019386
236.794024041 -19.7715384348
232.259222727 -18.7953104242
227.860553875 -17.4531188136
223.630820128 -15.7652327909
219.594051181 -13.7551300436
215.765976273 -11.4481787598
212.154888627 -8.87044444861
208.762934753 -6.04772320871
205.587564577 -3.00482789185
202.622952006 0.234885245752
199.861273917 3.64978498509
197.293802697 7.22007304372
194.911816233 10.9277747513
192.70736079 14.7566494034
190.67392188 18.6920486754
188.807072809 22.7207427672
187.105187182 26.8307258124
185.570328593 31.0110044653
184.209479831 35.2513656591
183.036365399 39.5421096781
182.074294206 43.8737197005
181.360785714 48.2364123562
180.955422796 52.6194612727
180.953818877 57.0100729503
181.51383675 61.3913338524
182.907979618 65.7380938888
185.63560975 70.0078550288
190.679352003 74.118317147
200.09193334 77.8860196604
217.856842762 80.8574589666
271.54362905 84.5013770795
299.193341508 81.3336387813
309.748852813 77.1919467106
314.256956453 72.7723161867
316.259199901 68.2526390018
317.010199215 63.6947008675
317.043247189 59.1266661877
316.617756303 54.5645429237
315.872265932 50.0192871811
314.885459521 45.4996269229
313.703561307 41.0133639907
312.353818315 36.568061942
310.851629454 32.1714632786
309.204538181 27.8317814729
307.414577709 23.5579351514
305.479710228 19.359757883
303.394755519 15.2482006903
301.152036031 11.2355353421
298.741881309 7.33556021171
296.15309294 3.5638047874
293.373451493 -0.0622774866961
290.390338477 -3.52314627822
287.191541117 -6.79706939919
283.76629886 -9.86011530794
280.106629356 -12.686294299
276.208929361 -15.2479084931
272.075774638 -17.5161715431
267.717742027 -19.4621444883
263.154961016 -21.0579972049
258.418008598 -22.2785423609
253.547746785 -23.1029076374
248.59382176 -23.5161332403
243.611810874 -23.5104372257
238.659360105 -23.0859070901
233.79199454 -22.2505398693
229.059053453 -21.0194730522
224.501205653 -19.4136511521
220.148760481 -17.4583649418
216.021584932 -15.181490467
212.13002842 -12.6119759785
208.476484865 -9.77859013642
205.057217075 -6.70899476817
201.8641532 -3.42913270205
198.886481163 0.0371162083885
196.111967341 3.6680718805
193.527996346 7.44424356083
191.122370477 11.3482230731
188.883928047 15.3645209504
186.803048651 19.479373228
184.872118522 23.6805369094
183.086037952 27.957084239
181.442872781 32.2991995401
179.944794719 36.697976671
178.599541114 41.1452088329
177.422796789 45.6331532596
176.44225447 50.154236652
175.704876256 54.7006324909
175.290652638 59.2635611939
175.340630915 63.8319599062
176.119536553 68.3895854285
178.173449016 72.9076891226
182.793320918 77.3227448412
193.64486661 81.4501566101
222.099032466 84.5626108791
248.173209156 87.9506907215
311.809681476 84.732152123
321.218450043 80.1535104164
323.654840188 75.4528001949
324.157041164 70.7272736335
323.849473253 66.0009156174
323.115879447 61.2843979043
322.119703805 56.584651364
320.939982186 51.9073876077
319.61755465 47.2579996085
318.173726543 42.6419734012
316.618767865 38.0651272796
314.956137888 33.5337866041
313.184723512 29.0549374744
311.300081514 24.6363791688
309.295152983 20.2868857215
307.160690883 16.0163824901
304.885537215 11.8361407387
302.456837842 7.75899066778
299.860262491 3.79955002945
297.080291933 -0.025539264182
294.100637341 -3.69738103304
290.904863356 -7.19462546553
287.477291206 -10.4933377159
283.804253402 -13.5669874539
279.87574592 -16.3866288777
275.687463478 -18.9213532021
271.243096849 -21.1390957897
266.556618572 -23.0078565218
261.654113052 -24.4973338026
256.574585703 -25.5808769184
251.369209445 -26.2375435778
246.098713815 -26.4539476748
240.829080287 -26.2255488266
235.62622858 -25.5571157658
230.550678134 -24.4622589204
225.65329711 -22.9620639468
220.972775312 -21.0832907289
216.534872523 -18.8563072205
212.353270831 -16.3131325909
208.431425888 -13.4858146821
204.764857924 -10.4052211046
201.343444992 -7.10024214324
198.153449337 -3.59734621807
195.179159196 0.0795944059646
192.404133743 3.90928942944
189.812098105 7.87289694541
187.387560322 11.9538230409
185.116226543 16.1374914147
182.985285864 20.4111069644
180.983629668 24.7634276266
179.102067552 29.1845519165
177.333607756 33.6657249256
175.673891152 38.1991622767
174.121917426 42.7778889331
172.681308991 47.3955869163
171.362591109 52.0464413685
170.187502416 56.7249646244
169.197686844 61.4257539149
168.473836722 66.1430712853
168.183304082 70.8699179231
168.720995733 75.5954216097
171.254483223 80.2948076869
181.114028945 84.8652192604
352.115793934 87.3902487587
339.81903444 82.6107975552
336.07369292 77.7792677153
333.623091082 72.946846217
331.595310067 68.1224013613
329.7450997 63.3108393006
327.973820255 58.5163057687
326.231772413 53.7428806323
324.489193987 48.9948289206
322.725469372 44.2767408145
320.924433925 39.593641853
319.072066038 34.9510997728
317.155228122 30.3553391589
315.160911019 25.8133701559
313.075739324 21.3331356896
310.885624435 16.9236808334
308.575513718 12.5953472565
306.129218065 8.35999462472
303.529322823 4.23124889109
300.757206122 0.224774038558
297.793207648 -3.64144177062
294.617010934 -7.34680345857
291.208321781 -10.8678604725
287.547939429 -14.1781409272
283.619315042 -17.2481390544
279.41065704 -20.0455499303
274.917552916 -22.5358627095
270.145914206 -24.6834215632
265.114819607 -26.4530243287
259.858584912 -27.8120365999
254.427247413 -28.7328536094
248.884773448 -29.1953758993
243.304776081 -29.1890456932
237.76427231 -28.7139985427
232.336698265 -27.7810525983
227.085694679 -26.4105195903
222.060906761 -24.6301500924
217.296248388 -22.472668155
212.810429908 -19.9733094414
208.609060156 -17.167716773
204.687500555 -14.0903556296
201.033806158 -10.7734664115
197.631335765 -7.24648174672
194.460843024 -3.5357992934
191.502021385 0.33520087496
188.7345639 4.34598768752
186.138832838 8.47862929034
183.696235487 12.7175100634
181.389388312 17.0490448124
179.202131988 21.4614076828
177.119439846 25.9442846627
175.127243267 30.4886530031
173.212178404 35.0865875521
171.361235765 39.7310920991
169.561259722 44.4159527669
167.798182135 49.135609802
166.055741818 53.8850432743
164.313130126 58.6596663534
162.540184626 63.455214731
160.686298615 68.2676049625
158.65044492 73.0926773051
156.179363766 77.9254741938
152.359140465 82.7568520251
139.201066494 87.5306975851
64.9184762423 86.529560065
9.54883675161 83.9209156836
352.64228868 79.503948895
345.10305043 74.7845428502
340.470166498 69.9824953095
337.061811619 65.1537940602
334.266964816 60.320414339
331.810592292 55.4940598349
329.549027134 50.6826432852
327.398118487 45.8925774268
325.303579403 41.129759879
323.227194063 36.4000790773
321.139769049 31.7097267404
319.017237176 27.0654306748
316.838349849 22.4746593887
314.583221806 17.9458248686
312.232361466 13.4884987783
309.765999267 9.11365180305
307.163621541 4.83392229561
304.403674925 0.663916906278
301.463447322 -3.37945889953
298.319166693 -7.27664998356
294.946392886 -11.0051015692
291.320809967 -14.5389489432
287.41955019 -17.8488101686
283.223180188 -20.9017761886
278.718428039 -23.6617256415
273.901591499 -26.0901149159
268.78231507 -28.1473864313
263.387071725 -29.7950719117
257.761338972 -30.9985205555
251.969331949 -31.7299636176
246.090492075 -31.9714022359
240.21280316 -31.7166904882
234.424132739 -30.972286401
228.803598176 -29.7564626651
223.414958317 -28.097191375
218.303194106 -26.0292495494
213.494312109 -23.5911602588
208.997567236 -20.8224759546
204.808964145 -17.7616922083
200.915031863 -14.4448565517
197.296217156 -10.9047924063
193.929592475 -7.17079425215
190.790823712 -3.26864385344
187.855478727 0.779178967186
185.099807705 4.95318452366
182.501126115 9.23652305111
180.037906912 13.614634319
177.689656322 18.0749179388
175.436613528 22.6064336766
173.259279264 27.199633715
171.137736912 31.8461240799
169.050671551 36.5384489814
166.973895468 41.2698882244
164.878005803 46.0342521973
162.724421879 50.8256475969
160.458200332 55.6381612576
157.993939628 60.4653452835
155.18538047 65.2992093178
151.751435902 70.1278635057
147.064310292 74.9288066624
139.382059133 79.6441027029
121.930288466 84.0425561303
42.7506012087 83.3601364365
13.1806807496 80.2866082379
358.793072071 76.0709829152
350.627785961 71.4830567555
345.17265716 66.749083131
341.075465236 61.9507556807
337.733796531 57.1248713814
334.842089769 52.2913806161
332.228293419 47.4630045077
329.786749296 42.6491180335
327.447424538 37.8575455414
325.160484951 33.0955010074
322.887958166 28.370148091
320.598924351 23.6889843206
318.266572148 19.0601463469
315.866293666 14.4926868825
313.374388306 9.996852477
310.767146789 5.58438043559
308.020198737 1.26882673303
305.108077573 -2.93406857769
302.004009228 -7.00597848577
298.679978509 -10.9255585407
295.107174634 -14.6680142052
291.256964341 -18.2047153444
287.102576612 -21.5029412751
282.621682361 -24.5258835237
277.799971489 -27.2330796988
272.635611579 -29.5814820172
267.144076579 -31.5273442189
261.36230177 -33.0289976288
255.350657642 -34.0503534002
249.191213478 -34.5646462676
242.981528623 -34.5576523656
236.824709972 -34.0295559131
230.818029031 -32.9949239093
225.043052685 -31.480794999
219.559551055 -29.5234382117
214.403870816 -27.1646097186
209.590983569 -24.4480648319
205.118675254 -21.4168031651
200.972376246 -18.111203917
197.129601848 -14.5679759428
193.56350387 -10.8197372171
190.245425386 -6.89502045477
187.146564656 -2.81853258903
184.238932344 1.38845782886
181.49578545 5.70768772028
178.891685219 10.1234696251
176.402279241 14.6222898466
174.003860323 19.1924441498
171.67270726 23.8237108317
169.384159564 28.5070545138
167.111306921 33.2343486447
164.823060346 37.9980981646
162.481166449 42.7911327308
160.03532162 47.6062189538
157.414686689 52.4354926252
154.512152452 57.2695016232
151.152880101 62.095371346
147.025470264 66.8928217972
141.513832011 71.6242589347
133.229015544 76.2057146289
118.549327628 80.402961185
88.3363363892 83.4168475269
65.6486564035 81.2746149911
34.4684591872 79.8905699542
14.186925681 76.6275400508
2.02935021524 72.5114710275
354.119786867 68.0221296852
348.450128009 63.3542049731
344.047051248 58.594746846
340.407264837 53.7880892833
337.248914932 48.9597980982
334.401998564 44.1264461661
331.756849379 39.3000487968
329.238156413 34.4902841643
326.790976387 29.7057165367
324.372743428 24.9545424941
321.948447246 20.2451017805
319.487566332 15.5862743977
316.962014853 10.9878303783
314.344700684 6.46077184879
311.608474358 2.01769303382
308.725356258 -2.32682449859
305.666002312 -6.55577084758
302.399428352 -10.6492187692
298.893072557 -14.58379704
295.113339477 -18.3321572221
291.026835694 -21.8624973988
286.60255905 -25.1382540755
281.815299991 -28.1181352742
276.650382713 -30.7567325773
271.109523083 -33.0059870225
265.216954282 -34.8177384303
259.024175155 -36.1473940518
252.611107841 -36.9583825364
246.081743401 -37.2266002977
239.553923272 -36.9437451509
233.145298769 -36.1185397263
226.959345131 -34.7754456171
221.075280232 -32.9512872741
215.543866845 -30.6907938677
210.388689563 -28.0421586541
205.610964239 -25.0533966065
201.195673843 -21.7698240773
197.117405143 -18.2326177929
193.345056162 -14.478220783
189.845203759 -10.5383205077
186.584264806 -6.44016291355
183.529710789 -2.20703110216
180.650596902 2.14122116352
177.917613978 6.58764366903
175.302805056 11.1177020391
172.779024313 15.7188380927
170.319156936 20.380075728
167.895058382 25.0916616378
165.476097761 29.8447233522
163.027081077 34.6309186428
160.505144348 39.4420361019
157.854861163 44.2694793139
155.00012228 49.1035105993
151.829895766 53.9320072937
148.171727598 58.7381974732
143.739090934 63.4961238644
138.01914104 68.1606156755
130.017710324 72.6426403865
117.681570208 76.7423159145
97.0786031572 79.9665798039
52.4310995873 78.4222250172
29.8738914329 76.3466392727
14.3087806791 72.9624402585
3.82698766545 68.8943140539
356.394422156 64.4726814955
350.774930032 59.8591336729
346.273016639 55.1369501781
342.487227156 50.3528084887
339.173996373 45.5352961645
336.177386207 40.7035498241
333.392105963 35.8715763296
330.743223075 31.0505781267
328.174502414 26.2503044484
325.641383394 21.4799068502
323.106546963 16.7485380391
320.536979846 12.0658216442
317.901932424 7.44226637434
315.171429254 2.88967050234
312.315141713 -1.57845212766
309.301527966 -5.94640238932
306.097217402 -10.1957678965
302.666683758 -14.3048320037
298.972325178 -18.2479310587
294.975156473 -21.994798508
290.636413704 -25.5099790894
285.920446584 -28.7524633253
280.799262948 -31.6757804843
275.258871784 -34.2288784476
269.306996994 -36.358160661
262.980738182 -38.0109539607
256.351589152 -39.1403487926
249.524653428 -39.7107754669
242.629935954 -39.7030597939
235.806530466 -39.117451696
229.183974546 -37.9735835469
222.866579634 -36.3073732937
216.924932923 -34.165937223
211.395297539 -31.602020296
206.284738041 -28.6691864106
201.57881001 -25.4183882863
197.249251306 -21.8959640732
193.260280845 -18.1427819804
189.573097162 -14.1941625385
186.148732688 -10.0802520619
182.949630243 -5.82661156452
179.940315998 -1.45487292388
177.087466591 3.01661952844
174.359573266 7.57221970143
171.726319152 12.1984534659
169.157712014 16.8835503308
166.62294775 21.6170182867
164.088907476 26.3892394127
161.518094189 31.191054711
158.865662125 36.0132916281
156.074924532 40.8461596626
153.070226837 45.6783840937
149.745096688 50.4958340217
145.941596206 55.2791555886
141.41263727 59.9993638898
135.75030346 64.6090110284
128.24698209 69.0232234787
117.645152627 73.0769454803
101.888142301 76.4325558047
79.1236158177 78.4559806945
65.8272324917 76.2080693508
44.2032680133 75.2598730434
26.7654453912 72.7720790339
14.0567797297 69.2955009911
4.84026158737 65.2476881456
357.908950918 60.8711448294
352.451485977 56.299818881
347.961822427 51.6100466444
344.122504748 46.8479270075
340.728000932 42.0432108109
337.639808594 37.2164979537
334.760469804 32.3831417454
332.01822133 27.5554883341
329.357631873 22.7442458273
326.733673081 17.9593869568
324.107806014 13.2108010431
321.445277376 8.50881750201
318.713157611 3.86467524751
315.87884673 -0.709012805365
312.908892979 -5.19776469829
309.768052985 -9.58467703026
306.418593839 -13.8497962299
302.819914745 -17.9694058374
298.928661305 -21.915242297
294.699626373 -25.6536881499
290.087869002 -29.1450533231
285.052592994 -32.3431503901
279.563296728 -35.1954957936
273.608333714 -37.644594245
267.205066814 -39.6308014662
260.409211159 -41.0970641668
253.319321662 -41.9952684105
246.07212801 -42.2930459381
238.827031228 -41.979126823
231.743118563 -41.0653515097
224.956287009 -39.5845572748
218.564000825 -37.5851629795
212.620901425 -35.1243536831
207.143477387 -32.261763835
202.11947284 -29.0547853753
197.518022846 -25.555750432
193.298156599 -21.8106806961
189.414884418 -17.859107165
185.823023927 -13.7345056826
182.479281072 -9.46501974202
179.343125727 -5.07426754988
176.376889926 -0.582124636475
173.545379166 3.99456567145
170.815167086 8.64136572943
168.153648863 13.3456929625
165.527851799 18.0963259491
162.902929612 22.8829401625
160.240182646 27.6956376083
157.494325387 32.5244205976
154.609525765 37.3585342535
151.513396904 42.1855535017
148.107497974 46.9899948283
144.251744335 51.7510408726
139.737993799 56.4385662274
134.244399469 61.0058001182
127.257562049 65.3751503762
117.954844854 69.4102683835
105.118508205 72.8642843003
87.5294901454 75.3138030228
56.2377946233 73.5118443156
38.5898756042 71.9439163096
24.4211608334 69.1802842538
13.6325204466 65.6276287423
5.39580984371 61.5846591072
358.931619282 57.2374977884
353.678824438 52.698151801
349.260264275 48.0354035677
345.423526206 43.2933171878
341.996223281 38.5016240097
338.856942197 33.6815733038
335.917010477 28.8493300218
333.109000788 24.0180363223
330.379325743 19.1991330813
327.683317673 14.403267473
324.981831334 9.64097220355
322.23878896 4.92322791694
319.419313667 0.261980781149
316.48823673 -4.32933392911
313.40885775 -8.835223047
310.141911027 -13.2374896976
306.644766362 -17.5144861594
302.870985724 -21.6402539175
298.770484963 -25.58356486
294.29072205 -29.3069265239
289.379536995 -32.7657009645
283.990430183 -35.9076238715
278.090994181 -38.6731930806
271.674561725 -40.9975677635
264.773514338 -42.8146316245
257.470174249 -44.0634850394
249.899074788 -44.6966702467
242.23527688 -44.6881434886
234.668990557 -44.0382474031
227.374503924 -42.773641826
220.485087182 -40.9422231711
214.081698197 -38.6051130784
208.19555496 -35.8284589054
202.819161778 -32.6770006907
197.919614224 -29.2100693839
193.450174527 -25.4797347471
189.358616887 -21.530446181
185.592432901 -17.3995285463
182.101619458 -13.1180687934
178.839833456 -8.71191095555
175.764533243 -4.20261273696
172.836523268 0.391697547443
170.019147274 5.05557674326
167.277248601 9.77562339763
164.575923652 14.5399105308
161.879019806 19.3374626117
159.147254454 24.1577372575
156.335737319 28.9900603659
153.390536766 33.8229417884
150.243700693 38.6431583953
146.805754932 43.4344158821
142.954048658 48.1752573874
138.514261346 52.8356114265
133.230944825 57.3708409001
126.722274077 61.7111729464
118.420652158 65.7428754576
107.540823067 69.2769650665
93.2611184716 72.0109193569
75.5248603589 73.5363021077
65.9092698211 71.2749488779
49.1807771004 70.5444785078
34.4694132098 68.5403931395
22.5370334581 65.576493192
13.130907622 61.9588116164
5.67291600084 57.9118687022
359.627708062 53.5833492982
354.590427195 49.067977021
350.273115377 44.4273690955
346.472857469 39.7029274144
343.044742359 34.9236623886
339.882698971 30.110911098
336.906597823 25.2812408395
334.053630137 20.4483009271
331.272464573 15.6240633715
328.519177719 10.8197100889
325.754310452 6.04632244817
322.940634909 1.31547260875
320.041366127 -3.36021478856
317.018651837 -7.96647853637
313.832248212 -12.486771006
310.438358543 -16.9015045289
306.78869484 -21.1871626822
302.829940817 -25.3152594918
298.503971686 -29.2511619243
293.74943841 -32.9528577719
288.505631416 -36.369874482
282.719777735 -39.4427548451
276.358761884 -42.1037624624
269.425089189 -44.2797222699
261.974134855 -45.897835236
254.125776108 -46.8945533107
246.061210912 -47.2260038535
237.999544186 -46.8766989863
230.159349615 -45.8629105227
222.720454267 -44.2291262357
215.801034142 -42.0392488459
209.454915154 -39.3661773564
203.683464212 -36.2830003178
198.45287439 -32.8572635161
193.710040508 -29.1481957297
189.394160364 -25.2060450093
185.443928909 -21.072624061
181.801329345 -16.7823989903
178.41317201 -12.3637216349
175.231288112 -7.84000399871
172.211978496 -3.2307549929
169.315067434 1.44753471546
166.5027361 6.18064221843
163.7381932 10.9559646701
160.98415771 15.7619362277
158.201059539 20.5874660504
155.34478914 25.4213449425
152.363726477 30.2515513805
149.19462848 35.0643562003
145.756718323 39.8430678458
141.9429596 44.5661564064
137.606998892 49.2043084606
132.543779583 53.7156371881
126.462266629 58.0377372831
118.953633221 62.0746056215
109.479063486 65.676572926
97.4629293421 68.6165088141
82.6723525431 70.5864942505
58.2910293257 68.6731229305
43.8137722868 67.4054921609
31.2790132633 65.0807686134
20.9630151298 61.9631098835
12.6022771906 58.2887995148
5.77767264653 54.2329519401
0.103860618674 49.9158066699
355.278441625 45.4183844216
351.076600059 40.7958568884
347.333090984 36.0867782195
343.925330191 31.3190493646
340.760477037 26.5137242395
337.766187705 21.6874722339
334.88409659 16.8542207645
332.065177577 12.0263024294
329.266356468 7.21530876541
326.447936797 2.43278033532
323.571540185 -2.30917857601
320.598359311 -6.9972951976
317.487592372 -11.6164795387
314.194988852 -16.149082853
310.671504907 -20.5740170331
306.862164648 -24.8656937254
302.705380703 -28.9927578428
298.133240334 -32.9166317533
293.073641501 -36.5899788294
287.455636725 -39.9553740471
281.219697262 -42.9447674889
274.334245509 -45.4807215306
266.817648479 -47.4807049743
258.760056119 -48.865465074
250.333505875 -49.5710637553
241.777529354 -49.5615942942
233.357675701 -48.8375346607
225.312161112 -47.4356291764
217.810972374 -45.420360795
210.942205981 -42.871194128
204.722649745 -39.8706085421
199.119747574 -36.4958347233
194.07349664 -32.814654532
189.512814041 -28.8842242455
185.365653211 -24.7516414236
181.564244472 -20.4552850061
178.047168457 -16.0263519788
174.759608 -11.4903089076
171.652651581 -6.86815292685
168.682146572 -2.1774674675
165.807350544 2.56670130538
162.989473726 7.35110590903
160.190108817 12.1636504561
157.369476223 16.9927861161
154.484351731 21.8268949676
151.485472248 26.653596266
148.314117253 31.4588858962
144.89742317 36.225977616
141.141795405 40.9336412289
136.923563686 45.5537083645
132.07594174 50.0472146949
126.372013064 54.3583542155
119.506811354 58.4051312105
111.09279762 62.0658690324
100.711798819 65.1635913192
88.1102045884 67.4603865008
73.587364805 68.6925137425
65.9571997832 66.4309286754
52.2158731184 65.8320428124
39.5997253646 64.1513220958
28.7127648421 61.5817139128
19.6165899227 58.3413998592
12.0758695312 54.6173350421
5.77686804831 50.5500456424
0.431859193486 46.2394481996
355.808404758 41.7555767603
351.727418009 37.1479328376
348.052533073 32.4522619831
344.679191969 27.6951616786
341.52574077 22.8971662052
338.52669125 18.0748321002
335.627726772 13.2421872951
332.781973507 8.41178399039
329.947139671 3.59551393906
327.083222481 -1.19470545466
324.150562758 -5.94629510695
321.108088536 -10.6453646639
317.911639418 -15.2759921045
314.51231549 -19.8193760222
310.854866955 -24.2528027236
306.876262288 -28.5483726162
302.504788495 -32.6714475862
297.660407992 -36.5788351412
292.257677285 -40.2168553251
286.213277676 -43.5197013079
279.460734292 -46.4089572736
271.97409451 -48.795727677
263.798277918 -50.5871959304
255.075443163 -51.6987133487
246.048374964 -52.0698385227
237.025417516 -51.6788413302
228.313980273 -50.5485504772
220.1545234 -48.7402162612
212.686519479 -46.3388759965
205.952682157 -43.4373640057
199.92565044 -40.1243608604
194.538257293 -36.4779685523
189.706979386 -32.5636702457
185.346440528 -28.4348571691
181.376792222 -24.13448354
177.726543936 -19.6969999174
174.332874096 -15.1501630768
171.140709326 -10.5165811314
168.101284423 -5.8149802394
165.170529398 -1.06123197109
162.307417276 3.73080295163
159.472286389 8.54855668896
156.625079394 13.3801055719
153.72338932 18.2135332755
150.72015239 23.0362419008
147.560765397 27.8341311747
144.179324595 32.5905361757
140.493585751 37.2847629567
136.398165141 41.8899789352
131.755567024 46.3700905485
126.385227883 50.6750795895
120.052978622 54.7341518299
112.469625089 58.446314162
103.321752302 61.6696661996
92.3792392735 64.2159261589
79.7169840389 65.8666240047
59.5959705159 63.8875900811
47.3051721081 62.8193555245
36.200851856 60.8153175329
26.5923335697 58.0528764449
18.4488113451 54.712137905
11.5700598516 50.9442399487
5.7148678286 46.8645181184
0.661971612758 42.5573902596
356.228362133 38.0839704412
352.268791789 33.4888146563
348.669261982 28.8050054092
345.339770818 24.0577599453
342.208034011 19.2669478258
339.214481358 14.448860927
336.308363978 9.61749089805
333.444701784 4.78549333684
330.58181494 -0.0350354686545
327.679226431 -4.8318773811
324.695765798 -9.59203438871
321.587740704 -14.3010300053
318.307078127 -18.9421072463
314.799383093 -23.4952556635
311.00194332 -27.9359930243
306.841864979 -32.233824958
302.234829199 -36.3503237419
297.08551645 -40.2368383912
291.291659745 -43.8320353441
284.754888274 -47.0598702202
277.402296385 -49.8292942488
269.220888837 -52.037889775
260.299233293 -53.5819852567
250.856195807 -54.3740711454
241.226984557 -54.3634647501
231.793535317 -53.5508506173
222.888720976 -51.9880694934
214.727991246 -49.7632915118
207.396824203 -46.9803343726
200.880163739 -43.741410967
195.104069923 -40.137204733
189.969853767 -36.2433675979
185.375326116 -32.1208812102
181.22541781 -27.8181083328
177.436105156 -23.373252588
173.934771432 -18.816639931
170.658937161 -14.1726295482
167.5543878 -9.46114492137
164.573177943 -4.69888480609
161.671691723 0.0997090987448
158.808784911 4.92165352769
155.943955086 9.75472669916
153.035440573 14.5868102109
150.038113786 19.4052058965
146.900997805 24.1958547522
143.564191919 28.9423652694
139.954948756 33.6247240066
135.982633167 38.2175071691
131.532405069 42.6873355679
126.457953226 46.989227429
120.575061234 51.0614643081
113.661445798 54.8187997009
105.475949069 58.1448550259
95.821221417 60.8874267761
84.6742738121 62.8658821641
72.3568608433 63.9037399971
65.9891668142 61.6381026398
54.2868581164 61.1286185238
43.2759330207 59.6798937921
33.4007391618 57.4181567684
24.8076742351 54.5002751297
17.4291063721 51.0758900952
11.0973172639 47.2694505708
5.62264760915 43.1773507099
0.830782006273 38.8718970944
356.57465829 34.4068705533
352.734569066 29.8225209377
349.214035603 25.1494563362
345.934851727 20.411505372
342.832550596 15.627788179
339.85260968 10.8142251711
336.947350967 5.98466550476
334.073381754 1.15177102134
331.189403677 -3.67224283645
328.254229696 -8.47492948962
325.224866731 -13.2429286155
322.054539361 -17.9612122944
318.690552068 -22.6121883716
315.07192853 -27.1745778116
311.126858703 -31.6219677812
306.770191359 -35.9209321241
301.901648846 -40.0286274732
296.406298589 -43.889867173
290.160293349 -47.4339498327
283.046879266 -50.5721431933
274.988778197 -53.1978441995
265.999048514 -55.1927861982
256.237150367 -56.4427682592
246.032667959 -56.8624671627
235.834231617 -56.420427353
226.088733391 -55.1496894225
217.121648715 -53.1366419895
209.088132217 -50.495858501
201.998179778 -47.34544815
195.772930233 -43.7915937959
190.295121857 -39.9225483108
185.440991024 -35.8085794996
181.095938751 -31.5045218355
177.160081519 -27.0529487217
173.548634656 -22.4870865246
170.190093956 -17.8332041168
167.023720893 -13.1124798192
163.996992554 -8.34243856686
161.063246385 -3.5380675689
158.179546972 1.28729164875
155.30471182 6.12119193858
152.397392801 10.9513986228
149.414088142 15.7652108024
146.306942041 20.5487171922
143.021171101 25.2859063154
139.491945095 29.9575286969
135.640568915 34.5395740248
131.369928828 39.0011798637
126.559535913 43.3017416821
121.061462731 47.3869900388
114.700663804 51.1839661613
107.287423495 54.595465619
98.6556730661 57.4961833854
88.7424976377 59.7359054379
77.7025295822 61.1580581501
60.514289364 59.1273013678
49.8323903746 58.2028801774
39.924329547 56.4437594695
31.0569673876 53.9732789894
23.2878069194 50.9279274722
16.5377890257 47.4331510884
10.6668220504 43.5930355729
5.52292744881 39.4893529784
0.965980741701 35.1847489755
356.875718128 30.7269029616
353.152058098 26.1523079258
349.712402997 21.4892959995
346.488157589 16.7603367491
343.421374382 11.9837549388
340.461805112 7.17502372514
337.564368182 2.34776534636
334.686939355 -2.48543588112
331.788340265 -7.31232445281
328.826391925 -12.1202972088
325.755899531 -16.895692329
322.526435818 -21.6229723146
319.079797994 -26.2837166788
315.347047204 -30.8553188468
311.245145028 -35.3092544307
306.673478003 -39.6087645391
301.511205782 -43.7058087617
295.617721372 -47.5372671479
288.840973746 -51.020783234
281.041794019 -54.0516401638
272.143846496 -56.503898483
262.209663207 -58.2410579234
251.512502284 -59.1406405676
240.535964662 -59.1286028541
229.853096194 -58.2059638262
219.943098979 -56.4484057876
211.073344714 -53.9791650081
203.30175566 -50.9347042819
196.54951137 -47.4404916766
190.676610835 -43.6006539274
185.531080506 -39.4970063913
180.97276277 -35.1922335
176.881349189 -30.7340473705
173.156714319 -26.1589683275
169.716221698 -21.4953516897
166.491243201 -16.765687255
163.423803708 -11.9883180322
160.463631417 -7.17873417348
157.565624051 -2.35057421723
154.687638336 2.48356148721
151.78847737 7.3114013127
148.825942959 12.1203255489
145.754819203 16.8966550277
142.524654487 21.624833645
139.077216901 26.2864204378
135.343532067 30.8587856347
131.240518214 35.3133777627
126.667510314 39.6134054165
121.503610966 43.7107884167
115.608160664 47.5423581753
108.829085162 51.0257008111
101.027269829 54.0560383865
92.1265807419 56.5073822658
82.1899509035 58.2432248887
71.4911759584 59.1411589448
66.0123973326 56.8619816705
55.8142067092 56.4182755852
46.0699322203 55.1459806993
37.1047062515 53.1316137065
29.0733034898 50.4898116397
21.9854378596 47.3386932177
15.7620939527 43.7844195251
10.2859530673 39.9152093618
5.43325087848 35.8012950081
1.08941372607 31.4974785151
357.154592018 27.0463050845
353.544035208 22.4809767457
350.186270077 17.8277410859
347.020585166 13.1077573595
343.99448107 8.33853294542
341.061315988 3.53503844428
338.178173488 -1.28940072093
335.30388931 -6.12235336298
332.39713392 -10.9516009489
329.414425697 -15.7644592487
326.307931951 -20.5470345758
323.022897036 -25.28333452
319.494525155 -29.9541309015
315.644164648 -34.535438027
311.37475656 -38.9964229705
306.565879121 -43.2965177551
301.069681084 -47.3814992072
294.711187399 -51.1784670134
287.30070784 -54.5902873161
278.672075099 -57.4917295167
268.762041378 -59.7326323752
257.724620903 -61.1564064474
246.012494593 -61.6383826535
234.309733672 -61.1309065469
223.296913538 -59.6840175458
213.419034187 -57.4237783494
204.82312028 -54.5070005043
197.441918898 -51.0833440214
191.107860045 -47.2773076684
185.631297807 -43.1853395897
180.837872378 -38.879793759
176.580461468 -34.4144897055
172.739299939 -29.8297084491
169.217859573 -25.156083605
165.937893585 -20.417465398
162.834902133 -15.6329929696
159.85433556 -10.8186041193
156.948492919 -5.98816446482
154.073961278 -1.15435189695
151.18942343 3.67060210654
148.253673692 8.47423460009
145.223699382 13.2431682176
142.052703368 17.9623569221
138.687965103 22.6141888674
135.068478754 27.1773630899
131.122399351 31.6254417159
126.764535275 35.9249693245
121.894565159 40.0330677947
116.397516351 43.8945091681
110.149521292 47.4385443083
103.033855984 50.5763900863
94.9733674517 53.2013993044
85.981376072 55.1952873107
76.2177283606 56.4438876106
61.2078951846 54.362114082
51.7750596862 53.5480061652
42.8715626327 51.9838818424
34.712561499 49.757999641
27.3832581995 46.9742156983
20.8684047683 43.7347435899
15.0939591794 40.1302463657
9.96119577423 36.236347265
5.36792685106 32.1139981823
1.21910299112 27.8115342058
357.430726836 23.3671342253
353.930208663 18.8111022351
350.655094166 14.1677776999
347.551191442 9.45706603658
344.570575406 4.69564907356
341.669648803 -0.102047709884
338.807285129 -4.92305691659
335.942999765 -9.75517259431
333.035050018 -14.5862924384
330.038329817 -19.4037349976
326.901887961 -24.1934590531
323.56585585 -28.9390925891
319.95752742 -33.62064431
315.98632153 -38.2127166402
311.53746859 -42.6819628022
306.464746766 -46.983442672
300.584044088 -51.0554926587
293.673174368 -54.8129381961
285.491004794 -58.1394896221
275.840004031 -60.8830353181
264.696619685 -62.8629939298
252.381656647 -63.9028215995
239.621233922 -63.8888839642
227.328824034 -62.8227861338
216.221549017 -60.8205507483
206.609663839 -58.0594669069
198.462980618 -54.7196483861
191.581524969 -50.9522941934
185.724115463 -46.8728088676
180.669427196 -42.5656696612
176.234367868 -38.0920373998
172.273612237 -33.496504206
168.673097392 -28.8121810108
165.342770452 -24.0643082805
162.210307113 -19.2727754324
159.216105427 -14.4538921202
156.309390671 -9.62166657598
153.445160875 -4.78877040415
150.581716695 0.0326842251545
147.678562669 4.83046305479
144.694509793 9.59155138476
141.585846026 14.3014551233
138.304476479 18.9433983501
134.79598125 23.4973498317
130.99761944 27.9388040405
126.836464986 32.2372399945
122.228164842 36.3541991606
117.077368269 40.240994848
111.281790835 43.8362530186
104.743077847 47.0638862921
97.3884029191 49.8328068264
89.204944088 52.0405746364
80.2815420135 53.583531246
70.8373784705 54.3742325193
66.0303492689 52.069149192
57.0075252234 51.6767628447
48.2969088327 50.5451551236
40.138769547 48.7356756879
32.672346347 46.3334221949
25.9401535427 43.4312516406
19.9146977099 40.1178406023
14.5287427248 36.4712724456
9.69874117924 32.5570058344
5.3393193389 28.4284065958
1.37064436268 24.12840489
357.721246529 19.6914292501
354.328325999 15.1452164008
351.136830165 10.5123560374
348.098013061 5.81155712859
345.167822543 1.05867490378
342.3052486 -3.73244573648
339.470646405 -8.54925254341
336.62397628 -13.3798374824
333.722850954 -18.2123002006
330.720229951 -23.0340594754
327.561539078 -27.8310329234
324.180912219 -32.5865754862
320.496155389 -37.2800162307
316.401953053 -41.884550588
311.760901958 -46.3641208974
306.392560551 -50.6687571122
300.062907301 -54.7277314425
292.482886507 -58.4401417472
283.339100581 -61.6642029029
272.401084434 -64.2117475385
259.742758399 -65.8643422416
245.984915356 -66.4310022043
232.242718539 -65.8345693275
219.623468827 -64.1560134623
208.732510064 -61.5880715512
199.632474758 -58.3489054898
192.088473887 -54.6255445368
185.786834617 -50.558605494
180.439743187 -46.2480814858
175.814642444 -41.7640643828
171.732338574 -37.1560983234
168.05638041 -32.4599608977
164.682144895 -27.7022747186
161.527928865 -22.9035948592
158.528206437 -18.0804960173
155.628631436 -13.2470227782
152.782305994 -8.41574323881
149.946917784 -3.59856481085
147.082445437 1.19257929346
144.149211907 5.94509370864
141.106127029 10.6450710122
137.909010974 15.2765709833
134.508942428 19.8207724744
130.850647754 24.2549400106
126.87106926 28.55114959
122.498466739 32.674735447
117.652777878 36.5824737409
112.248544332 40.220649613
106.202455648 43.5234193604
99.4480880558 46.4123326878
91.9596051436 48.7984706011
83.7821185627 50.5890172315
75.0580307865 51.6993628138
61.7603835513 49.5601689034
53.3409305383 48.8348587462
45.296335973 47.4318093608
37.7964138802 45.4155769769
30.9290798852 42.8656671563
24.7109777141 39.8645720444
19.1094584525 36.4895159373
14.0644715626 32.8082638188
9.50491805707 28.8779507366
5.35875420249 24.745652184
1.55822291459 20.4497258463
358.041921536 16.0213488289
354.75505066 11.4859692072
351.648716157 6.86456680473
348.678781981 2.17470864368
345.804521601 -2.56857489127
342.987160942 -7.35205172144
340.18830894 -12.1636412231
337.368203781 -16.9918099318
334.483641954 -21.8249556818
331.485385891 -26.650714261
328.314748132 -31.4550994395
324.898909662 -36.2213451159
321.144337738 -40.9282449556
316.927449506 -45.5476605831
312.081582533 -50.0406677677
306.379991332 -54.3515170789
299.517925754 -58.3982952406
291.108052515 -62.0594443602
280.732188881 -65.1581424863
268.13604695 -67.4566199962
253.617245438 -68.6911239952
238.321577565 -68.674481923
223.841422005 -67.4094437027
211.301926098 -65.0867736685
200.981116001 -61.9705431
192.616308286 -58.2971228945
185.788507701 -54.2417502574
180.112242792 -49.9247666543
175.284937551 -45.4272661751
171.081624372 -40.8044717394
167.336942746 -36.0949740335
163.928224018 -31.326701369
160.762566167 -26.5207294591
157.767580172 -21.6937462038
154.884866279 -16.8596956714
152.065371626 -12.0309261632
149.266000069 -7.21904457076
146.447036121 -2.43560688167
143.570083894 2.30726679958
140.596318972 6.99628720106
137.484922005 11.6163468589
134.191623807 16.1497782563
130.66736036 20.5754728396
126.857134188 24.8678197075
122.699335897 28.9954386977
118.126032847 32.9197242888
113.065110394 36.5933093053
107.445624763 39.9587366758
101.208080665 42.9479259809
94.3209795774 45.4834165908
86.802823991 47.4826710796
78.7439474371 48.8664581926
70.3165788632 49.5708966172
66.0448957166 47.2251127366
57.9832969342 46.8746526626
50.1436663913 45.8597581386
42.7057208263 44.2249945582
35.7874904031 42.0343181924
29.4426631053 39.3606557085
23.6725010526 36.2771021812
18.4431312431 32.851195854
13.7014149237 29.142150213
9.38653898004 25.2001946531
5.43720122848 21.0671224077
1.7953951134 16.7773805366
358.407944567 12.3593027264
355.226695494 7.83628378885
352.207963484 3.22781628333
349.311587277 -1.44962481708
346.499762385 -6.18183183512
343.735712211 -10.9562168824
340.982171552 -15.7612289928
338.199588391 -20.5857923381
335.343875106 -25.4187131529
332.363439801 -30.24798617
329.195077311 -35.0598999541
325.758063949 -39.8377832143
321.94544018 -44.5601306537
317.610966264 -49.1976609552
312.549754989 -53.7085323879
306.471018669 -58.0304071896
298.96626115 -62.0673873666
289.496988532 -65.6699646953
277.48748291 -68.6112238109
262.70346255 -70.5834153731
245.943793266 -71.2748161629
229.213457897 -70.5474236089
214.496601984 -68.5458905439
202.558079266 -65.5837773794
193.14675925 -61.9672092451
185.684806215 -57.9208788103
179.636663504 -53.5926119023
174.597200343 -49.0772279328
170.278235782 -44.4364068536
166.476694441 -39.7115926637
163.047553863 -34.9318256773
159.884665566 -30.1184657954
156.907845318 -25.2880990911
154.054244533 -20.4543914181
151.272501848 -15.6293301891
148.518670164 -10.8241122735
145.753270645 -6.04983400056
142.939058034 -1.31808282445
140.039231074 3.3585007185
137.015921407 7.96563867675
133.828868681 12.4867655699
130.434258864 16.902274485
126.7837859 21.1886280556
122.824115415 25.3173173752
118.497106392 29.25368432
113.741399098 32.9556895982
108.496285059 36.3728324597
102.709013502 39.4456285711
96.3465235287 42.1063196765
89.4114166585 44.2817207367
81.9592046956 45.8990429286
74.1099207781 46.8947757453
62.2196364263 44.6866269853
54.6536151652 44.0356915938
47.3597816409 42.7701238366
40.4713014615 40.9378801076
34.0690139748 38.6001210595
28.1840325413 35.8230126001
22.8087845874 32.6712972851
17.9103179321 29.2042980388
13.4418707602 25.4740707093
9.35120974564 21.5250480872
5.58582919357 17.39453761
2.09573438238 13.1136089515
358.834593374 8.70808941431
355.759876797 4.19952061287
352.832401718 -0.393984638511
350.015524607 -5.05699820867
347.274101841 -9.77613332241
344.573243668 -14.5394774717
341.876812968 -19.3360695457
339.145545553 -24.1553817223
336.334574397 -28.9867548726
333.389998893 -33.8187146601
330.243910409 -38.6380553148
326.806898283 -43.4285026725
322.956407811 -48.1686250004
318.518268133 -52.8283849963
313.237267903 -57.3631964309
306.73195276 -61.7033683351
298.435259094 -65.7353068807
287.562469916 -69.2702575968
273.291592509 -72.0060115305
255.562861163 -73.534306705
236.276847471 -73.5134106195
218.623040042 -71.9486898606
204.446272592 -69.1873280761
193.65075364 -65.6360646002
185.408990473 -61.5938610126
178.941223479 -57.2470439461
173.685878232 -52.7077495466
169.26545429 -48.0448384401
165.427311506 -43.3024236028
161.998913929 -38.5102690426
158.85874978 -33.6896477781
155.918079924 -28.8567436318
153.109430449 -24.0247150216
150.379180144 -19.2050177783
147.682635641 -14.4083135084
144.980631129 -9.64514931821
142.237071393 -4.92652054952
139.417063849 -0.26438861413
136.485424846 4.32779521156
133.405439176 8.83452079584
130.137826078 13.2375731232
126.639940039 17.5152849398
122.865327991 21.6416766166
118.763892399 25.5854972608
114.28308215 29.3092301308
109.370736903 32.7682121994
103.980371934 35.9101548823
98.0796180277 38.6755355724
91.6618768115 40.9995016008
84.7596310552 42.8159396647
77.4553261302 44.0639740791
69.8836143882 44.6961949484
66.0571506269 42.2919554308
58.8120816216 41.9770846977
51.7285610066 41.062391718
44.9424203791 39.5807746692
38.5510320479 37.5806984519
32.608943003 35.1193765429
27.1325624005 32.2564556123
22.1095774004 29.0493275008
17.5090880469 25.5503161901
13.2901060074 21.8054306374
9.40763630735 17.8541868758
5.81649900347 13.7300449717
2.47340692414 9.46113258484
359.337839155 5.07105238066
356.372138038 0.579664756648
353.541119905 -3.99620168732
350.811369622 -8.64212368481
348.150294219 -13.3455327711
345.524934025 -18.0952214633
342.900457876 -22.8808791203
340.238184768 -27.6926217445
337.492853638 -32.520466009
334.608666315 -37.353672191
331.513285372 -42.1798319147
328.108345465 -46.9834812875
324.253882122 -51.743828113
319.741951798 -56.4307828571
314.251045636 -60.9976318945
307.268342226 -65.3668835509
297.972123729 -69.4023775373
285.145636893 -72.8575893805
267.5687595 -75.3096059625
245.87372715 -76.2077337688
224.245109977 -75.2635925688
206.796474659 -72.778764463
194.078233745 -69.303945975
184.855028725 -65.2570727901
177.919265952 -60.8809630151
172.458792079 -56.3097449398
167.967023686 -51.6198538955
164.12617427 -46.8574455349
160.730510086 -42.0523060487
157.641402961 -37.2250596915
154.76131386 -32.3910784236
152.018425211 -27.5627241165
149.357267738 -22.750719189
146.732785275 -17.9650501354
144.106417421 -13.2156200031
141.443393344 -8.51277222618
138.710768282 -3.86776025606
135.875928305 0.706787756823
132.905408276 5.19637376065
129.76395161 9.58407724854
126.413812295 13.8499263844
122.81437691 17.9701851703
118.92227993 21.9165692126
114.6923065 25.6554390902
110.079514558 29.1470822042
105.043118014 32.3452892623
99.5526423806 35.197557725
93.5964910019 37.6463796967
87.1921018536 39.6321093341
80.3952857176 41.0977077987
73.3046982667 41.9950950183
62.6154863449 39.7014414698
55.7922553392 39.1149817071
49.1701658703 37.9703182468
42.8534654358 36.3034177637
36.9126636198 34.1614319052
31.3839489599 31.5971262769
26.2743254969 28.6640724961
21.5693061726 25.4132214491
17.2406027938 21.8909032183
13.2524212624 18.1379742889
9.56595627329 14.1897415687
6.14224233092 10.0763369385
2.94372786711 5.82330677835
359.934946625 1.45226844167
357.082583869 -3.01844802335
354.355140095 -7.57321053327
351.722308258 -12.1985587043
349.154106781 -16.8827355669
346.619743633 -21.6152624661
344.086114404 -26.3865347499
341.515740568 -31.187406732
338.863801472 -36.0087194351
336.073646531 -40.8406965955
333.069676182 -45.6720791404
329.745506169 -50.4887546817
325.943347088 -55.2713936912
321.416374188 -59.9910477318
315.757161314 -64.6003318468
308.259036169 -69.0144961802
297.666198604 -73.0687514744
281.924014265 -76.4260410713
259.176449621 -78.4530731445
232.4858983 -78.4243324153
209.914210452 -76.3527932526
194.334792101 -72.9708786623
183.843702163 -68.9038902942
176.405460982 -64.4827709632
170.782396202 -59.8693742726
166.278116045 -55.147106049
162.490674196 -50.3627088365
159.176230982 -45.5448075226
156.178688427 -40.7125629733
153.392658175 -35.8799999464
150.74314511 -31.0583357015
148.173872062 -26.257332881
145.64024874 -21.4861559508
143.104933945 -16.7539705419
140.534896913 -12.0704135297
137.899373365 -7.44600739225
135.168374849 -2.89256483952
132.311560635 1.57638505961
129.297377256 5.94512706103
126.092442835 10.1952316765
122.661220463 14.3049641163
118.966098991 18.2486415606
114.968086711 21.9959774417
110.62841824 25.5114961048
105.911450242 28.7541682529
100.789210098 31.6775055791
95.2477432394 34.2304432256
89.2948295245 36.359380242
82.9676422243 38.0116513594
76.3377576578 39.1403704359
69.5103544993 39.7100075246
66.0678310633 37.2253131261
59.5400130904 36.9416877726
53.1316604163 36.1157356174
46.9462095065 34.7719658159
41.0628204574 32.9472418809
35.5321917608 30.6863202126
30.3778492204 28.0374088277
25.6009623734 25.0485271475
21.1864819566 21.7649885499
17.108975063 18.2279618873
13.3373298294 14.4738793328
9.83812018473 10.5344158341
6.57776465003 6.43680401967
3.5237391873 2.20431337399
0.645105118318 -2.14321597683
357.912560371 -6.58884733242
355.298155728 -11.1180596449
352.774753743 -15.7183078523
350.315248888 -20.378628764
347.891507385 -25.0892817958
345.472911605 -29.8414070533
343.024284995 -34.6266748191
340.502788089 -39.4368862964
337.853031163 -44.263458106
334.998963294 -49.0966666899
331.829650993 -53.924405967
328.172817359 -58.729926084
323.742277317 -63.4873044582
318.025898029 -68.1514359891
310.031105404 -72.6334371556
297.708254036 -76.7338176271
277.130224802 -79.9605499614
245.721739703 -81.2740909011
214.525140301 -79.8958847028
194.219807725 -76.6359842021
182.048393 -72.5212774669
174.13142173 -68.0325039887
168.457533194 -63.3647509467
164.051840632 -58.6052272834
160.410315315 -53.7983384872
157.250733995 -48.9696876576
154.402894925 -44.135870455
151.757017468 -39.3089184957
149.237720891 -34.4985233453
146.790016848 -29.7132614573
144.371308705 -24.9613412601
141.946563954 -20.2511144778
139.485244058 -15.5914734896
136.959249316 -10.9922012649
134.341475636 -6.46431353312
131.604762698 -2.02041886906
128.721120711 2.32488599923
125.661195949 6.55457515488
122.393995279 10.6487044682
118.886949141 14.5838850127
115.106456625 18.3327500079
111.019122817 21.8634789552
106.593950438 25.1394902972
101.805744241 28.1194757923
96.6398553908 30.758014513
91.0980416974 33.0070413915
85.2045929054 34.8183996405
79.0110740987 36.1475122271
72.5974729081 36.9578372569
62.9680340035 34.5559253112
56.8113266421 34.027147143
50.8049764585 32.9918741096
45.0305124198 31.4771841218
39.5476541353 29.5193780393
34.3926952779 27.1602327169
29.5805612152 24.4435136071
25.1090023136 21.4122224068
20.9634243238 18.1067346213
17.1213274211 14.5637514915
13.5558556855 10.8158808843
10.2383497732 6.89164393335
7.14000909293 2.81573519708
4.23284770895 -1.39058951364
1.49012738865 -5.70907996904
358.886414971 -10.1240615165
356.397364214 -14.6220331389
353.999274655 -19.191303102
351.66843261 -23.8216619933
349.380186407 -28.5040864967
347.107636763 -33.2304618936
344.81970953 -37.9933047528
342.478172792 -42.7854562395
340.032756321 -47.5996945494
337.41267656 -52.4281675929
334.510923903 -57.2614369459
331.152852826 -62.0866458189
327.027476668 -66.8835428766
321.51969618 -71.61459395
313.243309666 -76.1959952055
298.585176138 -80.39410689
268.422523148 -83.4120511667
222.841962315 -83.3638760573
193.224912839 -80.2951382919
178.814571844 -76.0811073876
170.639508107 -71.4937447722
165.179518407 -66.7599261587
161.079570135 -61.96153225
157.736169487 -57.1354304125
154.843281287 -52.3016039946
152.228621287 -47.4727932381
149.786406066 -42.658386688
147.446530006 -37.8662200406
145.159113722 -33.103517879
142.886154962 -28.3774544376
140.596712877 -23.6955381471
138.263960377 -19.0659170791
135.863277029 -14.4976559937
133.370951614 -10.0010141774
130.763265405 -5.58774240275
128.01583931 -1.27141086776
125.10319862 2.93222538781
121.998561815 7.00482362416
118.673907346 10.9250229971
115.100419954 14.6680120894
111.249465021 18.2051437494
107.094275074 21.5036807572
102.612531705 24.526799584
97.7899450398 27.2340257587
92.6247143491 29.5823044146
87.1323570357 31.5278896125
81.3498609345 33.0291227702
75.3376516605 34.049936487
69.1778462897 34.5635981745
66.077436275 31.9699213358
60.1997329493 31.7146043997
54.4112463301 30.9696110342
48.7910727408 29.7532492686
43.4029368645 28.0935253796
38.2917749521 26.0252422981
33.4835501862 23.5869379288
28.9874813791 20.8181713053
24.79954575 17.7574384497
20.9062532538 14.4407827831
17.288038766 10.9010204017
13.9219684534 7.16743632791
10.7837059941 3.2658015366
7.84881979711 -0.781415714863
5.09356236779 -4.95473771297
2.49525256097 -9.23732683427
0.0323673377629 -13.6146350043
357.684417305 -18.0740739024
355.431646338 -22.6047152005
353.254560279 -27.1970227672
351.133248338 -31.8426140446
349.046402746 -36.5340443471
346.969845373 -41.2646042388
344.874187456 -46.0281145111
342.720871014 -50.8186919431
340.454992558 -55.6304332798
337.991227223 -60.4569008017
335.183479008 -65.2901158449
331.751056599 -70.1182056879
327.067308787 -74.9187063954
319.394598403 -79.6338125616
301.982415084 -84.0331375924
245.101775724 -86.5289429888
189.614261431 -83.9298216557
172.664745028 -79.5145493603
165.113323047 -74.7955748443
160.475467697 -69.9936135394
157.064568712 -65.1648234926
154.268211665 -60.3312309091
151.810840486 -55.5045612108
149.548555906 -50.6927398113
147.397090026 -45.9021890799
145.30209096 -41.1388153876
143.225303838 -36.408515927
141.137510002 -31.7174915745
139.014624778 -27.0724798788
136.835386598 -22.480959763
134.579899906 -17.951354341
132.228664432 -13.4932471318
129.761902898 -9.11762140584
127.159094549 -4.83712882212
124.398679444 -0.666390034391
121.457939507 3.3776748406
118.313097644 7.27549546178
114.939710182 11.004501476
111.313460132 14.53881253
107.411482482 17.8490314958
103.214352034 20.9022353713
98.7088122729 23.6622912548
93.8911851319 26.0906479527
88.7711485986 28.1477461321
83.3752170856 29.7951235239
77.7489134764 30.9981446056
71.9564955231 31.7290656475
63.2920524694 29.1872054123
57.7516142186 28.7116342456
52.3242661777 27.7781907418
47.0736343898 26.4072174959
42.0493302666 24.6264979034
37.2852276549 22.4687745813
32.8000025462 19.9692930369
28.5992357949 17.1637002164
24.6782674638 14.0864609815
21.0251375672 10.7698114025
17.623195279 7.24317707502
14.4531888772 3.53294676555
11.4948095383 -0.337509560475
8.72775014982 -4.34767169453
6.1323741358 -8.4796190777
3.69009067542 -12.7177475965
1.38351843734 -17.0484836204
359.196500322 -21.460012804
357.114011707 -25.9420325025
355.121985689 -30.4855311176
353.207059716 -35.0825943649
351.356225073 -39.7262365515
349.556326339 -44.4102539031
347.793294985 -49.1290962856
346.050868983 -53.8777528345
344.308239015 -58.6516451552
342.535244496 -63.4465166614
340.681291772 -68.2582908246
338.64541398 -73.082813945
336.174648106 -77.9151339675
332.357184232 -82.7461182934
319.254004697 -87.5199241034
172.203805375 -87.4007241307
159.832185058 -82.6220031149
156.078265342 -77.7905964319
153.624770947 -72.9581611726
151.595575335 -68.1336015607
149.744519713 -63.3218336821
147.9726633 -58.5270089836
146.230180131 -53.7532124743
144.487245632 -49.0047147028
142.723209649 -44.2861120532
140.921886468 -39.6024370584
139.069240479 -34.9592652722
137.152123998 -30.3628299205
135.157519998 -25.820150597
133.072046493 -21.339180464
130.88160904 -16.9289755908
128.571149592 -12.5998893733
126.124473914 -8.36379389678
123.524162502 -4.23432817962
120.751589043 -0.227169845189
117.787089487 3.63967883805
114.610344824 7.34560839559
111.201060248 10.8671538664
107.540037312 14.1778293783
103.610733645 17.2481162413
99.4013696381 20.0456985877
94.9075514511 22.5360578091
90.1352165675 24.6835349507
85.103476276 26.4529309055
79.8466831875 27.8116218389
74.4149112264 28.7320217757
68.8721572727 29.1940579413
66.086347928 26.4522752142
60.8166919451 26.2234246142
55.6139536267 25.5545538413
50.538649367 24.4592822608
45.6416401818 22.9587411919
40.9615727487 21.0797148192
36.5241754153 18.8525812707
32.3431040511 16.3093665304
28.4217924952 13.4821210257
24.7557440829 10.401711049
21.3348247148 7.0970224501
18.145288557 3.5945168959
15.1714189648 -0.0819417461363
12.3967725461 -3.91107269445
9.80507339595 -7.87404429169
7.38082939724 -11.9542733248
5.10974688248 -16.1371944405
2.97901501587 -20.4100235843
0.977524709394 -24.7615297307
359.096084105 -29.1818223361
357.327698435 -33.6621572682
355.668003191 -38.1947607061
354.115988982 -42.772667912
352.675263143 -47.3895709364
351.356325571 -52.0396647148
350.180870668 -56.7174712726
349.190460526 -61.4175977872
348.465622431 -66.1343174518
348.173331619 -70.8606465274
348.707460587 -75.5857412156
351.23175936 -80.2849133039
1.05195328103 -84.8558361585
67.8643297492 -87.9521165865
131.769605648 -84.7428220802
141.207290392 -80.1647102685
143.649107993 -75.4640682406
144.152973012 -70.7384747881
143.846026431 -66.0119551499
143.112667901 -61.2951917002
142.116554554 -56.5951209511
140.936804928 -51.9174595553
139.614294961 -47.2676059783
138.170346548 -42.6510524912
136.615237339 -38.0736244475
134.952429766 -33.5416550987
133.18081144 -29.0621392484
131.295938395 -24.6428856608
129.290750059 -20.2926786022
127.15599713 -16.0214543657
124.880518968 -11.8404958056
122.451458631 -7.76264530595
119.854483116 -3.80253331389
117.074070875 0.0231851677602
114.093931612 3.69560064235
110.897629948 7.19335000772
107.469489315 10.4924855232
103.79584759 13.5664648876
99.866710284 16.3863319778
95.6777867503 18.9211702789
91.2327880297 21.1389111477
86.5457123098 23.0075554085
81.642673588 24.4968084745
76.5627079773 25.5800334452
71.3570161722 26.2363087333
63.5997088163 23.5084773751
58.6473006542 23.0835787892
53.7800456089 22.2478521088
49.0473793059 21.016443426
44.4898911387 19.4103709212
40.1378627197 17.4549213935
36.0111398553 15.1779790452
32.1200516069 12.6084975119
28.4669745528 9.77524699245
25.0481578358 6.70588749786
21.8555194902 3.42635737512
18.8782403493 -0.0394700187511
16.1040820509 -3.66992256801
13.5204261234 -7.44551852646
11.1150727772 -11.3488594384
8.87685864937 -15.3644660274
6.79616151146 -19.4785848103
4.86536507686 -23.6789834323
3.07936577577 -27.9547448475
1.43622342429 -32.2960640958
359.938100331 -36.6940457338
358.592719146 -41.1404936635
357.415741434 -45.6276759172
356.434822206 -50.1480303276
355.696860091 -54.6937423535
355.281733032 -59.2560463666
355.330274346 -63.8238980565
356.106763253 -68.3810840256
358.156226939 -72.8989162172
2.76670296005 -77.3140291394
13.5943133984 -81.4424020879
41.9881094201 -84.5592214654
91.4434634524 -84.5072066412
119.154297403 -81.3433278207
129.730580998 -77.2025713716
134.246076032 -72.7831830938
136.251513491 -68.2634997782
137.004091949 -63.7054174804
137.037985325 -59.1371377426
136.612961334 -54.5746853485
135.867721555 -50.029026749
134.881030619 -45.5088981819
133.69915619 -41.0221093083
132.349369579 -36.5762317006
130.847083589 -32.1790163448
129.199849576 -27.8386857779
127.409705035 -23.5641683063
125.474614164 -19.3653077874
123.389397313 -15.2530661078
121.146376629 -11.2397264212
118.735880937 -7.33909892722
116.146711105 -3.56672526836
113.366647447 0.059928787523
110.383072209 3.52131064114
107.18377498 6.7956762116
103.757999929 9.85908287556
100.097772561 12.6855312399
96.1995013351 15.2473158737
92.0657780224 17.5156458977
87.7071997173 19.4615818008
83.1439195661 21.0572977997
78.40653982 22.2776164617
73.5359466504 23.1016811518
68.5818061936 23.5145532566
66.0948980683 20.5671673596
61.4136069257 20.3639164566
56.7824546073 19.7690305419
52.2475776104 18.7925184428
47.8491881585 17.4501010648
43.6197854684 15.762053351
39.5833899057 13.7518678585
35.7557134631 11.4449211935
32.1450328678 8.86728306128
28.7534805191 6.04475024074
25.578495 3.00213337685
22.6142414914 -0.237215774119
19.8528903343 -3.65167226048
17.2857090249 -7.22144539518
14.9039716223 -10.9285690802
12.6997210394 -14.7568118891
10.6664393327 -18.691535278
8.7996956278 -22.7195195826
7.09785789573 -26.828769331
5.56298170505 -31.0083017787
4.20203808762 -35.247914671
3.02873398932 -39.5379193933
2.06635159204 -43.8688107101
1.35236865355 -48.2308177299
0.946300850192 -52.6132282591
0.943648817452 -57.0032663106
1.50207618736 -61.3840426425
2.8937123589 -65.730446051
5.61716804954 -70.0000512483
10.6534608975 -74.1107169726
20.0519524627 -77.8793776939
37.7925445966 -80.8534965569
66.5718522954 -82.0679139743
95.1341696408 -80.7937963617
112.59817437 -77.7893805184
121.843964325 -74.0078181752
126.801479992 -69.8911915867
129.481206934 -65.6185366796
130.846368447 -61.2704723499
131.387448131 -56.8887909155
131.372597647 -52.4983161184
130.957383235 -48.1157997012
130.236122297 -43.7539524005
129.267621845 -39.4234595507
128.088911833 -35.1340876636
126.722977243 -30.8953521386
125.183318641 -26.7169621707
123.476757786 -22.609148799
121.605238622 -18.5829305391
119.567043968 -14.650344897
117.357678258 -10.8246592946
114.970576801 -7.12056516891
112.397753834 -3.554351122
109.630475054 -0.144043363332
106.66002393 3.09050646386
103.478616443 6.12761470513
100.08049902 8.94387749238
96.4632324537 11.5144443598
92.6291153223 13.8134979536
88.586632911 15.8149749635
84.3517396011 17.4935396569
79.9487148744 18.8257806281
75.41030838 19.7915466599
70.7769434084 20.3752803324
63.9027873083 17.3900051125
59.5320497482 17.0151522878
55.2251509641 16.2765576004
51.0202012276 15.1852989429
46.9499271081 13.7569676131
43.0405845517 12.0106733661
39.3116152318 9.96796049938
35.7759499823 7.65175945675
32.4407839242 5.08546539412
29.3086279785 2.29219517288
26.3784662081 -0.705761761687
23.6468962575 -3.88730927422
21.1091825088 -7.23275285158
18.7601973254 -10.7238815779
16.5952610361 -14.3439540806
14.6109173286 -18.0776139973
12.8057015183 -21.9107538989
11.1809803682 -25.8303392028
9.7419708979 -29.8241956425
8.49909191753 -33.8807547004
7.4698818397 -37.9887394259
6.68185809642 -42.1367549284
6.17695127479 -46.3127169926
6.01862789439 -50.5029951605
6.30373701293 -54.6910339387
7.18292192805 -58.854981051
8.8969973898 -62.963337982
11.8433433476 -66.9664792469
16.69554311 -70.7792135735
24.5886763796 -74.2441506961
37.1961722673 -77.06191485
55.6634511114 -78.7234360153
77.1996147349 -78.7001741531
95.5264445044 -77.0012068861
107.990603123 -74.1611893497
115.786358337 -70.6841667753
120.577656626 -66.8647397135
123.48528376 -62.8577310297
125.173630295 -58.7470757344
126.034837011 -54.5817740127
126.306736962 -50.3930010245
126.138223608 -46.2024371116
125.625078233 -42.026546545
124.830089273 -37.8789144798
123.794739843 -33.7716077867
122.54624125 -29.7160222841
121.101915496 -25.7234486893
119.472024131 -21.8054789527
117.661667765 -17.9743184816
115.672126798 -14.2430393661
113.501874278 -10.6257918078
111.147413106 -7.13797906787
108.604044137 -3.79639213206
105.866643238 -0.619292340348
102.930504232 2.37357716135
99.7922837591 5.16107686829
96.451057809 7.72088365931
92.9094640841 10.0298620106
89.1748582957 12.0646190118
85.2603600801 13.8022532036
81.1856167853 15.2212808014
76.9770896693 16.3026866293
72.6676886149 17.031007143
68.2956625165 17.3953203051
63.9153475853 14.2035197188
59.5624474129 13.8056112446
55.2764367648 13.021401444
51.0973042376 11.8629988081
47.0594520615 10.3474354614
43.1906024519 8.49557044162
39.5114963057 6.33090029066
36.0362786204 3.87841569906
32.7733827288 1.16360501818
29.7267078489 -1.78833966922
26.8969148366 -4.9530982102
24.2827197391 -8.30759239149
21.8821241646 -11.8301784275
19.693574595 -15.5006948389
17.7170868266 -19.3003958562
15.9554100128 -23.2117929486
14.4153446086 -27.2184164782
13.1093807363 -31.3044961047
12.0579041446 -35.4545410335
11.2923514698 -39.6527758047
10.8599282819 -43.8823464424
10.8309080386 -48.1241402584
11.3102360386 -52.3549298995
12.4563585405 -56.5442961572
14.5120064084 -60.6492803371
17.8532831787 -64.6047447919
23.0589053711 -68.305773397
30.9631622956 -71.5771452451
42.4977451214 -74.1325510867
57.8268701368 -75.5730272243
74.901628963 -75.5545238035
90.1525952797 -74.082168881
101.591630635 -71.5049687112
109.419292915 -68.2201834787
114.571078272 -64.5110574669
117.87538385 -60.5506458574
119.905172338 -56.442611894
121.032581847 -52.2513993617
121.497818676 -48.0195817119
121.457735286 -43.7773626177
121.016254275 -39.5478501484
120.24297609 -35.3500948252
119.184650962 -31.2009241721
117.872399117 -27.11611082
116.326381431 -23.1111592536
114.558926017 -19.2018656227
112.576717007 -15.4047345216
110.382423097 -11.7372962712
107.976010593 -8.21834309478
105.355905948 -4.86808517783
102.52012103 -1.70821429911
99.4674146297 1.23814780769
96.1985252965 3.94664663805
92.7174663212 6.39207052643
89.0328202525 8.54893251678
85.1589108872 10.3922704694
81.1166763189 11.8986486835
76.9340372855 13.0473040725
72.645574318 13.821334818
68.291411378 14.2087919392
63.9225083722 11.0527286494
59.577526722 10.6274658017
55.3040117939 9.78924861954
51.144745777 8.55158100868
47.1366063397 6.93344032459
43.3094673955 4.95803979002
39.6859717624 2.65149604627
36.2820547955 0.0415611663566
33.1080115488 -2.84346690659
30.1698871909 -5.97559413413
27.4710110097 -9.32772435182
25.0135615084 -12.8740121893
22.8001227864 -16.590004877
20.8352603258 -20.45260497
19.1272073608 -24.4398783991
17.6898189845 -28.5307172816
16.5450342146 -32.7043448808
15.726207623 -36.9396182688
15.2828626237 -41.2140355556
15.2877206674 -45.5022747234
15.8473194564 -49.7739534715
17.1181319834 -53.9900569081
19.3304747782 -58.0970608495
22.8208780713 -62.0171322701
28.0633546088 -65.6321930598
35.6517577763 -68.7610344833
46.090682598 -71.1393817693
59.1976791593 -72.4448234065
73.4427118649 -72.4293484634
86.5010423193 -71.0962482055
96.8736542955 -68.6973610635
104.402534393 -65.5547712525
109.599224551 -61.9308589355
113.056054968 -58.0051396537
115.243785733 -53.8945613993
116.496165071 -49.6762695744
117.041517838 -45.4033817865
117.034961735 -41.1146756543
116.582119014 -36.8403984722
115.755086705 -32.6058006892
114.602955567 -28.4333534815
113.158775894 -24.3441964667
111.44427112 -20.35912211
109.473145089 -16.4992674627
107.253529775 -12.7866049829
104.789931706 -9.24427599295
102.084915096 -5.89677877023
99.1406771888 -2.77000140537
95.9606054673 0.108925251478
92.5508432293 2.71198664232
88.9218219024 5.01088524238
85.0896457138 6.97789711247
81.0771475472 8.58696718809
76.9143952609 9.81498057128
72.6384423292 10.6430944719
68.2922052316 11.0579705324
63.9246341514 7.93400694103
59.5784470234 7.47617535896
55.310241738 6.57379758975
51.1667669359 5.2422729059
47.1884188718 3.50321563402
43.4081493956 1.38302479361
39.8513668982 -1.0886392314
36.5366865273 -3.88028196467
33.477294755 -6.95977348391
30.6826899454 -10.2952489865
28.1606190799 -13.8556938858
25.9191196424 -17.6112286198
23.9686722844 -21.5331205087
22.3245658501 -25.5935445057
21.0096760859 -29.7650943376
20.0579767004 -34.0200105529
19.5192555009 -38.3290380573
19.4657150773 -42.6597419351
20.0013813703 -46.973977023
21.2753792124 -51.2239953822
23.4995721336 -55.3463663406
26.9678618105 -59.2525555772
32.0632019716 -62.815196431
39.2084508446 -65.8518114829
48.668619873 -68.117935259
60.1424227048 -69.3414611881
72.4356291428 -69.328076789
83.8764505206 -68.0801038317
93.2884576115 -65.7948660146
100.386946151 -62.744714685
105.443771204 -59.1729493969
108.882261827 -55.2607559513
111.083692445 -51.134528662
112.340088861 -46.8821614121
112.861798657 -42.5666858279
112.796836352 -38.235609315
112.248440401 -33.9269381325
111.288258684 -29.6730339986
109.965687814 -25.5031221962
108.31442623 -21.4449615884
106.357159524 -17.5259775743
104.109052601 -13.7740269827
101.580517678 -10.2178809129
98.7795739709 -6.88745807667
95.7139981021 -3.81380655909
92.3933646237 -1.02881189364
88.8309800345 1.43539576456
85.0456170258 3.54734995808
81.0628672465 5.27745324848
76.9158734783 6.59940857636
72.6452074545 7.49174250783
68.2977530635 7.9392302285
63.9219827521 4.84396226452
59.5661356671 4.34710636188
55.2973648057 3.36804441428
51.167958886 1.92478475774
47.2232558954 0.0425669528525
43.5005929192 -2.2478323575
40.0294305231 -4.91187509761
36.8324751021 -7.91288628283
33.9275277838 -11.2133677001
31.3298031314 -14.7759184768
29.0545501093 -18.5637396583
27.1199327808 -22.5407310618
25.5502638248 -26.6711904668
24.3798221162 -30.9190998399
23.6576283626 -35.24693118
23.4536949624 -39.613821066
23.8673548601 -43.972837777
25.0381003249 -48.2668881669
27.1582760763 -52.422604586
30.4832166044 -56.3414773407
35.3241226051 -59.8881847546
41.9874122355 -62.8792942247
50.6023764258 -65.0842324468
60.8321415863 -66.2624538133
71.6992539645 -66.2505958395
81.9051381575 -65.0504225527
90.4835884524 -62.8277486273
97.1094104576 -59.8236012476
101.917823496 -56.2678320122
105.216515864 -52.342886894
107.315925617 -48.1832663009
108.470142777 -43.8869032703
108.87037318 -39.5267913907
108.655215576 -35.1597936083
107.923341825 -30.8327086234
106.744287765 -26.5863317458
105.166737025 -22.4581661631
103.224737446 -18.4842335162
100.942454547 -14.7002569856
98.3379756229 -11.1423658005
95.4265355621 -7.84738728487
92.2233927716 -4.85274101072
88.7464453993 -2.19592482554
85.0185424601 0.0864150617763
81.0693198774 1.95980594079
76.9363034347 3.39357846327
72.6650081176 4.36264293984
68.3078608344 4.84917805746
63.9147234819 1.77937707265
59.5413845941 1.23533254582
55.2677991124 0.163828578927
51.1539977064 -1.41345546913
47.252284621 -3.46618253644
43.6063058415 -5.9574150111
40.2515664326 -8.84572035227
37.2171726997 -12.0870263509
34.5284804329 -15.6360245767
32.210378013 -19.4470166217
30.2910710302 -23.474162308
28.8064094364 -27.6711092801
27.8049692678 -31.9899577866
27.3542311206 -36.3794447524
27.5482056998 -40.7821189735
28.5165091184 -45.1301335759
30.4335579632 -49.3391564938
33.5227602003 -53.3000062641
38.0416818113 -56.8686045293
44.2188507263 -59.8581745099
52.1050423086 -62.0449628134
61.357206503 -63.2061123901
71.1377544928 -63.1954155132
80.3716707339 -62.0142978601
88.2290769054 -59.8110422764
94.3755264704 -56.809082761
98.8667593324 -53.231723277
101.932815416 -49.2649753023
103.831003764 -45.0522252753
104.783905018 -40.7021446809
104.965078064 -36.2987257656
104.503425141 -31.9096046764
103.492412989 -27.5921125524
101.999128393 -23.3974537614
100.071877006 -19.3735092102
97.746340023 -15.5666358375
95.0506408336 -12.0226880823
92.0096620417 -8.78737561027
88.6488218291 -5.90600270343
84.9973471768 -3.42260998826
81.0909073543 -1.37856036318
76.9733344573 0.189323641754
72.6971127174 1.25086740263
68.3224159613 1.78459603996
63.9029513204 -1.26285457558
59.5049713299 -1.86465470181
55.2246080931 -3.04885309448
51.1328431333 -4.78844723079
47.2919475435 -7.04570779758
43.7548264196 -9.77473933103
40.5662354015 -12.9240077162
37.7655711446 -16.4384305187
35.3908502495 -20.2607600414
33.4835877785 -24.3321073675
32.0944744294 -28.5915171543
31.2899227089 -32.9744937561
31.1595702452 -37.4103057282
31.8244329566 -41.8177856388
33.444001953 -46.099278465
36.2169459744 -50.1326209716
40.3624113395 -53.7621969144
46.057668214 -56.7934535869
53.307126665 -59.00164161
61.7698232572 -60.1702104411
70.6957212205 -60.1604246396
79.1438220041 -58.9735010377
86.3697655283 -56.7500018054
92.0392272557 -53.7070916922
96.1607711627 -50.0692400786
98.9131759925 -46.0303920422
100.515593417 -41.7455772482
101.166131508 -37.3365121982
101.023628435 -32.900550407
100.208533997 -28.5186732378
98.8100524166 -24.2615082479
96.8942937236 -20.1935010937
94.5117632725 -16.3755878977
91.7038939883 -12.8666493502
88.5087111814 -9.72391793977
84.9656978745 -7.00243718108
81.1197560738 -4.75366380425
77.0239722479 -3.02336660803
72.740801369 -1.84909477484
68.3413752337 -1.25762202296
63.8866998015 -4.28580531795
59.4578465089 -4.95939894801
55.1723068178 -6.28293305517
51.1168899466 -8.22137969219
47.3684724692 -10.7258536681
43.9939360385 -13.7368753633
41.0526374875 -17.1874077614
38.600975555 -21.0050875856
36.6985293693 -25.1132611855
35.4153523563 -29.4305818664
34.8400767628 -33.8689790011
35.0881652634 -38.3297878814
36.3083278278 -42.6978378731
38.6817195909 -46.8336176952
42.401731398 -50.5649242766
47.6133016601 -53.6827773497
54.2933000946 -55.9522621827
62.1022625212 -57.152216527
70.338882706 -57.1431632522
78.1356868403 -55.926195483
84.795829985 -53.6424650135
89.9852145343 -50.5137652473
93.6842327161 -46.7748381369
96.039229091 -42.6341676512
97.2437222521 -38.263454198
97.4784749199 -33.8018196714
96.8916970143 -29.3641717082
95.5984148767 -25.0490136701
93.6869425966 -20.9443241954
91.2271419171 -17.131396724
88.2785192223 -13.686842753
84.8975053874 -10.6829695006
81.1435737859 -8.18672208624
77.0837776492 -6.25743558186
72.7951813002 -4.94378961591
68.3647537319 -4.28054888385
63.8659565539 -7.29262612133
59.4014763976 -8.05723622948
55.1184068269 -9.55607365073
51.1271418955 -11.741399645
47.5266602756 -14.54662309
44.4056762415 -17.890538937
41.8473283437 -21.6808891493
39.9366056846 -25.8163619074
38.769465823 -30.1864463767
38.4622988704 -34.668794537
39.1592667797 -39.1239445456
41.031937258 -43.3877262803
44.2593533956 -47.2631054516
48.9688530856 -50.5167665533
55.1218226734 -52.8916405704
62.3755811314 -54.149331124
70.04486815 -54.1408785541
77.2881083417 -52.8673163438
83.4237744488 -50.4792066552
88.1137318316 -47.2155923291
91.3224156296 -43.3334381112
93.1784352239 -39.0656407254
93.8610069547 -34.6087975283
93.541417648 -30.1267386756
92.3634580656 -25.7586956489
90.4432156662 -21.6268688612
87.8764684823 -17.8416670539
84.7481573276 -14.5043079842
81.1414887159 -11.7069295791
77.1453293315 -9.53056327306
72.8588480129 -8.04155680549
68.3926109599 -7.28733551821
63.8406897061 -10.2867289366
59.3385494685 -11.1696517709
55.0766455001 -12.8937865473
51.2019430278 -15.3899696617
47.8482065853 -18.5616665756
45.1394876341 -22.2905336196
43.198395975 -26.4402464676
42.1569706874 -30.8572390974
42.1665622467 -35.3676937974
43.4002424467 -39.771040494
46.0352647368 -43.8320417225
50.1953073896 -47.2775599885
55.8359220178 -49.8107243129
62.6041766607 -51.1583817551
69.7983801793 -51.1504300644
76.5571912271 -49.7879009195
82.1822482852 -47.24250395
86.3246634324 -43.7880629517
88.9426933213 -39.7213871768
90.1611520444 -35.3152461574
90.1574778353 -30.8044881179
89.1045559077 -26.3893772411
87.1535055267 -22.2435106619
84.4362304458 -18.5202804493
81.0753404564 -15.3558346024
77.1950069646 -12.8682930508
72.9291842317 -11.1538880322
68.4250261933 -10.2813938414
63.8109060556 -13.2721268733
59.2745978076 -14.3138926756
55.0743789329 -16.3350645925
51.4168192728 -19.2273768445
48.492800381 -22.8394234734
46.4847412802 -26.9839397505
45.5781632707 -31.4410489896
45.9691124322 -35.9560939422
47.8523028455 -40.2336923622
51.3660202019 -43.9350854047
56.4718846606 -46.6945128647
62.7983749919 -48.1755278923
69.5884536405 -48.1680002278
75.9061320083 -46.6730252537
80.9975563322 -43.9024349668
84.494999062 -40.1933880078
86.3625516722 -35.9116029875
86.739519906 -31.3954931037
85.8208227149 -26.9400688601
83.8024467619 -22.7996712122
80.8698780602 -19.1938915319
77.2056213605 -16.309680053
73.0007481599 -14.2980433822
68.4620424899 -13.2667370174
63.7768033752 -16.2541543475
59.2221775441 -17.5184319833
55.1714280141 -19.9428040327
51.9341403329 -23.3398429654
49.7975747037 -27.4468354101
49.0343585255 -31.9358023509
49.8990178053 -36.4167451535
52.5796260326 -40.439899067
57.0676862827 -43.5172916688
62.966101707 -45.1955724203
69.4066920078 -45.1884095794
75.296527188 -43.4970564871
79.7707320615 -40.4097669749
82.4359965497 -36.3806645675
83.2861695586 -31.8976644603
82.510284445 -27.4101509179
80.3631680364 -23.3076794703
77.1176140958 -19.9177553683
73.0611125034 -17.5025248987
68.5035177485 -16.2486999578
63.7392382035 -19.2412268158
59.2133675395 -20.8355428835
55.5151234367 -23.8220256915
53.1419317455 -27.8291721673
52.5300274134 -32.3388239893
54.0128159695 -36.7121983297
57.6792340309 -40.2315738181
63.1143728212 -42.2102372874
69.2457159734 -42.2033957133
74.6720696431 -40.2126303331
78.3247352334 -36.6850872555
79.79289871 -32.3083167701
79.1678708004 -27.7998546964
76.7841070436 -23.797869423
73.0784106174 -20.8196790776
68.5486635905 -19.2357001241
63.7015023904 -22.2500139959
59.3457088903 -24.3732528347
56.5318081096 -28.1337042717
56.0790182391 -32.6451328114
58.4295230551 -36.7407924205
63.2519920021 -39.2030737958
69.0964155827 -39.1965296161
73.9093032708 -36.723453737
76.2458002663 -32.6224781054
75.7795633052 -28.1119461934
72.9555156472 -24.3577545225
68.5942862961 -22.2444148007
63.6788400214 -25.3254331413
60.0126723346 -28.3742648032
59.7283654063 -32.8384741728
63.400693069 -36.1298529414
68.9367262275 -36.1236310786
72.597751604 -32.8239763546
72.2999084801 -28.3603407023
68.6253342135 -25.3197960068
63.8007815578 -28.6646150491
63.7037524444 -32.7982645488
68.6226492912 -32.7927130279
68.5129612239 -28.6592684486
