83.0800218193 32.7590766938
82.9841844664 28.6252030098
78.2735988673 28.6190402283
78.1631054609 32.7526155366
83.3818796824 36.0909015886
87.0538851621 32.8002242609
86.7711809181 28.3356747374
83.1069135855 25.2858843806
78.1618529501 25.2794391121
74.4880407109 28.3196363401
74.1896787007 32.7833495046
77.8483866298 36.0836059221
83.5293805488 39.1643177182
88.350648259 36.703139467
90.7020039513 32.6078820147
90.251105227 28.096006483
87.4391574791 24.3345835484
83.0849440067 22.2103166055
78.1933706511 22.2039635422
73.8331049076 24.316905209
71.0096788792 28.0709591722
70.5432496144 32.5815248489
72.8781172097 36.682781328
77.6879667948 39.1565931501
83.6656722984 42.1716744789
89.0989396431 40.1943693908
92.7655552329 36.6758944955
94.2499520969 32.302668817
93.6401795427 27.7924595518
91.2690238809 23.7843084704
87.5724376613 20.7966930227
83.0478266828 19.2013858604
78.2393998792 19.1951628683
73.7105553487 20.7787578444
70.0057246016 23.7567922406
67.6226472513 27.7587349346
66.9977515324 32.267200883
68.46495597 36.6440642579
72.1151615621 40.1719610186
77.5378535661 42.1635486576
83.8124355702 45.1572077234
89.7083577806 43.4804965015
94.196055811 40.4043746609
96.8779541044 36.3818579818
97.7447532215 31.9008397065
96.9838716507 27.411200649
94.8494364136 23.3031511393
91.6138889587 19.9049046984
87.5644603506 17.4793855788
83.0108201795 16.21417597
78.2849068864 16.2080817115
73.7280858357 17.4615540507
69.672429835 19.8766500153
66.4277842644 23.266558186
64.2814930253 27.3690406078
63.5060551572 31.8565415609
64.3558639717 36.3395243302
67.0194676825 40.3687158756
71.4904578592 43.4564004049
77.3759674539 45.1486502934
83.9784225955 48.1373689867
90.3017737152 46.6581261793
95.4067669201 43.9002823838
98.9214870872 40.1999324672
100.806782006 35.9226961085
101.200258855 31.407369299
100.296182517 26.9494702944
98.2903449469 22.8038314646
95.3681478312 19.1905098047
91.71198488 16.2969358787
87.5127856467 14.2746520035
82.9772253792 13.2320172939
78.3267050438 13.2260421534
73.7886244435 14.2570334753
69.5844906615 16.2685680523
65.9211285139 19.1528081143
62.9895689857 22.7586614755
60.9721863894 26.8991078058
60.0542372026 31.3545156141
60.4313679704 35.8705472546
62.298055189 40.1522559553
65.7931559871 43.8613702096
70.8805925525 46.6323823379
77.1931800058 48.1283256709
84.1705856502 51.1204385259
90.9349826995 49.7747652804
96.5742366376 47.2434782235
100.735045675 43.7993616678
103.372163082 39.7391102111
104.608542282 35.3358546305
104.62094476 30.8249241755
103.582153234 26.4070228955
101.643363017 22.2561138478
98.9365405852 18.5259054136
95.5842787372 15.3528538647
91.7106570721 12.8554181388
87.4495094216 11.130224006
82.9479052453 10.2464943916
78.3640099203 10.2406267336
73.8603232834 11.112846007
69.5951035367 12.8271852574
65.715563337 15.3148016187
62.35566276 18.479388103
59.6395226389 22.2027561059
57.6896432536 26.3487037737
56.637751734 30.7638059592
56.6347065202 35.2744593606
57.8530281324 39.6804310125
60.4696940405 43.7469588295
64.6090706815 47.2014327589
70.2292874837 49.7472667285
76.9820892839 51.1108357193
84.3967646925 54.111615941
91.6458299576 52.8561435953
97.7969496161 50.4834446908
102.507044472 47.2315228122
105.73661641 43.3572447907
107.612197335 39.0938949121
108.312285005 34.6385758967
108.008129255 30.155568692
106.843721268 25.7844573191
104.935364514 21.6477101603
102.37897744 17.8559520712
99.2595408378 14.5106008509
95.6602110446 11.7040105243
91.6697471002 9.51746859981
87.3872004086 8.0176299793
82.9230624601 7.25227290042
78.3966819581 7.24650074651
73.9307624986 8.0004884026
69.6447372507 9.48946720319
65.6492365335 11.6659534858
62.0434555238 14.4635345671
58.9162482497 17.8011163358
56.3507709341 21.5865068332
54.4318758635 25.718446514
53.2552074273 30.0864989617
52.9366579833 34.5684524202
53.6197357091 39.0250858905
55.4753307047 43.2926136798
58.6821556058 47.1745373833
63.3683327015 50.4381350485
69.4981728302 52.8266837426
76.7342705701 54.1013580915
84.6671654735 57.1147450634
92.4704296681 55.9172775842
99.148080203 53.6502880354
104.360163888 50.5345096324
108.082504797 46.8046327361
110.459109327 42.669594341
111.682752822 38.3016571131
111.93424265 33.8404334893
111.362109765 29.4012044206
110.081730316 25.0827410545
108.181697065 20.9732130914
105.732047895 17.154059121
102.792361033 13.7020183958
99.4190476868 10.6895336201
95.6714933726 8.18371370609
91.6166284563 6.2440996385
87.3314001337 4.91962321165
82.902707706 4.24533980572
78.4247659114 4.23965131389
73.994503281 4.90270026928
69.7062129515 6.21635772401
65.6469285009 8.14580829486
61.8937496438 10.6423152896
58.5137353503 13.6464871063
55.5663377324 17.0913278101
53.1079422576 20.9044880118
51.197985856 25.0093236532
49.9062314383 29.3245182189
49.3208515626 33.7620795869
49.5566646604 38.2235026625
50.7615720733 42.5938966088
53.1158917979 46.7341895243
56.8125635982 50.4727885627
61.9973562654 53.6014012063
68.6504953667 55.8855553123
76.4387232058 57.103708003
84.9960105906 60.1330031144
93.4517658443 58.9672399125
100.698374585 56.7619069336
106.394198635 53.7330729773
110.542335147 50.1052422707
113.318938016 46.0729227761
114.94244891 41.7917935359
115.611158431 37.3841198883
115.484376427 32.9476641878
114.683040864 28.5636937201
113.296760487 24.3030296681
111.39194 20.2302485092
109.019270635 16.4063796899
106.220272162 12.8903813974
103.032970822 9.73956678801
99.4967813818 7.00907976712
95.6564907097 4.75051039012
91.5650522928 3.00980169933
87.2848044013 1.82471854584
82.8868122304 1.22228328669
78.4483421209 1.21666684415
74.0489292106 1.80799000014
69.7659136473 2.98231330345
65.6704904924 4.71281807851
61.8251539465 6.96190420651
58.2830053553 9.68375160469
55.088940057 12.8268563478
52.2824168087 16.3361345141
49.901422111 20.1543209674
47.9873359544 24.2225097735
46.5905928407 28.4797459142
45.777204193 32.8615702086
45.636229435 37.2973470853
46.2878970477 41.7060955239
47.8907032875 45.9904788562
50.6422440562 50.0288311414
54.7609762156 53.6662362321
60.4249466073 56.7089598846
67.6424424145 58.9328426769
76.0801050035 60.1210228111
85.4040914809 63.1691967869
94.6477372915 62.0112432014
102.530604063 59.8277287721
108.708614844 56.8409540196
113.230802562 53.2744087816
116.324318969 49.3148360749
118.245919298 45.1063925751
119.218608663 40.7583722619
119.416630544 36.3552186182
118.969541266 31.9648773883
117.971341651 27.6448848862
116.489520815 23.4465778356
114.572667301 19.4179212079
112.25664198 15.6053268967
109.569658926 12.0546910488
106.536614459 8.81176579667
103.18287538 5.9219114635
99.5375666513 3.42924969649
95.6362243078 1.37525830049
91.5225411821 -0.203086722094
87.2488853895 -1.27542007303
82.8753661688 -1.82004746433
78.4674706131 -1.82560329232
74.0926353878 -1.29198181463
69.8164179757 -0.230345803809
65.6990537209 1.33778924413
61.7930675558 3.38220248649
58.1423110731 5.86602432974
54.7824544078 8.74784788092
51.742710846 11.9835941547
49.0484743595 15.5279272732
46.7245956137 19.3351126346
44.7991589303 23.3592765531
43.3077968688 27.554047106
42.2987502077 31.8715312152
41.8390117031 36.2605142135
42.0219022948 40.663656944
42.9760892479 45.0133208263
44.8747500558 49.2255258397
47.9398648132 53.1916469953
52.4278793591 56.768413972
58.5678458506 59.7700478652
66.4149998362 61.9736102857
75.6359892683 63.1560510076
85.9232564532 66.2258688895
96.1424545976 65.0513378287
104.753731902 62.8501756434
111.418516133 59.8622672369
116.263667091 56.3179118437
119.593873268 52.4005376562
121.719413171 48.2455749295
122.89521316 43.9516656528
123.31347272 39.5922987959
123.11365702 35.2246693993
122.395118044 30.8957928908
121.227900252 26.6466020631
119.661055256 22.5146839028
117.728886403 18.5361083758
115.455723367 14.7466252008
112.859740836 11.1823795775
109.956194431 7.88021432016
106.760304789 4.87757367038
103.28988265 2.21199864366
99.5676520623 -0.079794458509
95.6231035221 -1.963229531
91.4936193287 -3.40749775609
87.2245986702 -4.38733623089
82.8684050479 -4.88472490088
78.4821664746 -4.89023148538
74.124727718 -4.40376081158
69.8532848035 -3.43456243375
65.7203245869 -2.00049497825
61.7714032226 -0.126690741651
58.0440683631 2.15613716727
54.5679607553 4.81347465038
51.3659210616 7.80863894052
48.4558301476 11.1041017168
45.8529238415 14.6624191927
43.5724115324 18.4467454336
41.6323527999 22.4209370011
40.0568818736 26.5492594126
38.8800076271 30.7956810675
38.1503588547 35.122688763
37.9373858191 39.4894762508
38.3396178218 43.8492333583
39.4954087288 48.1450883413
41.5955423864 52.3040507667
44.8934010879 56.2282242074
49.6983259874 59.7832208846
56.316609515 62.7868488859
64.8825200425 65.0096968607
75.0720379153 66.2112464235
86.6049979373 69.3052649807
98.0655173454 68.0860794976
107.521966745 65.8243484706
114.67003086 62.7913763732
119.771182367 59.2313666331
123.246100217 55.3268514098
125.476733255 51.2053549909
126.756615876 46.9555732085
127.297529188 42.6410724617
127.248625875 38.3097080099
126.713993253 33.9997090158
125.765897619 29.7435770841
124.454181435 25.5706217634
122.812860858 21.5086486287
120.864842047 17.5851046735
118.625433711 13.8278524553
116.105127906 10.2656605964
113.311967576 6.92844421424
110.253702202 3.84725379853
106.939833202 1.05399063189
103.383554651 -1.41917868278
99.6034980289 -3.54072387085
95.6251005784 -5.28095145352
91.4813580578 -6.61343446486
87.2127260376 -7.51653852957
82.8660253875 -7.97485475752
78.492385972 -7.98032355517
74.1444841703 -7.53285719806
69.8735164612 -6.64034670649
65.726425565 -5.31805170308
61.7438245237 -3.58748549208
57.9588792458 -1.47498636673
54.3971882849 0.989808873289
51.0775186227 3.77539864066
48.01316261 6.84962321668
45.2136760902 10.1805734541
42.6868154532 13.7371832313
40.4405801062 17.4895204759
38.4853636274 21.4088041775
36.8363128901 25.4671696437
35.5160938672 29.6371841819
34.5583792193 33.891080731
34.0125250492 38.1996235373
33.950108254 42.5304371145
34.474236822 46.8454980676
35.7326818965 51.0972808674
37.9353384878 55.2227431374
41.3734099892 59.1340096471
46.4267682144 62.7047839145
53.5167085411 65.7541484384
62.9132639584 68.0393394636
74.3327731535 69.288711162
87.5383861824 72.4091083794
100.62846036 71.1089014969
111.064496783 68.7357162928
118.658240197 65.6109830239
123.908988726 61.9987836251
127.407934869 58.0804893109
129.628115162 53.9744078402
130.905826624 49.7585711901
131.471423199 45.4866559154
131.481492618 41.1977899868
131.042693742 36.9224400036
130.22785292 32.6859922129
129.086577309 28.5109990165
127.652285199 24.4186446076
125.94696207 20.4297408974
123.98449513 16.5654271268
121.773138029 12.8476666003
119.317467383 9.29958516699
116.620071502 5.94566415785
113.683128687 2.81177836556
110.509966495 -0.0749453792476
107.106630169 -2.68648115431
103.483420405 -4.99449846239
99.6562876577 -6.97121317247
95.6479027371 -8.59047889277
91.4881826326 -9.82905730233
87.214063257 -10.6679531826
82.8683976222 -11.0936543544
78.4980154217 -11.0990970845
74.1511701394 -10.6841988114
69.87475765 -9.85586449671
65.7117527385 -8.62746543673
61.6992503539 -7.01788226433
57.86734221 -5.05026923941
54.2388691555 -2.75071928526
50.8299308757 -0.146990420022
47.6509458023 2.73259091168
44.7080396978 5.85998691695
42.0045812404 9.2080490294
39.5427500149 12.7508763021
37.3250952634 16.4639614921
35.3561119558 20.3241570605
33.6439238944 24.3094858479
32.2022292633 28.3988063306
31.0527463001 32.5713204583
30.2285165289 36.8058805061
29.7786105947 41.0800031927
29.7750790038 45.3684205281
30.3234413597 49.6408612454
31.578597287 53.8585180047
33.7684199408 57.9682434987
37.2257447043 61.8928822953
42.4195730508 65.5155498953
49.9392439511 68.6569904054
60.2927724418 71.0554687391
73.3223351596 72.3899214299
88.8918375985 75.5379543313
104.199294568 74.1040115089
115.734034086 71.5547234353
123.648336948 68.2878963376
128.86600747 64.5898499524
132.218433851 60.6361487768
134.283670173 56.5320332945
135.437886789 52.342880621
135.924055449 48.1118163017
135.900864993 43.8693756799
135.473461847 39.6388686668
134.712275601 35.4394684959
133.66462968 31.2880751992
132.362048236 27.2005007101
130.82498093 23.1922659806
129.065963382 19.2791674401
127.091827013 15.4776983637
124.905340345 11.8053696896
122.506529277 8.28094933402
119.893843174 4.92462145085
117.065281333 1.75805365648
114.019554558 -1.19565040621
110.757318198 -3.9121433683
107.282468862 -6.36620431347
103.603443762 -8.53231508049
99.7344019402 -10.3854554007
95.6961117217 -11.902101181
91.5163380841 -13.0613701323
87.2295412445 -13.8462136503
82.8757803136 -14.2445157741
78.4988590222 -14.2499446256
74.1439200586 -13.8624210462
69.8548338977 -13.0881245971
65.6717829532 -11.9390358566
61.6293896179 -10.4320930537
57.7555989994 -8.58809732939
54.0713576338 -6.43052121065
50.5909850687 -3.98436021974
47.3230508774 -1.2751298479
44.2715505615 1.67193517058
41.4372034321 4.83246270305
38.8187501806 8.18331833938
36.4141875504 11.7028017961
34.2219310096 15.3706976181
32.2419406831 19.1682105408
30.4768841797 23.0778083957
28.9334495924 27.0829848761
27.6239736107 31.1679411453
26.5686291906 35.3171678389
25.7985496386 39.5148838511
25.360493791 43.7442479066
25.3240542836 47.9861884319
25.7931032689 52.2175667209
26.9243419015 56.4081369953
28.9575934379 60.5152732687
32.2640875106 64.4744810447
37.4147261292 68.1820965492
45.2336224631 71.4652621834
56.6494533795 74.0414641814
71.8597789924 75.5149683043
91.025791656 78.6893227885
109.466344152 77.0363443219
122.08275094 74.2258115116
129.994453642 70.7656815207
134.86423461 66.9558280953
137.825076623 62.9542524351
139.550798953 58.8465713816
140.439399015 54.6826803204
140.732238805 50.4942492273
140.580374906 46.3032425924
140.080955745 42.1262922447
139.29766305 37.9770827764
138.272582607 33.8677384657
137.033344287 29.809685171
135.597568059 25.8142248649
133.975731488 21.892947219
132.173093076 18.0580452262
130.191047622 14.322570824
128.028147733 10.7006482562
125.680945674 7.20765085379
123.144763284 3.86033772035
120.414468935 0.676938801684
117.485319203 -2.32283061313
114.353902147 -5.11785155946
111.019192984 -7.68580962402
107.483697593 -10.003561084
103.754613357 -12.0476827209
99.8448842706 -13.7952160576
95.773979168 -15.224590579
91.5681969793 -16.3166743606
87.2603228272 -17.0558603941
82.8885382828 -17.4310637141
78.4946232078 -17.4364915913
74.1216435365 -17.0720668363
69.8114475174 -16.3434335925
65.6023433871 -15.2615446133
61.527283623 -13.8418989437
57.6127543231 -12.1035490115
53.8784113948 -10.0680148254
50.3373699274 -7.75823086371
46.9969719325 -5.19761842999
43.8598362072 -2.40933613585
40.9250180605 0.584275180494
38.1891543634 3.76206328996
35.6475220193 7.10427665964
33.2949841252 10.5926491006
31.1268337619 14.2103874649
29.1395716123 17.9420881634
27.3316744914 21.773601665
25.7044329745 25.6918567204
24.2629647376 29.6846480788
23.0175558526 33.7403823253
21.9855608238 37.8477645543
21.1942315485 41.995390641
20.6850985258 46.1711794266
20.5209990982 50.3615228974
20.7977492706 54.5499217188
21.6642200136 58.7146433681
23.358049009 62.8244378155
26.2706953437 66.8302058011
31.064529213 70.6479132282
38.8548086755 74.1227729226
51.292799991 76.9608544882
69.5589961928 78.6603897904
80.118533167 82.0304218834
108.813461059 80.8278215487
126.573680388 77.8642044711
136.008407621 74.1015429323
141.073217181 69.9939699079
143.817354818 65.7258070485
145.224238835 61.3798609102
145.794288421 56.9989088289
145.800793445 52.6082596858
145.40215409 48.2249213158
144.694348353 43.861745474
143.737209755 39.5294956895
142.568433089 35.2379796222
141.211451764 30.9967302885
139.680079503 26.8154584188
137.981363006 22.7043848037
136.117410915 18.6745085352
134.086627226 14.7378402454
131.884603728 10.907614356
129.504834307 7.1984844432
126.939364735 3.62669786785
124.179464517 0.21023817059
121.216390755 -3.03108443239
118.042299433 -6.07562286488
114.651339874 -8.900000295
111.040936532 -11.4793779775
107.21321349 -13.787928383
103.176449696 -15.7995494041
98.9463747006 -17.4888321337
94.5470456914 -18.8322543268
90.0110197735 -19.8095170359
85.3785866732 -20.4048842111
80.6959747732 -20.6083433818
76.0126664855 -20.4164009224
71.3781899653 -19.8323701148
66.8389032807 -18.8660979889
62.4352893595 -17.5331821662
58.2001343616 -15.8538175936
54.1577321792 -13.8514591264
50.3240333545 -11.551482563
46.7075063683 -8.97998580072
43.310425482 -6.16281423654
40.1303244248 -3.12483963809
37.1614235204 0.110519144068
34.3959162114 3.52156899496
31.8250686878 7.0884533573
29.4401356855 10.7931446355
27.2331274832 14.619355384
25.1974830187 18.5523969439
23.3287186201 22.5790054316
21.6251382671 26.6871468078
20.0887178319 30.8658050988
18.7263240161 35.1047499257
17.5515186089 39.3942696926
16.5873686661 43.7248419462
15.8710131078 48.0866861507
15.4614018002 52.4690923962
15.4530335119 56.8593090219
16.0016833328 61.240517318
17.3756621973 65.5877842294
20.0652255469 69.8591404567
25.0315857237 73.9737010517
34.2757010071 77.7521973941
51.6920405201 80.7535143227
104.505052862 84.5315043496
132.947907544 81.4317445231
143.855567049 77.3105666588
148.51351896 72.8983077982
150.59226796 68.3814609478
151.388374576 63.8243035925
151.450990189 59.2559148553
151.046513355 54.6927008841
150.316952852 50.1458121831
149.342883259 45.6240784933
148.171638979 41.1353562437
146.831159579 36.687236986
145.337298656 32.2874747009
143.697911508 27.9442830239
141.91525321 23.6665722021
139.987448367 19.4641603949
137.909437651 15.3479770471
135.673633219 11.3302667543
133.270428558 7.4247956625
130.688665365 3.647056713
127.916139778 0.0144636415331
124.940221477 -3.45348425633
121.74865404 -6.73509437635
118.330596139 -9.80646931868
114.677942588 -12.6416427061
110.786922478 -15.2129224517
106.659900991 -17.4915027978
102.307210825 -19.4483925077
97.74872279 -21.0556702264
93.0147695971 -22.2880159545
88.1460190721 -23.1243864059
83.1920088345 -23.5496225157
78.20831927 -23.5557317951
73.2527146003 -23.1426071749
68.3808911869 -22.3180369649
63.6425979901 -21.0970038348
59.078774815 -19.5004147577
54.7200480225 -17.5534986932
50.586569605 -15.284129779
46.6889170872 -12.721289636
43.0296516882 -9.89380335352
39.6051469373 -6.82940224069
36.4073941333 -3.55410368114
33.4256074632 -0.0918613681142
30.6475529421 3.53557526888
28.0605968782 7.30865276743
25.6525120048 11.2099078218
23.4121004968 15.2238035388
21.3297020511 19.3365358448
19.3976603309 23.5358282771
17.6108296566 27.8107254527
15.9672235575 32.1513890723
14.4689488251 36.5488945906
13.1236533004 40.995020359
11.9468848415 45.4820118891
10.9661066142 50.0022873675
10.2278646366 54.5480162294
9.81133748035 59.1104236426
9.8558565532 63.6784733668
10.6221523073 68.2360116928
12.6457503332 72.754586756
17.1845763785 77.1717876053
27.7778244527 81.3082852423
55.3743149127 84.4668486444
78.5379571549 87.9145070273
145.302735567 84.8540007371
155.336210059 80.2897213439
157.939284259 75.591946166
158.513517797 70.8667848772
158.245620928 66.1397493786
157.537332434 61.4219625098
156.55900958 56.7205292542
155.392865609 52.0412386979
154.081394516 47.3895200556
152.646846273 42.7708750084
151.100071375 38.1911256134
149.444908101 33.6565930671
147.680503988 29.174253208
145.802603258 24.751889744
143.804286933 20.3982560828
141.676415287 16.1232518784
139.407913473 11.9381174938
136.985990616 7.85564695197
134.396360998 3.89041666807
131.623529924 0.0590225628688
128.651209478 -3.61968869113
125.462935951 -7.12441822624
122.042965635 -10.4312801966
118.377521363 -13.5137862904
114.456437301 -16.3430188054
110.2751903 -18.8880743646
105.837200409 -21.1168610746
101.156131022 -22.9973091936
96.2577475129 -24.498998084
91.1807683748 -25.5951071441
85.9761608272 -26.2644801994
80.7045739803 -26.4934894877
75.4320576244 -26.2773490869
70.224738006 -25.620597544
65.1434784056 -24.5366402502
60.2395577115 -23.0464553758
55.5520516036 -21.1767401238
51.107078981 -18.957847068
46.9186167974 -16.4218265892
42.9903387298 -13.6007891978
39.3179097767 -10.5256831028
35.8912911736 -7.22548636861
32.6967813702 -3.72675464763
29.718672046 -0.0534419268964
26.940505192 3.77308802859
24.3459776581 7.73392924589
21.9195651716 11.8124332284
19.6469425839 15.9939780167
17.5152722619 20.265730875
15.5134259819 24.6164190791
13.6322028239 29.0361163623
11.8646112707 33.5160478373
10.206304717 38.0484128996
8.65630889295 42.6262229934
7.2182858987 47.243148232
5.90281059217 51.8933622051
4.73166510389 56.5713644621
3.74647557446 61.2717360227
3.02766731263 65.9887162559
2.74138097922 70.7152743703
3.27731813747 75.4405072132
5.77573658421 80.1397685137
15.3256280538 84.7130666487
186.826345101 87.5453209847
174.160896985 82.7636755394
170.453084295 77.9299404421
168.031533426 73.0955984101
166.023872166 68.2692411937
164.188424501 63.4556716771
162.428655358 58.658987258
160.696063209 53.8832398131
158.961602914 49.1326746906
157.205113573 44.4118656639
155.410735012 39.7258226363
153.56466006 35.0800970009
151.653909445 30.4808952513
149.665596067 25.9352068428
147.58644229 21.4509506472
145.402440154 17.0371435943
143.098604579 12.70409444
140.658802644 8.46362457017
138.065664268 4.3293158651
135.300598371 0.316782325236
132.343957449 -3.55604336955
129.175413438 -7.26862587883
125.77462741 -10.7975761517
122.122310023 -14.1164813391
118.201768333 -17.1958857712
114.001000844 -20.0035166347
109.515314399 -22.5048657082
104.750275135 -24.6642373729
99.7245744169 -26.4463351885
94.4721418596 -27.8183683739
89.0426901438 -28.7525147606
83.4999881218 -29.2284093895
77.9176291392 -29.2352055502
72.3728042503 -28.7727569232
66.9392973484 -27.8516341599
61.6812177986 -26.4919717055
56.6487028737 -24.7214249484
51.8761215627 -22.5726867076
47.3825645673 -20.0810182145
43.1739250599 -17.2821297695
39.2457537988 -14.2105790399
35.5862145674 -10.8987089659
32.1787137935 -7.37605470153
29.0040109894 -3.66910982235
26.0417802081 0.198659873187
23.2716827602 4.20664922345
20.6740464194 8.33686398596
18.2302482637 12.5736371318
15.9228842101 16.9033419279
13.7357886926 21.3141196123
11.6539479591 25.7956306838
9.66333161327 30.3388332217
7.75064830249 34.935788282
5.90300945027 39.5794904976
4.10745242029 44.2637209655
2.3502156778 48.982918847
0.615535421725 53.7320673697
358.883444837 58.5065883159
357.125302476 63.3022346404
355.293523335 68.1149570958
353.293985551 72.9406711185
350.893113595 77.7746228141
347.261054897 82.6084852722
335.474133332 87.3955525738
261.970758365 86.5654948203
204.6083672 84.0665205167
187.236956658 79.6588032531
179.60716045 74.9389536033
174.951238133 70.1351365748
171.537700532 65.3043405992
168.74360158 60.4687042237
166.290231998 55.639950053
164.032608591 50.8259797802
161.886069723 46.0331888737
159.79612849 41.2674565471
157.724500066 36.5346523107
155.641980923 31.8409479073
153.524521625 27.1930492926
151.350905016 22.5984003525
149.101284022 18.0653847651
146.756208182 13.6035412851
144.295949268 9.22380219838
141.700032457 4.93876116104
138.946937299 0.762973208204
136.013973838 -3.28671498242
132.877374553 -7.19081384006
129.512676766 -10.9268394821
125.895502647 -14.4690003387
122.002868244 -17.7879844723
117.815153576 -20.8509412639
113.318815921 -23.6217843273
108.509792638 -26.0619664509
103.397289593 -28.1318712077
98.0072993869 -29.7929015859
92.384842433 -31.0102009567
86.5937856149 -31.7557236658
80.7134147348 -32.0111452703
74.8318022006 -31.76998173
69.037145771 -31.0383813371
63.4090773407 -29.8343738055
58.0119534318 -28.1857810442
52.8913331778 -26.1273197811
48.0737152807 -23.6975273862
43.568727141 -20.9360262316
39.3726226295 -17.881415875
35.4720736456 -14.5698629093
31.847589189 -11.0343109508
28.4762493936 -7.30416696099
25.3336955588 -3.40531273169
22.3954558716 0.639686202362
19.6377383117 4.81126881928
17.0378226207 9.09252746769
14.5741593054 13.4688561155
12.2262513 17.9276192035
9.97435993199 22.4578506261
7.79904168434 27.0499849185
5.68048142126 31.6956179725
3.59753080479 36.3872911667
1.52626629945 41.1182892908
359.437703854 45.8824372237
357.293941606 50.6738694717
355.041182296 55.4867220763
352.59607909 60.3146353531
349.816375529 65.1497877061
346.429733418 69.9806497843
341.830882197 74.7856306017
334.351838229 79.5097751493
317.558591949 83.9368847849
238.382493938 83.4519402327
208.098658592 80.4285320955
193.443815574 76.2239229036
185.185687216 71.6377602819
179.694010702 66.9030299134
175.581391833 62.10304634
172.233443933 57.2750785772
169.339899717 52.4392324841
166.726638457 47.608281345
164.287014287 42.7916137194
161.950495931 37.9970511363
159.666990469 33.2317964941
157.398392362 28.5029970787
155.113718328 23.818129602
152.786134333 19.1853053639
150.391034631 14.613546634
147.904736076 10.1130636211
145.303555676 5.69555046753
142.563152754 1.37451223935
139.658088155 -2.83437043163
136.561605856 -6.91283883333
133.245689833 -10.8396252785
129.681496737 -14.5900187045
125.840312218 -18.1354752871
121.69521525 -21.4433565208
117.223635991 -24.4769209129
112.410914879 -27.1957420938
107.25475662 -29.5567574372
101.770080092 -31.516133658
95.9932319282 -33.0320257948
89.9840578578 -34.0680746328
83.82428439 -34.5971653633
77.6114101148 -34.6046821107
71.4488018998 -34.0904261117
65.4342679757 -33.0686429666
59.6500752549 -31.5661507078
54.1567180795 -29.6191109605
48.9911806943 -27.2692725994
44.1689257499 -24.5604589645
39.6880703895 -21.5357850332
35.5342350467 -18.2357674824
31.6850174065 -14.6972559144
28.1135791796 -10.9530003399
24.7912309492 -7.03165043918
21.6891189901 -2.95801259575
18.7791987346 1.24656275896
16.0346799417 5.56374703141
13.4300926459 9.97780189822
10.9410758352 14.4751756908
8.54394306065 19.044137563
6.21503180984 23.6744494397
3.9297908882 28.3570692517
1.66148989472 33.0838736551
359.379323443 37.8473820491
357.045482169 42.6404529983
354.610368484 47.4559029435
352.004302586 52.2859512847
349.122171832 57.1212896708
345.792802479 61.9493053617
341.712104862 66.7502383955
336.280183998 71.4876579418
328.148659925 76.0806465795
313.80429327 80.3046571123
284.209566377 83.3913984747
261.183828257 81.3106392048
229.639266687 79.9998478113
209.011385576 76.7683048437
196.686117364 72.6626126666
188.700039114 68.1761790453
182.993541375 63.508345088
178.571910595 58.7477399098
174.922748976 53.939288798
171.760020304 49.1087994071
168.91165419 44.2729486431
166.266898775 39.4437957469
163.749847065 34.6310338578
161.305219562 29.8432265153
158.890260036 25.0885596712
156.46985403 20.3753549436
154.01342922 15.7124674453
151.4928833 11.109635402
148.881130176 6.57782155294
146.151040639 2.12957220903
143.274662569 -2.22058855261
140.222679264 -6.45571883564
136.964124626 -10.5559704136
133.466433146 -14.498061651
129.695966862 -18.2547421178
125.61922842 -21.7943113783
121.205022628 -25.0803017773
116.4278284 -28.0714968425
111.272517127 -30.7225223016
105.740209084 -32.9852857284
99.8544379062 -34.8114989706
93.6659928872 -36.1563281565
87.2542207069 -36.9828489042
80.7228275923 -37.2665226198
74.1897661471 -36.9985872971
67.7731940617 -36.1873504888
61.5773738976 -34.8569631885
55.6824128266 -33.0440744285
50.1398963591 -30.793368912
44.9740599474 -28.1530983498
40.1865644175 -25.1714027431
35.762649501 -21.8937561839
31.6770135092 -18.3615001315
27.8985683404 -14.6112329268
24.3938479963 -10.6747792652
21.1292004792 -6.57950097842
18.0720235799 -2.34877565201
15.191307935 1.99746828135
12.4576982892 6.44222355131
9.84321703098 10.9709141369
7.32072971568 15.5709537629
4.863173025 20.2313504848
2.44250570591 24.942346845
0.0282702459597 29.69507834
357.585545795 34.4812246528
355.07189094 39.2926142655
352.432537019 44.1207164434
349.592421752 48.9558998048
346.442239236 53.7862174346
342.812516139 58.5952016071
338.422171889 63.3574571188
332.768952837 68.0289420094
324.880331251 72.5231240276
312.7449438 76.6461711677
292.460346882 79.9188595187
247.659148176 78.4921649504
224.840617493 76.464502961
209.07231929 73.1029821216
198.476531202 69.044158294
190.983056567 64.6258968075
185.330327213 60.0129989497
180.809843316 55.2900896549
177.013668223 50.5044394893
173.69489168 45.6849129537
170.69576884 40.8507812532
167.909991609 36.0161168037
165.262035795 31.1921513607
162.695315757 26.3886425609
160.165063453 21.6147367665
157.633841167 16.8795712588
155.06857448 12.1927452942
152.438491284 7.56473436849
149.713620127 3.00729409295
146.863653977 -1.46611484163
143.85708231 -5.83985820494
140.660566848 -10.0956014318
137.238603287 -14.2117193187
133.553585376 -18.1626528149
129.566474621 -21.9182504613
125.238374442 -25.44317619
120.53338494 -28.6965317466
115.423107907 -31.6319299313
109.892961906 -34.1983462062
103.949902742 -36.3421210542
97.6301539983 -38.0103945846
91.0043750085 -39.1559288967
84.1770844919 -39.7426980863
77.2781463403 -39.7509976642
70.4470404098 -39.1805572118
63.8141355343 -38.0505852392
57.4848063988 -36.3967299755
51.5306926645 -34.266004391
45.988922687 -31.7111898284
40.8671651074 -28.7859808677
36.1513280992 -25.541509672
31.8133044273 -22.0243071145
27.8173346204 -18.2754246011
24.1245617478 -14.3303443559
20.6959274369 -10.2193484056
17.4937763555 -5.96810742879
14.4825467417 -1.59833902933
11.628848375 2.87154780282
8.90113393925 7.4258605593
6.26908238379 12.0510945825
3.70273866393 16.7354631046
1.17138719431 21.4684713531
358.642064407 26.2405125556
356.077520238 31.0424547212
353.433288068 35.8651724319
350.653260232 40.6989505178
347.662677358 45.5326325552
344.356483949 50.3522762692
340.579056517 55.1388392472
336.087225143 59.8638764593
330.479922205 64.4809320948
323.061556423 68.9070698451
312.593408062 72.9811676593
297.029719347 76.3730360513
274.433001231 78.4561983582
260.992857171 76.2441491735
239.237260414 75.3490866146
221.620264062 72.8952321083
208.778212358 69.436202729
199.479512634 65.396632784
192.499590439 61.0235643663
187.013236006 56.4532185115
182.506245857 51.7630301785
178.656598253 46.9996425616
175.256181842 42.1930861934
172.164999196 37.3641086982
169.284702305 32.5281415348
166.542986969 27.6975698468
163.884090114 22.8831168505
161.262782015 18.094754219
158.640407013 13.3423577905
155.98215233 8.636232589
153.255069052 3.98758239976
150.426566493 -0.591026421435
147.463222071 -5.08517116578
144.329833095 -9.47802194066
140.988708852 -13.7497144881
137.399278301 -17.8766384588
133.518183833 -21.8306527506
129.300152197 -25.5782753609
124.70007213 -29.0799563011
119.67682143 -32.2896366578
114.199363888 -35.1549230301
108.255277323 -37.6183336709
101.860932562 -39.6201157936
95.0709595943 -41.1029460043
87.9829697251 -42.0182667119
80.7331799254 -42.3331293108
73.4811231322 -42.0356359372
66.3866716848 -41.1370666786
59.5869432058 -39.6698619694
53.1807286891 -37.6822485338
47.2238194543 -35.2314063655
41.7335315617 -32.377098473
36.6981010243 -29.1769183755
32.0868833744 -25.6834234631
27.8589440184 -21.9428522164
23.9692232833 -17.9949270683
20.3724201691 -13.8732836682
17.0251109665 -9.60619355739
13.8866473996 -5.21737404588
10.9192676707 -0.726774604982
8.08771522993 3.84870897932
5.35853876178 8.49460503954
2.69915113339 13.1983132614
0.0766478162054 17.9486096729
357.456313467 22.7351825492
354.799661855 27.5481638295
352.061735117 32.3776069597
349.187194532 37.2128370231
346.1043969 42.0415512989
342.716036794 46.8484551188
338.883796364 51.6130301356
334.402337393 56.3056416483
328.954309233 60.8803577189
322.033346249 65.2610749551
312.826293893 69.3141229306
300.120238747 72.797110911
282.66468743 75.2916636248
251.271194141 73.5726948815
233.501563268 72.0451675539
219.206124242 69.3071124182
208.32332597 65.7686410708
200.024756103 61.7329699789
193.521317462 57.3892056518
188.243728265 52.8510129464
183.809516465 48.1880619526
179.963025013 43.4448968818
176.529898675 38.6515145789
173.387516335 33.8293136389
170.44645329 28.9945426991
167.638808924 24.1603883978
164.910698472 19.3383109114
162.217271714 14.5389589329
159.519278732 9.77285258615
156.780592079 5.05094729461
153.966325481 0.385151411431
151.041330901 -4.21115113237
147.968950405 -8.72253366596
144.70997387 -13.1308830041
141.22182837 -17.4146543805
137.458117684 -21.548012931
133.368757405 -25.4998744872
128.901123008 -29.2329065854
124.002833034 -32.7026362001
118.626956335 -35.8569467953
112.740373174 -38.636429989
106.33538913 -40.9762325875
99.4431053684 -42.8100606164
92.1445248694 -44.0766274414
84.5731832562 -44.7278829097
76.9038430655 -44.7370616959
69.3272965419 -44.1037926482
62.0191427705 -42.8541736585
55.1142843891 -41.0357794291
48.6952004875 -38.7096556648
42.794250391 -35.9420623087
37.4046346637 -32.7979614898
32.4937696378 -29.3369469185
28.0149802213 -25.6113458119
23.9159547734 -21.665835461
20.144031274 -17.5379300335
16.6490367295 -13.2588669085
13.3844714099 -8.85460542542
10.3076657774 -4.3467884905
7.37933287428 0.246395651434
4.56276582956 4.9094652044
1.82280199897 9.62899849481
359.12458191 14.3930651162
356.432056223 19.1907026559
353.706119662 24.0113997947
350.902157272 28.8445350285
347.966648818 33.6786991345
344.832250043 38.5007900968
341.410386922 43.2946952476
337.579752513 48.0392349711
333.168046696 52.7047720539
327.922842437 57.2473691736
321.466638685 61.5984068729
313.237072524 65.6460533724
302.451347985 69.2042491591
288.27427084 71.9738533745
270.599009517 73.5466549028
260.905310065 71.3110923337
244.111714615 70.6224652716
229.30003276 68.6497950764
217.274545782 65.7060536546
207.798532965 62.1001747963
200.292446402 58.0597116098
194.215139116 53.7344229565
189.156644025 49.2202750636
184.825423211 44.5796036969
181.016221449 39.8542267762
177.582624737 35.0733985352
174.417596105 30.2586001483
171.44038231 25.4264832317
168.58777169 20.5907437784
165.808176074 15.7633751152
163.057514917 10.9555617728
160.29624266 6.17837234929
157.487097287 1.44335204129
154.593299871 -3.23691592563
151.577035683 -7.8482275502
148.398122351 -12.3741103605
145.012839635 -16.795072506
141.372977911 -21.0877168589
137.425279781 -25.2237022838
133.111624928 -29.1685658444
128.37055961 -32.8804852337
123.141081334 -36.3091825424
117.369836778 -39.3953693935
111.022748721 -42.0714010234
104.100952296 -44.2640453075
96.6581781224 -45.9002217512
88.8127508331 -46.9158339085
80.7449421794 -47.266231798
72.6739983256 -46.9350593787
64.8197408529 -45.9378232978
57.3639260756 -44.318507001
50.4267200884 -42.1408225243
44.063529387 -39.4777418441
38.2767193459 -36.4025905934
33.0329588122 -32.9832198301
28.2792518567 -29.2791652222
23.9546944678 -25.3409477839
19.9977839708 -21.2106059653
16.3502821794 -16.9227837213
12.958793854 -12.5059678663
9.77497962028 -7.9836692037
6.75501281492 -3.37546564607
3.85863631652 1.30210770571
1.04799780739 6.03480426313
358.286323321 10.8100159137
355.536405799 15.6161891452
352.758816235 20.4422639135
349.90967064 25.2770832296
346.937686478 30.1087049729
343.780112531 34.9235166042
340.35688257 39.7049971299
336.561984976 44.4318688086
332.250539062 49.075197844
327.219568635 53.5936800367
321.180815462 57.9258157523
313.728555171 61.9769983939
304.325370199 65.5995818394
292.389122609 68.5687995515
277.66196135 70.5777442193
253.212985696 68.7289977904
238.668321946 67.495676703
226.053070747 65.1960257409
215.66634238 62.094781068
207.251808549 58.4304968197
200.38887096 54.3804233397
194.688491391 50.0663035813
189.844907813 45.5701123051
185.630815834 40.9476068308
181.879254922 36.2376992684
178.466487429 31.4685104448
175.298903228 26.6612294964
172.303647303 21.8326076059
169.422017884 16.9966186865
166.604773816 12.1656169368
163.808712349 7.35119632112
160.994072754 2.56488341976
158.122462387 -2.1812471181
155.155100196 -6.87396853488
152.051244212 -11.4982551451
148.766730597 -16.0365437012
145.252619927 -20.4678564201
141.454043206 -24.7667439543
137.309495408 -28.9020218922
132.751074895 -32.8353148783
127.706543565 -36.5195130167
122.104558727 -39.8974217084
115.884797121 -42.9011820673
109.014364386 -45.4534354062
101.509789127 -47.4715190601
93.4591339713 -48.8757448303
85.0327125399 -49.6014084661
76.4694431523 -49.6116088454
68.0357769331 -48.9058280049
59.9720575429 -47.5200594436
52.4508195978 -45.5184170729
45.5623480758 -42.9803595804
39.3248788716 -39.9886057238
33.7065738457 -36.6207382033
28.6476200397 -32.9449060574
24.0768190463 -29.0185948009
19.9218710636 -24.8891731972
16.1147184648 -20.5952319004
12.5936735533 -16.1681268506
9.30369483659 -11.6334397988
6.19569892855 -7.01224775891
3.22541513089 -2.32218561532
0.352035995786 2.42167239634
357.536759822 7.20607085598
354.741223009 12.018924543
351.925751718 16.8487141213
349.047301363 21.6838721998
346.056881512 26.512094332
342.896166612 31.3194867274
339.492853254 36.0894210043
335.754132204 40.8008939705
331.557420526 45.4260675844
326.737398141 49.9264642761
321.068999825 54.2469997225
314.249205735 58.3067351334
305.891340259 61.9854571184
295.573825847 65.1079014786
283.029824884 67.4372580544
268.533802699 68.7083591283
260.854208904 66.4671482774
247.074811561 65.9029248563
234.397137379 64.2504742871
223.445606438 61.7013550097
214.294206875 58.474734495
206.710928034 54.7593189026
200.380777183 50.6971947832
195.013551345 46.3894050821
190.374511016 41.9067317053
186.282792717 37.2991576191
182.600753142 32.602735904
179.222943325 27.8442603538
176.067097139 23.0443899458
173.067311147 18.2197585839
170.168993246 13.384438875
167.325095306 8.55100359464
164.493226972 3.73134568143
161.633346124 -1.06263357027
158.705802962 -5.81838829312
155.669576793 -10.5220797973
152.480595299 -15.1578588551
149.090077858 -19.7070218768
145.442915895 -24.1469828985
141.476223045 -28.4500052758
137.118400655 -32.5816533859
132.289431109 -36.4989770784
126.903689156 -40.1485690342
120.877310896 -43.4648961234
114.142712425 -46.3697552916
106.67211247 -48.7742984328
98.5079576408 -50.5854561724
89.789821598 -51.717918945
80.7587820357 -52.1101955565
71.7232940263 -51.7393307061
62.9928260648 -50.627089088
54.8109750702 -48.834085502
47.3202234766 -46.4452087194
40.5654040552 -43.5535091137
34.520256536 -40.2480676583
29.117942493 -36.6074271373
24.2748164597 -32.6974709797
19.9051781808 -28.5719190143
15.9288039915 -24.2739794108
12.2738535489 -19.8382910881
8.87721258258 -15.292745762
5.68358093108 -10.6600443661
2.64403140401 -5.9589728259
359.714392802 -1.20543605536
356.853594326 3.5866939134
354.021986926 8.40485757441
351.179584891 13.2371587218
348.284118954 18.0717290496
345.288741735 22.8960429307
342.139164753 27.6961032649
338.76992548 32.4553899866
335.099384817 37.1534124749
331.02297174 41.7636254862
326.404245451 46.2503445668
321.0639163 50.5641348952
314.769093365 54.6350221587
307.23114966 58.3631088575
298.134772834 61.6077733581
287.24242408 64.1817281869
274.613913949 65.8661222366
254.44516599 63.9402991365
242.112654705 62.9017462727
230.954811692 60.9212519888
221.294057524 58.1758927335
213.106448897 54.846792566
206.193311322 51.086445748
200.312418123 47.011362089
195.240782286 42.7068260444
190.793769008 38.2345484998
186.82483365 33.6394848727
183.219013342 28.9549822368
179.885613755 24.2064322003
176.75186411 19.4138180323
173.757860035 14.5935035118
170.852631488 9.75952207182
167.991062932 4.92454790765
165.131406571 0.100676411831
162.233173293 -4.69989331209
159.255229384 -9.46420091716
156.153964021 -14.1778283284
152.881427584 -18.8241013906
149.383386282 -23.3831221138
145.597317511 -27.8305569477
141.450524179 -32.1361037729
136.858845739 -36.2615769648
131.72699433 -40.158618431
125.952452805 -43.7662252257
119.436079753 -47.0086791552
112.10338865 -49.7951619838
103.9388095 -52.0232388764
95.0275944631 -53.5887904025
85.5855588359 -54.4033226423
75.946639626 -54.414754888
66.4942264675 -53.622345146
57.5647888487 -52.076919166
49.3778442158 -49.8662555442
42.0219889272 -47.09431594
35.4838800088 -43.8637573007
29.6901455984 -40.2657934927
24.5419845075 -36.3765674508
19.9367924399 -32.2574629117
15.7790087637 -27.9571499047
11.9841524125 -23.5140567676
8.47922572851 -18.9586682796
5.20145360923 -14.3154517713
2.0964063748 -9.60440018189
359.115995453 -4.84225172022
356.216526088 -0.0434633463406
353.356834543 4.77898719221
350.496456962 9.61290307174
347.5937311 14.4462109089
344.603697011 19.2662803294
341.475626069 24.0591481189
338.149964472 28.8085550628
334.554433257 33.494669521
330.599011316 38.092318167
326.169631295 42.5684681001
321.12088193 46.8786155035
315.269417448 50.9616914174
308.39334454 54.7332927816
300.250393226 58.0780210677
290.638841713 60.8445200244
279.526423338 62.8522333022
267.222290429 63.9231116109
260.820142621 61.6744118267
249.093261038 61.1945665787
238.041890626 59.7712259328
228.120995161 57.529336481
219.485215407 54.6259353948
212.070813913 51.211587825
205.710778048 47.4118043226
200.214643839 43.3238845554
195.406860462 39.0208165049
191.139187587 34.5568646996
187.290953432 29.9726133181
183.764943108 25.2988987304
180.482409875 20.5597040671
177.378501335 15.7742523987
174.398429217 10.9585301134
171.494342797 6.12642460966
168.622750806 1.29061368746
165.742318031 -3.53669083117
162.811874935 -8.34306500217
159.7884967 -13.115191434
156.625525891 -17.8381084992
153.270434566 -22.4943186339
149.662461653 -27.0626726389
145.730051145 -31.5169316936
141.388318973 -35.8238980679
136.537207274 -39.9410204211
131.061830711 -43.8134697522
124.837986779 -47.3709496194
117.74780317 -50.5251175758
109.711696911 -53.1696076993
100.739056705 -55.1860133702
90.9849605194 -56.4593758297
80.7757303423 -56.9029383326
70.5599542808 -56.4834623909
60.7881066674 -55.2324683767
51.7909653302 -53.2355589583
43.7282721339 -50.6072902686
36.612727546 -47.4662402944
30.366455892 -43.9192302928
24.8721287734 -40.0551216226
20.0054491229 -35.9446798214
15.6511681444 -31.6431148916
11.7088001378 -27.193270357
8.09306366347 -22.6285604174
4.73207129407 -17.9753801925
1.56480416603 -13.2549886197
358.538546911 -8.48495697956
355.606519016 -3.68029214397
352.725731916 1.14566675352
349.855009293 5.98049476021
346.953067259 10.8119989953
343.976529216 15.6275417498
340.877732415 20.4133003004
337.602165114 25.1533837385
334.085360722 29.8287052051
330.249092198 34.4154734803
325.996820329 38.88312143
321.208705959 43.1914409476
315.737432298 47.2866863268
309.408230982 51.096563051
302.030706745 54.5246343242
293.43610107 57.4463031861
283.55565869 59.7116187006
272.53523961 61.1632358039
255.311537894 59.177799153
244.601887997 58.2794608504
234.65672912 56.5421302524
225.750569239 54.0885814364
217.946101612 51.0556766625
211.166528484 47.569659927
205.272050822 43.7354583312
200.110056099 39.6355565158
195.539513273 35.3331457391
191.439287199 30.8763027266
187.708568742 26.3018026728
184.264193412 21.6381754197
181.03714309 16.908027378
177.969166496 12.129776065
175.009807783 7.31895459558
172.113856133 2.48921956745
169.23912399 -2.34683180696
166.344427986 -7.17695083747
163.387639015 -11.9885611556
160.323667047 -16.7680498949
157.102247039 -21.4999548931
153.665399463 -26.165963932
149.944471209 -30.743620889
145.856764603 -35.2046061631
141.302031265 -39.512434397
136.159738553 -43.6194210593
130.289347926 -47.4628883127
123.538287005 -50.9609815948
115.765715429 -54.0094504271
106.891855473 -56.4825731758
96.9739649188 -58.2434846318
86.2797107656 -59.1684645965
75.2899561111 -59.1814475291
64.5802254523 -58.2813285898
54.6361560408 -56.5423973739
45.7317967964 -54.0875536539
37.9293946734 -51.053704743
31.1518539825 -47.5670836028
25.2592268763 -43.73257971
20.0988512421 -39.6326330453
15.5296987815 -35.3303924621
11.430659533 -30.8738975986
7.70095626523 -26.2998920668
4.25745599602 -21.6368787938
1.03116909207 -16.9074409119
357.963869245 -12.1299753727
355.005122494 -7.31999669881
352.109737632 -2.49114429792
349.235545383 2.34400084693
346.341380354 7.17320567555
343.385132233 11.9839091775
340.321731892 16.7625139164
337.100938836 21.4935736502
333.664803605 26.1587931332
329.944710958 30.7357350674
325.858011427 35.1961016792
321.304517407 39.5034340646
316.16376981 43.6100809121
310.295310588 47.4534067742
303.546634858 50.9516101896
295.776910741 54.0005021926
286.906231264 56.4744192239
276.991504511 58.2365231784
266.299838428 59.1630506967
260.795391755 56.8983941921
250.580331929 56.4805577927
240.808118605 55.2311354274
231.809788058 53.2355871189
223.745446354 50.6083880025
216.628106236 47.4680933393
210.380092218 43.9215393145
204.884175653 40.0576197656
200.016093127 35.9471374197
195.660593598 31.6453379446
191.717172776 27.1950967913
188.100525025 22.6298560847
184.738738285 17.976035365
181.570770719 13.2549151756
178.543886152 8.48408624326
175.611285182 3.67857327272
172.729961658 -1.1482679425
169.858722158 -5.98399660441
166.956265195 -10.8164044888
163.979194893 -15.6328387356
160.879826076 -20.4194613054
157.603619538 -25.1603653384
154.086073717 -29.8364467157
150.24891592 -34.4238946422
145.995546816 -38.8921185832
141.206049 -43.2008809843
135.733008316 -47.2963975896
129.40154823 -51.1063226699
122.021186213 -54.5341532493
113.423173891 -57.4552152549
103.538992304 -59.7194898836
92.5150731227 -61.1696183732
80.7975154237 -61.6789531405
69.0698120528 -61.1971271518
58.0192529377 -59.7719215798
48.1002726311 -57.528474966
39.4668750528 -54.6239078557
32.0548684714 -51.2087836619
25.697011171 -47.4085693452
20.2027638748 -43.320509846
15.3965791891 -39.0175416533
11.1302517699 -34.5538854268
7.28315280178 -29.9700891167
3.75810843517 -25.2969591298
0.476407820437 -20.5584533601
357.373228985 -15.773773066
354.393809412 -10.9588852482
351.4903206 -6.12765960158
348.619291159 -1.29275735917
345.739404567 3.53362551027
342.809509946 8.33908055624
339.786702298 13.1103058605
336.62434648 17.8323556265
333.269940811 22.4877489535
329.662756125 27.0553547788
325.73127573 31.5089547741
321.390663673 35.8153752576
316.540918887 39.9320940146
311.06721735 43.8043178978
304.845409431 47.3617940906
297.757638544 50.5162301576
289.724250987 53.1613093391
280.754419912 55.178656121
271.002843579 56.4532977337
255.965583754 54.4109660311
246.513377703 53.6200433587
237.583323984 52.0759852276
229.39518787 49.8664685738
222.037843552 47.0954035361
215.498168123 43.8654373778
209.702927383 40.2678001375
204.553388883 36.3786629452
199.946971791 32.2594410793
195.788113627 27.9588351302
191.992319309 23.5153013642
188.486572486 18.9593495618
185.208078485 14.3154694073
182.102388818 9.60367400164
179.121397321 4.84071998416
176.221392698 0.0410814168495
173.36119519 -4.78224784058
170.500324679 -9.61705554998
167.597101397 -14.4512533362
164.60654531 -19.2721959571
161.477903373 -24.0659050766
158.151590626 -28.8161055693
154.555286868 -33.5029482818
150.598915137 -38.1012394991
146.168331802 -42.5779210577
141.118022749 -46.8884559257
135.264510087 -50.9717295384
128.385751111 -54.7432754336
120.239361663 -58.0876103863
110.623673693 -60.8532796101
99.5068573323 -62.8596502034
87.1990001966 -63.928692439
74.4198998838 -63.9437337839
62.0876060707 -62.903033292
50.9316902236 -60.9206751338
41.273682388 -58.173884816
33.0889297697 -54.8438049699
26.1783922441 -51.0828799417
20.2997246962 -47.0075509567
15.2299446119 -42.7030384261
10.7844672725 -38.2310002737
6.81680730475 -33.6363496993
3.21205635893 -28.9524000471
359.879566096 -24.2045153793
356.746603381 -19.4126557575
353.753294606 -14.5931647397
350.84869531 -9.76005756248
347.987711944 -4.92599156729
345.128616512 -0.103046135812
342.230938777 4.69659518661
339.253564175 9.45998750199
336.152902495 14.1727284242
332.881027434 18.8181601336
329.383732532 23.3764021405
325.598527792 27.8231402437
321.45275491 32.128094415
316.862298067 36.2531049584
311.731917073 40.1498446945
305.959136727 43.7573472823
299.444833347 46.9999359425
292.1144823 49.7868340787
283.952379438 52.0156377118
275.043521688 53.5822291072
265.603381788 54.3980667948
260.776265835 52.1056790924
251.741398819 51.7361791489
243.010804153 50.6252618379
234.828212001 48.8334343121
227.336317743 46.4455139577
220.580162654 43.5545189155
214.533643312 40.2495281061
209.130018034 36.6091004545
204.285689914 32.6991440712
199.914975471 28.5734059834
195.937649535 24.2751209817
192.281861015 19.8389527604
188.884480977 15.2928156629
185.690193489 10.6594312389
182.650055758 5.95760431076
179.719881519 1.20325728916
176.858585292 -3.58972140393
174.026503236 -8.40875672005
171.183633955 -13.2419375197
168.287690505 -18.0773809273
165.291804312 -22.9025468172
162.141660003 -27.7034232585
158.771759305 -32.4634744091
155.100413921 -37.1621919429
151.022983524 -41.773009368
146.402928832 -46.2602147717
141.060821911 -50.5743353407
134.763587366 -54.6453416466
127.222385038 -58.3732554907
118.121751798 -61.6173435186
107.224302532 -64.1901900849
94.5906691656 -65.8728658957
80.8273246276 -66.4716568982
67.0470164973 -65.9050039432
54.3710428 -64.2503316622
43.4226544633 -61.6994586268
34.2747085666 -58.4716138475
26.694585879 -54.7554485144
20.3670994386 -50.6929610569
15.0020526708 -46.3851125398
10.3647803529 -41.9026194422
6.27450301068 -37.2954146733
2.59365134133 -32.5995128913
359.216836351 -27.8416776109
356.0618392 -23.0425430444
353.062793723 -18.2187220092
350.165137694 -13.3842684551
347.321847695 -8.55173807804
344.490554709 -3.73300772184
341.631236078 1.06003686689
338.70426086 5.8148651765
335.668627777 10.5176540112
332.48028559 15.15257013
329.090477486 19.7009268469
325.444122391 24.1401565515
321.478365754 28.4425430737
317.121644791 32.5736741794
312.293979631 36.490626825
306.909778703 40.1400249921
300.885195487 43.456370448
294.152626419 46.3614956204
286.684205957 48.7665812556
278.52220935 50.5785677095
269.805959556 51.712120594
256.48641406 49.6077378245
248.053006595 48.903199449
239.988953097 47.5185922608
232.466926869 45.5179489165
225.577386448 42.9806784565
219.338723485 39.9894800288
213.71921311 36.6219387341
208.65911175 32.9462191398
204.087256094 29.0198285703
199.931358632 24.8901595945
196.123360544 20.5958263919
192.601565796 16.1682071487
189.310921254 11.6329042844
186.202330684 7.01101394474
183.231510308 2.3201887853
180.357639645 -2.4244803335
177.541903836 -7.20972230465
174.745925485 -12.0234369625
171.930015483 -16.8540905733
169.051111257 -21.6901016778
166.060199846 -26.5191518012
162.898925868 -31.3273327335
159.49494461 -36.0980005829
155.755387592 -40.8101343725
151.557584798 -45.4358739522
146.736086682 -49.936711742
141.065637383 -54.2575193428
134.242950696 -58.3172897742
125.881034434 -61.9957035963
115.558111871 -65.1173439786
103.007731772 -67.4452318712
88.5059321487 -68.7141431164
73.1822388407 -68.7321151254
58.6385305678 -67.49616325
46.0267881994 -65.1943574836
35.6443026973 -62.0915856069
27.2336823586 -58.426347889
20.373993603 -54.3757782448
14.6762084975 -50.0615115176
9.83467990107 -45.5654395116
5.62222625674 -40.9432590725
1.87198985033 -36.233838008
358.460312664 -31.4652636422
355.293644844 -26.658698629
352.299177115 -21.8308721903
349.418243056 -16.9957391767
346.601629658 -12.1656365635
343.806157535 -7.35214222367
340.992086367 -2.56676728481
338.121042428 2.1784287916
335.154263301 6.87023448987
332.051026413 11.4936397353
328.767189033 16.0310976106
325.253835321 20.4616478018
321.456122813 24.7598600743
317.312575738 28.8945713516
312.755322836 32.8274303986
307.712153365 36.5113545383
302.111740685 39.8891790581
295.89375238 42.8930755782
289.025240768 45.4457116881
281.522618985 47.4644382072
273.4737693 48.8695561974
265.048790029 49.596316504
260.760767014 47.2617745279
252.69036321 46.9317365117
244.836113269 45.935610901
237.379844741 44.3172987447
230.441850679 42.1404516288
224.077675284 39.4780072857
218.289800498 36.4032800344
213.044978117 32.9841259046
208.290262939 29.2800952496
203.964776876 25.3417285433
200.007026497 21.2110853492
196.358772727 16.9228306734
192.966613826 12.5054715124
189.782201115 7.98253769381
186.761697396 3.37362497206
183.864834522 -1.30471479942
181.053748843 -6.03821923489
178.291654545 -10.8142652376
175.541331658 -15.621284981
172.76333627 -20.4482046215
169.913766063 -25.283853692
166.941314524 -30.1162766341
163.783197323 -34.9318470552
160.359300377 -39.7140289065
156.563540323 -44.4415267808
152.250925881 -49.0853840183
147.218307572 -53.6042635453
141.177156902 -57.93661391
133.721349152 -61.9877419606
124.312972566 -65.609856864
112.369632878 -68.5779746892
97.6344289443 -70.5849659888
80.8718199112 -71.3155390603
64.0773690332 -70.6238429491
49.2693384544 -68.6485104682
37.2491519363 -65.7028529495
27.7781250363 -62.0957717912
20.2760924119 -58.0546614164
14.2019262728 -53.7291323291
9.14584640801 -49.2150424084
4.81650102535 -44.5746528989
1.00878142531 -39.8497300447
357.576381283 -35.069490823
354.412341509 -30.2553880864
351.435965629 -25.424050657
348.584084222 -20.5891551594
345.805141532 -15.7626776663
343.055082906 -10.9557867312
340.294384508 -6.17953569405
337.485803615 -1.44545481674
334.592579492 3.23388759976
331.57691558 7.8443027524
328.398648534 12.3693339344
325.014078676 16.7895059577
321.375018863 21.0814396364
317.428235937 25.2168134766
313.115634404 29.1611862745
308.375782991 32.8727597452
303.147693593 36.3012819585
297.378009706 39.3874910332
291.032620221 42.0637658762
284.112581997 44.2568892635
276.671496846 45.8937784909
268.827523056 46.9103093334
256.919290761 44.7331593037
249.343019743 44.1009223681
242.034706936 42.8522796858
235.129334579 41.0347412165
228.709490813 38.7093081115
222.807642796 35.9422169374
217.417078822 32.7984239934
212.505276835 29.3375294102
208.025599525 25.6118741886
203.925754815 21.6661531459
200.153087845 17.5378993946
196.657425045 13.2583693536
193.392261646 8.85354083031
190.314920681 4.34507435051
187.386106565 -0.248825139358
184.569103149 -4.91266002838
181.82873797 -9.63299364202
179.130140944 -14.397881299
176.437250722 -19.1963469404
173.710947595 -24.0178661125
170.906598091 -28.8518045234
167.970656691 -33.6867402448
164.835742653 -38.5095581718
161.413226778 -43.3041313067
157.581715251 -48.0492628248
153.168766499 -52.715292209
147.921717548 -57.2582462732
141.462672129 -61.6094440161
133.228635563 -65.6569407039
122.435989349 -69.2144701109
108.249247167 -71.9825656872
90.5639703073 -73.5527379525
71.231483855 -73.5753223921
53.4648604217 -72.0444877262
39.1761377667 -69.303994103
28.2999210344 -65.7640046952
20.006561363 -61.727512389
13.507003347 -57.3834101626
8.23228827744 -52.8452164453
3.80023793914 -48.1825076185
359.955409855 -43.4397670436
356.523597022 -38.6469500662
353.382280169 -33.8254251063
350.442105633 -28.9914173122
347.635223626 -24.158093819
344.907786973 -19.3368976813
342.214974387 -14.5384618717
339.517559316 -9.77329157223
336.77943424 -5.05232762402
333.965730916 -0.387463848893
331.041318594 4.20793056053
327.969556763 8.71844412544
324.711253506 13.1259795673
321.223855238 17.4090090287
317.460986115 21.5417158583
313.372582298 25.4930356738
308.9060379 29.2256574838
304.00898416 32.6951311508
298.634490097 35.8493633927
292.74941442 38.6289670879
286.346009279 40.9691041189
279.455283978 42.8034833412
272.158115672 44.0708019338
264.587901834 44.7229698738
260.747707604 42.3287643726
253.496122804 42.0322058153
246.401756281 41.1345582041
239.601764541 39.6681982631
233.195015326 37.6813025675
227.237390408 35.231018502
221.746289854 32.3770933736
216.710016222 29.1771185214
212.097971475 25.6836585287
207.869249678 21.9429647834
203.978806262 17.9947756405
200.381345975 13.8727439204
197.03344487 9.60515854038
193.894450854 5.21575383021
190.926596286 0.724495659746
188.094617644 -3.8517045081
185.365055925 -8.49836006588
182.705315644 -13.2028564723
180.082482961 -17.9539561993
177.461831628 -22.7413345821
174.804861787 -27.5551111579
172.066597341 -32.3853273813
169.191673547 -37.221296524
166.108407866 -42.0507037889
162.719432312 -46.8582412802
158.886324871 -51.6233744511
154.403566415 -56.3164455535
148.953480558 -60.8914841926
142.029103988 -65.272313661
132.81622349 -69.3251117464
120.10043556 -72.807174839
102.631102772 -75.2996085498
80.9477487707 -76.2485067578
59.1921619472 -75.3493508658
41.5836644853 -72.8923159505
28.7507274931 -69.4313460197
19.4589888546 -65.3907510605
12.48397918 -61.0172464233
7.00109077314 -56.4468472459
2.49660634494 -51.7568683792
358.648827404 -46.9938810376
355.24984999 -42.1878697579
352.159811013 -37.3595503608
349.280451736 -32.5243304314
346.539529241 -27.6945757594
343.881324115 -22.8809928064
341.260639057 -18.0935379702
338.638843665 -13.3420726132
335.981145905 -8.6368876475
333.25461492 -3.98917280951
330.426676672 0.588519764445
327.463924749 5.08178196181
324.331172801 9.47379906747
320.990746976 13.7447227952
317.402093594 17.8709597751
313.521872291 21.8243870688
309.304825425 25.5715420746
304.705852839 29.0728952068
299.683834305 32.2824081689
294.207719963 35.1477066817
288.265050885 37.611323621
281.87213226 39.6135119071
275.083499975 41.0969396825
267.996654294 42.0130222935
257.292392008 39.7471114051
250.461561228 39.1775177166
243.828609426 38.0483542793
237.498957672 36.3952178411
231.544314385 34.265082906
226.001881494 31.7107071128
220.879393071 28.785774783
216.162808238 25.5414183418
211.824055272 22.0241762211
207.827396857 18.2751119175
204.133988021 14.3297222325
200.704775209 10.2183048896
197.502103243 5.96654654374
194.490407638 1.59618057394
191.636293747 -2.87436870943
188.908208826 -7.42939405425
186.27582571 -12.0553766868
183.70918256 -16.7405163663
181.177556036 -21.4743054889
178.6479732 -26.2471250785
176.083171841 -31.0498315333
173.438668372 -35.8732883405
170.658329725 -40.7077695811
167.667356054 -45.5421080544
164.360623642 -50.3623498566
160.58238763 -55.1494382329
156.089250117 -59.8749067133
150.479691624 -64.4922600393
143.057186226 -68.9184757656
132.581102114 -72.9922219645
117.002649387 -76.3827976376
94.3853953506 -78.4628363135
67.6023262468 -78.4939368063
44.7937895365 -76.4619737945
29.0389992841 -73.0979026526
18.453014828 -69.0378111436
10.9659426523 -64.6190216669
5.31744706097 -60.0060323451
0.799876495046 -55.2833119804
357.005794674 -50.4980465132
353.688584905 -45.6790503613
350.690679954 -40.8455619892
347.905883588 -36.0116301511
345.258745107 -31.1884678498
342.692729272 -26.3858166677
340.163104204 -21.612808383
337.63245941 -16.8785664512
335.067742079 -12.1926766262
332.438198254 -7.5656009408
329.713872627 -3.0090813768
326.864473308 1.4634353392
323.858504589 5.83632943156
320.66264305 10.0912814331
317.241399338 14.2066820261
313.557181808 18.1569889405
309.570965137 21.912068399
305.243862408 25.4366027063
300.539976583 28.6897120581
295.430900893 31.625026514
289.902028441 34.1915354147
283.960267923 36.3355864992
277.64177292 38.0043164949
271.01711559 39.1504696616
264.190724739 39.73798583
260.736323209 37.262285614
254.203676178 36.9951082222
247.78723382 36.1846234547
241.591280069 34.8549328044
235.69596881 33.0426442911
230.152944644 30.7924133308
224.98650224 28.1524745553
220.198353542 25.1709615906
215.773777705 21.8933504307
211.687500627 18.3609902125
207.908451691 14.6104906215
204.403174645 10.6736897894
201.138021756 6.57796400063
198.080391432 2.34670562015
195.199272634 -2.00014223013
192.465307055 -6.44555792311
189.850513207 -10.9749515502
187.327752221 -15.5757234961
184.86995582 -20.2368690715
182.449077022 -24.9486187038
180.034651248 -29.7020964295
177.591748162 -34.4889711407
175.077912446 -39.3010611861
172.438353364 -44.1298262782
169.597971071 -48.9656258336
166.447391494 -53.7965034748
162.817009409 -58.6059801568
158.42547052 -63.3686431673
152.769906461 -68.040414204
144.876291778 -72.5346653015
132.729470724 -76.657268496
112.419708417 -79.9280661668
81.1129053623 -81.3148897087
49.5748444817 -79.9980466577
28.9691068522 -76.7629667437
16.6587181138 -72.6557157492
8.68126502444 -68.1686865396
2.97998328059 -63.5007502079
358.561725133 -58.7403331031
354.914883084 -53.9322639168
351.753836668 -49.1022980723
348.906747983 -44.2670803286
346.263003189 -39.4386475127
343.746781865 -34.6266752949
341.302861674 -29.8397123155
338.888526045 -25.0859309451
336.468689467 -20.3736398464
334.012801898 -15.7116813989
331.492779172 -11.109781067
328.881550826 -6.57888863141
326.152001859 -2.13153711834
323.276193642 2.21776311732
320.224822652 6.45208444097
316.966935754 10.5515935162
313.469979899 14.4930242794
309.700328288 18.2491425249
305.624491936 21.788264499
301.21127885 25.0739391938
296.435162656 28.0649657854
291.280996967 30.7159830253
285.749868051 32.9789064847
279.865257528 34.8054479335
273.677887219 36.1507622105
267.267029454 36.9779002755
257.624693802 34.6008591577
251.462351721 34.0872835743
245.44784418 33.0661553283
239.663465268 31.5642517018
234.169752627 29.6177019893
229.003740042 27.2682329173
224.180937597 24.5596556829
219.699502594 21.5350816777
215.545086334 18.2350305813
211.695308298 14.6963596436
208.123344321 10.9518295419
204.800513213 7.03010241362
201.697965261 2.95599802803
198.787657081 -1.24911944173
196.042797843 -5.56690767115
193.437915953 -9.98161484656
190.948648216 -14.4796761956
188.551305719 -19.0493482529
186.222223299 -23.6803808825
183.936846833 -28.3637205761
181.668442374 -33.0912332341
179.386199628 -37.8554282461
177.052301451 -42.6491549735
174.61713649 -47.4652215075
172.010998546 -52.2958397381
169.128720813 -57.1316944375
165.799010381 -61.9601657846
161.717492168 -66.7614835178
156.28350736 -71.4991919047
148.14631591 -76.0922847888
133.784261139 -80.3158062998
104.137230987 -83.3994326999
58.2825292461 -83.4516891663
28.0410567986 -80.4228155537
13.4114794162 -76.2163135827
5.16533177067 -71.6295548251
359.680039674 -66.8947606638
355.571241102 -62.0949940836
352.225793838 -57.267422869
349.334004396 -52.4321034993
346.722045663 -47.6017805659
344.283435449 -42.7858230835
341.947740448 -37.9920373436
339.664930097 -33.2276130783
337.396940829 -28.4996853644
335.112819186 -23.8157190758
332.785753509 -19.1838137199
330.391155814 -14.6129796297
327.905357872 -10.1134148121
325.304689901 -5.69680085765
322.564823456 -1.3766298632
319.660331055 2.83143098325
316.564467926 6.90913693069
313.24922869 10.8352347809
309.685779467 14.5850284311
305.845413101 18.1299893028
301.701211765 21.437494015
297.230602412 24.4708153277
292.418912954 27.1895390225
287.263823366 29.5506107247
281.780213814 31.5101991867
276.004379127 33.0264527673
269.996105073 34.0629948322
263.837059233 34.5926817891
260.726081579 32.0070754512
254.844834047 31.7665103753
249.050332552 31.0355076658
243.422220646 29.8320586339
238.024883264 28.1839521227
232.903917813 26.1258795905
228.085863912 23.6963617867
223.580386935 20.9350126325
219.383772535 17.8804301172
215.482717107 14.5687845701
211.857747206 11.0330271348
208.485954692 7.30257482494
205.3429881 3.4033210374
202.40437964 -0.64215623336
199.646339184 -4.81428313304
197.046147075 -9.09613912849
194.582253774 -13.4731054727
192.234161989 -17.9325342075
189.98213299 -22.4634472538
187.806723638 -27.0562676883
185.688119808 -31.7025805419
183.605174957 -36.394917014
181.53396817 -41.1265524916
179.445518649 -45.8913033444
177.301927582 -50.683296614
175.049397932 -55.4966621296
172.604572335 -60.3250355329
169.825148272 -65.160592434
166.438620088 -69.9918025738
161.839076187 -74.7970726316
154.355530734 -79.5214119556
137.53346998 -83.9481747768
81.7926925384 -86.5697022042
24.5195760724 -84.0600294461
7.19939058538 -79.6501775075
359.586131823 -74.9299010547
354.937599965 -70.1261411975
351.52811253 -65.2956310588
348.736540004 -60.4604262337
346.284894337 -55.6322126384
344.028529284 -50.8188711653
341.8829602 -46.0267827636
339.79380186 -41.2618147677
337.722832255 -36.5298258847
335.64088919 -31.8369773978
333.523952055 -27.1899647821
331.350824967 -22.5962212339
329.101677471 -18.0641194317
326.757072835 -13.6031867645
324.297294785 -9.224343751
321.701879375 -4.94017185529
318.949316356 -0.76521347963
316.016925448 3.2836977752
312.880948166 7.18708583521
309.516929807 10.9224806555
305.900498647 14.4641046656
302.008673707 17.7826597443
297.821833094 20.8453083064
293.326425146 23.615975271
288.518369071 26.0561216407
283.406841809 28.1261343502
278.017796342 29.7874129284
272.396205501 31.005088712
266.605886497 31.751094522
257.930138548 29.2314953762
252.385566238 28.7695758605
246.952134116 27.8489662018
241.693967395 26.489768899
236.661230413 24.7196128209
231.888325009 22.5711711949
227.3943754 20.0796929095
223.185305228 17.2808825899
219.256690648 14.2092978022
215.596715186 10.897285705
212.18879973 7.37438880566
209.013713841 3.66711017233
206.051138243 -0.20107353999
203.280738532 -4.20954552144
200.682845251 -8.34029949632
198.238837456 -12.5776563015
195.931312852 -16.9079771678
193.744108004 -21.3193915399
191.662212141 -25.8015484754
189.671599267 -30.3453950554
187.758984559 -34.9429818577
185.911489125 -39.5872936331
184.116164715 -44.2721022685
182.359271427 -48.9918384736
180.625078745 -53.7414778951
178.893672861 -58.51643577
177.136500985 -63.3124598303
175.306136498 -68.125497521
173.30876645 -72.9514643512
170.911487214 -77.7856143754
167.285963893 -82.6196551068
155.493905769 -87.4070259502
6.67088347858 -87.5361726575
354.125283194 -82.7535684061
350.434905824 -77.9199185697
348.020031541 -73.0858544151
346.015875247 -68.259888495
344.182591519 -63.4468009042
342.424301543 -58.6506776044
340.69279646 -53.8755620962
338.959181541 -49.1256921113
337.203381482 -44.40563377
335.409588852 -39.720388979
333.56403123 -35.0755006684
331.653753661 -30.4771663605
329.665887071 -25.9323660245
327.587167954 -21.4490085421
325.403600055 -17.0361003649
323.100208476 -12.7039393014
320.660869535 -8.46433533966
318.068221761 -4.33085853298
315.30368218 -0.319110656363
312.347610797 3.55298818173
309.179686135 7.26491546173
305.779574325 10.7932950287
302.127988609 14.1117267045
298.208234873 17.1907667774
294.008305113 19.9981529377
289.523492687 22.4993849678
284.759341988 24.6587714059
279.734514091 26.441014588
274.482901242 27.8133156709
269.054175326 28.7478366218
263.51206662 29.2241888172
260.716575631 26.4896315492
255.444381029 26.2739441492
250.237229176 25.6176485149
245.155989572 24.5341205275
240.25195823 23.0443121864
235.564235271 21.174899646
231.118967268 18.9562204273
226.930158523 16.4203158851
223.001507289 13.599292954
219.328699098 10.5241008149
215.901711391 7.22372205686
212.706854841 3.72471948034
209.728430066 0.051056054729
206.949985518 -3.77589426152
204.355222839 -7.73721456001
201.928621614 -11.8162450079
199.655860292 -15.9983521534
197.524105213 -20.2706917891
195.522233165 -24.6219798676
193.641050055 -29.0422790414
191.873574051 -33.5228036474
190.215472607 -38.0557426444
188.665792298 -42.6340973748
187.228226921 -47.2515281257
185.913401202 -51.9021987775
184.743179394 -56.580598933
183.759331457 -61.2812986429
183.042556508 -65.9985234357
182.759580873 -70.7252209111
183.301592396 -75.4504429539
185.813804696 -80.1494082053
195.412336156 -84.721406796
258.836452081 -87.9111249986
325.315291301 -84.8429049705
335.331075147 -80.2789087191
337.933730592 -75.5815694762
338.508954977 -70.8568799651
338.242054126 -66.1303635306
337.534608741 -61.4131499359
336.556988083 -56.7123456156
335.391438262 -52.033737764
334.080482596 -47.382751574
332.646394047 -42.7648832145
331.100040858 -38.1859480969
329.445275248 -33.6522598556
327.681256059 -29.1707859932
325.80373704 -24.7493012102
323.805807559 -20.3965493124
321.67833547 -16.1224198207
319.410253012 -11.9381424875
316.988776045 -7.85650029895
314.39962525 -3.89205826465
311.627311881 -0.0614006052022
308.655553236 3.6166378924
305.467889605 7.12077026129
302.048579342 10.4271223063
298.383844444 13.509216711
294.463514182 16.3381455231
290.283055221 18.8830130573
285.84587111 21.1117320183
281.165602039 22.9922329784
276.267984203 24.4940901515
271.191703184 25.5904714323
265.987693329 26.260202521
258.220208853 23.5521892112
253.264840623 23.1394548983
248.393123692 22.3152663026
243.654816121 21.094581493
239.09087438 19.4982862942
234.73194617 17.5515931364
230.598206528 15.282364726
226.700255295 12.7195762399
223.040673664 9.89205079059
219.615852006 6.82752144593
216.41779521 3.55201029867
213.435728112 0.0894779677424
210.657425001 -3.53831760178
208.070258751 -7.31181334284
205.662007632 -11.2135356359
203.421479007 -15.2279368444
201.339018086 -19.3412019234
199.406975099 -23.5410433567
197.620212867 -27.8164947219
195.976756515 -32.1577067439
194.478729225 -36.5557439597
193.133802657 -41.0023737791
191.957560296 -45.4898305471
190.977520387 -50.0105206449
190.240317715 -54.5566002421
189.82528162 -59.1192780933
189.8720174 -63.6874947054
190.641798337 -68.2450573701
192.671355081 -72.7634349308
197.221702178 -77.1800159316
207.841061455 -81.3148179282
235.492130364 -84.4681764386
284.59175489 -84.5239023789
312.971586558 -81.421369678
323.862003433 -77.3000445491
328.515187111 -72.8881136117
330.592476878 -68.3717327807
331.388189833 -63.8151167765
331.450806421 -59.247329066
331.046490189 -54.6847694983
330.317158677 -50.1385837708
329.343349179 -45.6175964542
328.172381092 -41.1296580243
326.832188869 -36.6823532542
325.338625659 -32.2834285768
323.699548625 -27.9410893875
321.917215931 -23.6642370776
319.989755951 -19.462680406
317.91211353 -15.347338939
315.676705201 -11.3304469817
313.273928867 -7.42576005014
310.692630465 -3.64876020325
307.920609897 -0.0168501574809
304.945239714 3.45048178375
301.754264889 6.73155374423
298.336843288 9.8024784471
294.684865837 12.6372985559
290.794553741 15.2083293048
286.668259498 17.486769736
282.316297934 19.4436299701
277.75851713 21.0509856306
273.025223567 22.2835085475
268.157057805 23.1201417453
263.203532489 23.5457072034
260.70745086 20.6047503562
256.024425459 20.413127355
251.390121206 19.8294216161
246.850899361 18.8634579639
242.447252979 17.5308138688
238.211983494 15.8516674192
234.169403018 13.84946065
230.335481164 11.5495608208
226.718704675 8.97806140642
223.321364216 6.16080705424
220.14100757 3.12267187061
217.171866739 -0.11292048633
214.40614475 -3.52427020578
211.835115768 -7.0915126437
209.450041465 -10.7966111217
207.242938642 -14.6232684118
205.207252997 -18.5567855885
203.338508585 -22.5838881725
201.635018958 -26.6925313021
200.098772558 -30.8716879964
198.736653301 -35.1111166538
197.562247318 -39.4010941048
196.598657103 -43.7320856734
195.88307475 -48.0942973807
195.474532709 -52.4770035738
195.467663313 -56.8674324702
196.018468295 -61.2487366502
197.395665095 -65.5959366601
200.090282366 -69.8669777934
205.065065333 -73.980796505
214.323780102 -77.7577110279
231.762147413 -80.7557086907
260.196257173 -82.0270401596
288.861475046 -80.8198488192
306.596090315 -77.8545461586
316.019161667 -74.0915946789
321.078952185 -69.9842242774
323.82081392 -65.7164679537
325.226626829 -61.37103884
325.796181269 -56.9906791462
325.802489131 -52.600681362
325.403818447 -48.2180432729
324.6960807 -43.8556086543
323.739074616 -39.5241335363
322.570476495 -35.2334179472
321.213710109 -30.9929869065
319.682584583 -26.8125427107
317.984145015 -22.7022972764
316.120500281 -18.673240414
314.090055741 -14.7373731171
311.888405193 -10.9079198796
309.509044793 -7.19952414593
306.944022462 -3.62842305506
304.184609319 -0.212589988367
301.222063044 3.02817472394
298.048538579 6.07223332944
294.658181906 8.89621736911
291.048411147 11.4752950146
287.22134045 13.7836435753
283.185234871 15.7951629917
278.95580624 17.4844428808
274.557091 18.8279553617
270.021624075 19.8053913101
265.38967386 20.4009999988
258.506028888 17.4331811901
254.133267635 17.0690190235
249.823197969 16.3406454122
245.614133221 15.2589947524
241.53903587 13.8395498707
237.624405485 12.1013499596
233.889913308 10.0659052445
230.348690165 7.75614398383
227.008093106 5.19548465364
223.870754572 2.40708606824
220.93574183 -0.586708164136
218.19970205 -3.7647409683
215.657921044 -7.10725435082
213.30526987 -10.5959744355
211.137049141 -14.2140994527
209.149767245 -17.9462164661
207.341909528 -21.7781660215
205.714776726 -25.6968664748
204.273499356 -29.6901017541
203.028380458 -33.7462671603
201.996797755 -37.8540558829
201.206035833 -42.0020509372
200.697672454 -46.1781567274
200.534615151 -50.3687481092
200.812787146 -54.5573039041
201.681227978 -58.7220612732
203.377847229 -62.8317241601
206.294547177 -66.8371171849
211.094390007 -70.6540714635
218.893463249 -74.1275563813
231.342668798 -76.9632587086
249.616378359 -78.6591842429
271.0761332 -78.6841838644
289.500038088 -77.0285506432
302.103023368 -74.2168455051
310.006852216 -70.7564083134
314.872322648 -66.9466749483
317.830785675 -62.9454419719
319.555168228 -58.8382353822
320.443008731 -54.6749074785
320.735429111 -50.4871051394
320.583355848 -46.2967783332
320.08386427 -42.1205480846
319.300593794 -37.9720897359
318.275605218 -33.8635188726
317.036513573 -29.8062527494
315.600930131 -25.8115846116
313.979327593 -21.8910951954
312.176962025 -18.0569683366
310.195227299 -14.3222466247
308.032675969 -10.7010448279
305.685860595 -7.20872677108
303.150103194 -3.8620421549
300.42027172 -0.679211808094
297.491621233 2.32005756875
294.36073663 5.11465475375
291.026587783 7.68227182989
287.491672574 9.99976984
283.763177434 12.0437280521
279.854032474 13.7911876292
275.783690187 15.2205743409
271.578431714 16.3127488489
267.271024464 17.0520929688
262.89963423 17.4275071098
258.510085617 14.2467813689
254.155364088 13.8594764095
249.866408706 13.0853960414
245.683407164 11.9365020842
241.640992006 10.4297163371
237.767121924 8.58582673777
234.082758896 6.42829633096
230.602238342 3.98211499447
227.334145082 1.27279622712
224.282488597 -1.67442396973
221.448000679 -4.83516945106
218.829433131 -8.18629960424
216.424792869 -11.7061062507
214.232505225 -15.3743647001
212.252540601 -19.1722693215
210.48757811 -23.0822765945
208.944319592 -27.0878679866
207.635119129 -31.1732315942
206.580172697 -35.3228440291
205.810645152 -39.5209088637
205.373339765 -43.7505675276
205.337913207 -47.9927279647
205.808331677 -52.2242256602
206.941436224 -56.4147799277
208.977257679 -60.5217140779
212.287320595 -64.4804554795
217.442878655 -68.1872166176
225.268182721 -71.4689537754
236.690844925 -74.0429446549
251.904577132 -75.5134753683
268.932202019 -75.533374291
284.22964238 -74.0971476348
295.754837292 -71.5466372105
303.662493121 -68.2793611783
308.876014566 -64.5813255626
312.225915902 -60.6279033075
314.289613134 -56.5242328373
315.44289014 -52.3356364708
315.928493892 -48.1052080238
315.904981955 -43.863462237
315.477422706 -39.6336937935
314.716198424 -35.4350632677
313.668603415 -31.2844592077
312.366143765 -27.1976825422
310.82925795 -23.1902433609
309.070474737 -19.2779272314
307.096621407 -15.4772165421
304.910463927 -11.8056113722
302.512026385 -8.281868925
299.899756356 -4.92616296885
297.071650712 -1.76015131554
294.026416548 1.1930712815
290.764703607 3.90916500377
287.290400463 6.36291463439
283.61193351 8.52880528056
279.743448162 10.3818169108
275.705696728 11.8984220999
271.526426746 13.0577312938
267.240081068 13.8426846257
262.886703347 14.2411512122
258.509103836 11.0960892034
254.162476299 10.6813664191
249.886199798 9.85320553144
245.72325476 8.6249585352
241.710746722 7.01548936432
237.878781464 5.04793915609
234.250215796 2.74839182095
230.841165849 0.144600598854
227.66206596 -2.73510880916
224.719056648 -5.86269576765
222.015520043 -9.21100592781
219.553648243 -12.7541303263
217.33600288 -16.467551931
215.367092125 -20.3281117494
213.655054682 -24.3138195512
212.213606511 -28.403519264
211.064488233 -32.5763968626
210.240770863 -36.8112869976
209.79156519 -41.0856865034
209.788977527 -45.3743040851
210.338605894 -49.6468397455
211.595459617 -53.8644486264
213.787560058 -57.9739316748
217.24792101 -61.8980594238
222.445681724 -65.519842271
229.970023654 -68.6598914442
240.327922021 -71.0563694098
253.359178977 -72.3883149179
267.572151887 -72.4049631859
280.655588357 -71.1027833539
291.084678287 -68.7284246403
298.673010114 -65.6031859069
303.92004611 -61.9909331036
307.41656294 -58.072874587
309.635177283 -53.9672173656
310.91188804 -49.7519331413
311.476857537 -45.4806607881
311.486553603 -41.1925026005
311.047560128 -36.9179057761
310.232656194 -32.6822404088
309.09141888 -28.5080444053
307.657247179 -24.4164883022
305.952114087 -20.4283707947
303.989898591 -16.5648182006
301.778848647 -12.8477812048
299.323536427 -9.30037347255
296.626546023 -5.94706482223
293.69005086 -2.81371954578
290.517372169 0.0725445700236
287.114546759 2.68370864402
283.491864331 4.99144659344
279.665261649 6.96797542548
275.657393503 8.58714602394
271.498159445 9.82571308144
267.224478021 10.6646700569
262.879186797 11.0904894787
258.503373482 7.97747853221
254.155691066 7.53014519272
249.884865603 6.63776623868
245.737846033 5.31558131192
241.755256759 3.58508672241
237.970278671 1.47260783525
234.40852731 -0.992226819762
231.088787249 -3.77791910427
228.024367986 -6.85230810811
225.224841358 -10.1834794421
222.697978583 -13.740358828
220.451793968 -17.4930040549
218.496697603 -21.4126216929
216.847855213 -25.471331917
215.527954937 -29.6416844938
214.570696942 -33.8958926413
214.025473052 -38.2046983574
213.963907744 -42.5357004102
214.489172693 -46.8508444431
215.74912248 -51.1025660041
217.953753724 -55.2277718102
221.394368694 -59.1385189038
226.450859231 -62.7084240862
233.544265388 -65.7564771164
242.943762005 -68.0398717653
254.364164747 -69.2870870179
266.634106944 -69.3014891639
278.08990158 -68.0805847458
287.541125847 -65.8177684878
294.684804464 -62.7842896754
299.78273687 -59.2242020755
303.2554321 -55.3199035351
305.484573174 -51.1988243211
306.763473623 -46.9495984606
307.303758755 -42.635750826
307.254477444 -38.3051068612
306.719649071 -33.995872454
305.771495565 -29.7405295481
304.459830243 -25.5683700484
302.818649883 -21.5071830777
300.870847416 -17.5844000039
298.631722006 -13.8278685118
296.11175804 -10.266343236
293.318991273 -6.92972649224
290.261163345 -3.84905759974
286.947766253 -1.0562288795
283.391982424 1.41659914202
279.612429178 3.53789866445
275.634527333 5.27797442464
271.491254816 6.61039295833
267.223049442 7.51350858305
262.876716311 7.97189669447
258.493087651 4.88755610428
254.13587134 4.4011765087
249.86457831 3.43206847731
245.73170248 1.99806984976
241.782812562 0.124295654037
238.055472664 -2.15855352969
234.57934225 -4.81597070087
231.3772816 -7.81127442043
228.467190716 -11.1069318516
225.864322485 -14.6654902562
223.583902765 -18.4500935744
221.64401148 -22.4245858699
220.068806654 -26.5532149756
218.89232392 -30.7999277237
218.163224243 -35.1271864146
217.950998447 -39.4941568054
218.354227292 -43.8539958429
219.511327548 -48.1497919163
221.613151337 -52.3085050163
224.913129924 -56.2321770881
229.720565991 -59.7863486202
236.341483221 -62.7887626057
244.909469316 -65.0099982999
255.099474567 -66.2096640161
265.948918136 -66.2224248393
276.164565759 -65.0463846571
284.771783849 -62.8442395096
291.432987427 -59.855857416
296.2753822 -56.3114308196
299.603611118 -52.394276689
301.727786685 -48.2397389571
302.902673599 -43.9463980235
303.320347175 -39.5876986358
303.120185079 -35.2208024127
302.401479636 -30.8926977717
301.234234985 -26.6442942886
299.667475288 -22.5131580838
297.735484711 -18.5353399117
295.462578751 -14.7465717216
292.866920521 -11.1829825084
289.963754853 -7.88140082188
286.768290976 -4.87925915726
283.298326585 -2.21409002781
279.576570499 0.0773947235192
275.632495857 1.96061865468
271.503466229 3.40476727797
267.234862192 4.38456655709
262.879030749 4.88198028513
258.478358091 1.82310368245
254.103749951 1.28953180011
249.827691877 0.227945664751
245.710427472 -1.34016092613
241.804495978 -3.38458457906
238.153767669 -5.86846751745
234.793934292 -8.75040818224
231.754232667 -11.9863251492
229.060077861 -15.5308704807
226.736334034 -19.3382983158
224.811110262 -23.3627268841
223.320070779 -27.5577626275
222.311487223 -31.875484979
221.852387658 -36.2646488938
222.036135251 -40.6678804365
222.991445352 -45.0175001341
224.891541479 -49.2294792901
227.958423488 -53.1951359233
232.44847346 -56.7711387662
238.590492877 -59.7716617376
246.439176445 -61.9737749363
255.660435727 -63.1545501806
265.427107338 -63.16606165
274.667969785 -62.0067758197
282.54759096 -59.8223843949
288.722644352 -56.8351906804
293.242482179 -53.2686047195
296.334270355 -49.3092750235
298.254659983 -45.1012783111
299.22653692 -40.7538473124
299.424045825 -36.3513788233
298.976669869 -31.9617816077
297.978358046 -27.6425611566
296.49656309 -23.445027362
294.579847504 -19.4171212285
292.264052509 -15.605233146
289.577375915 -12.055240326
286.544698897 -8.8128790099
283.191372576 -5.92349741076
279.546504684 -3.4312097294
275.64561219 -1.37749186131
271.532367622 0.200675910417
267.259119003 1.27291762881
262.885957823 1.81752246567
258.459227263 -1.21898516704
254.060047915 -1.81029976007
249.777203562 -2.98461278478
245.681899192 -4.71512822866
241.836645774 -6.96426339474
238.294566563 -9.68620899241
235.100583945 -12.8294646181
232.294192543 -16.3389331466
229.913377968 -20.1573174749
227.999544187 -24.2257330057
226.603177754 -28.4831904745
225.790320881 -32.8651941087
225.650068296 -37.3010715307
226.302686679 -41.7097995318
227.906704603 -45.9939927491
230.659722201 -50.0319308448
234.78012509 -53.6686433853
240.445736515 -56.710359608
247.66440591 -58.932937697
256.10221859 -60.1196319487
265.016938355 -60.1301624718
273.470436341 -58.9632196087
280.714384566 -56.7571157493
286.407736751 -53.7279324043
290.553872406 -50.1001102287
293.328985729 -46.0680734223
294.951451322 -41.7874249567
295.619469596 -37.3803682601
295.492270638 -32.9446159975
294.690730728 -28.5613945433
293.304413092 -24.3014902665
291.399688775 -20.2294493703
289.027222985 -16.4062749617
286.228513605 -12.8909029326
283.041566457 -9.74062880368
279.505775542 -7.01058442874
275.66590577 -4.75235440633
271.574887734 -3.0118837256
267.295037254 -1.82694686595
262.897399786 -1.22458293446
258.435679407 -4.24178340826
254.005659055 -4.90486428612
249.7175551 -6.21854980616
245.658413341 -8.14804812019
241.905353468 -10.6446394742
238.525459891 -13.6489423453
235.578225021 -17.0939781351
233.1200907 -20.9072549971
231.210409147 -25.0122929964
229.919084091 -29.327664165
229.334299873 -33.7653394102
229.570906417 -38.2267714237
230.776830204 -42.5970199063
233.132387056 -46.7369589504
236.830447516 -50.4749441937
242.016584219 -53.6026516134
248.670659184 -55.8856303488
256.458971748 -57.1024482505
264.686408685 -57.1121895922
272.487790334 -55.9136772954
279.163213181 -53.6460227676
284.373209365 -50.5299762362
288.093850056 -46.8001728688
290.469190612 -42.6654710963
291.69196037 -38.2980582126
291.942895469 -33.8374822431
291.370460453 -29.3989703301
290.089977852 -25.0812482311
288.189998687 -20.9724469813
285.740527466 -17.1539725295
282.801113758 -13.7025377066
279.428141932 -10.6905658407
275.680970731 -8.18515463886
271.626503479 -6.24584305984
267.341661225 -4.92157046789
262.91332045 -4.2474087732
258.407654396 -7.2484422045
253.941988798 -8.00250145773
249.656169717 -9.49154462288
245.660842807 -11.6681119238
242.055226662 -14.4658055068
238.928194421 -17.8035353363
236.362980145 -21.5890059512
234.44446468 -25.7211424936
233.268280049 -30.0893229503
232.950382635 -34.5713170289
233.634305731 -39.0278555936
235.490937826 -43.2950975459
238.698930042 -47.176492017
243.386233789 -50.4392856697
249.516849238 -52.8267765435
256.752998884 -54.1002457439
264.414624769 -54.1093395333
271.662082362 -52.852944652
277.811303338 -50.4796878744
282.519622544 -47.2275901511
285.747758575 -43.3534648954
287.622291392 -39.0905174288
288.321683053 -34.6357719052
288.017123221 -30.1534398477
286.852544586 -25.783046015
284.944200869 -21.6470088802
282.387968694 -17.8559123579
279.268791929 -14.511142782
275.66979221 -11.7050333439
271.679694871 -9.5188626031
267.397519365 -8.01928902916
262.933729553 -7.25410622611
258.37507236 -10.2423736354
253.871655062 -11.1147028125
249.606668082 -12.8291391009
245.727343853 -15.3168621679
242.367671115 -18.4815710795
239.651819241 -22.2050528823
237.70235168 -26.3511170462
236.650993623 -30.7662889298
236.648644648 -35.2769006128
237.867833768 -39.6826605232
240.485489817 -43.7487495102
244.625831982 -47.2025212995
250.246716628 -49.7474066157
256.999558906 -51.1098836652
264.187293751 -51.1184371855
270.950289269 -49.7719556031
276.58790184 -47.2402218152
280.747197489 -43.7960339758
283.383120472 -39.736028129
284.618665097 -35.3332492229
284.630559214 -30.8229399578
283.591529257 -26.4057271426
281.652713817 -22.2555086407
278.946027761 -18.5259407702
275.594016643 -15.3534422389
271.720715686 -12.8564505646
267.459917505 -11.1315872688
262.958656262 -10.2480874366
258.337889639 -13.2275910067
253.800099479 -14.2587280594
249.596235659 -16.2703856153
245.933150431 -19.1547433655
243.001919791 -22.7607028058
240.9849735 -26.9012266797
240.067595148 -31.3566415973
240.445448015 -35.8725395711
242.312979901 -40.1539066879
245.808925488 -43.862424352
250.896961348 -46.6325923811
257.20959405 -48.1275443243
263.994159961 -48.1356401869
270.316266542 -46.6556996654
275.419827 -43.8975288771
278.933266734 -40.1972274375
280.817601372 -35.9203421661
281.210465561 -31.4055679268
280.306084188 -26.9483228893
278.300188311 -22.803352935
275.378116399 -19.1906476836
271.722201569 -16.2975929438
267.523317286 -14.2757111025
262.988090896 -13.2333656774
258.296247613 -16.2094293448
253.739746789 -17.4630784839
249.684415183 -19.8783104126
246.440137959 -23.2683210993
244.29431258 -27.370851968
243.519472465 -31.8582972644
244.370003009 -36.3410440406
247.03435985 -40.3697531894
251.505911923 -43.4566986487
257.39148671 -45.1480482443
263.827346924 -45.1557500962
269.722145309 -43.4784538301
274.208589806 -40.4021406731
276.889433168 -36.3798115589
277.755518483 -31.8992579428
276.994268062 -27.4102328823
274.859750208 -23.3028293328
271.62432865 -19.9051714621
267.575155914 -17.4801308084
263.02183248 -16.2152754616
258.250933509 -19.1963061757
253.722453339 -20.7800990708
250.018029175 -23.7582551433
247.635448134 -27.7602287062
247.011167424 -32.2685760904
248.479053399 -36.6450885866
252.129811374 -40.1723605854
257.552607044 -42.1631331972
263.679874821 -42.1704878656
269.112112138 -40.1927214497
272.777646343 -36.6742191035
274.261237004 -32.3013419292
273.651036363 -27.7917010796
271.279788873 -23.7841732011
267.583349477 -20.7971127197
263.059020774 -19.2022321641
258.205138358 -22.2048987066
253.845306487 -24.3180352374
251.022406966 -28.0721280907
250.556598769 -32.5825122449
252.892036883 -36.6832875758
257.702058137 -39.1563708214
263.542969673 -39.1634039654
268.363284579 -36.7019176313
270.71376502 -32.606844526
270.262385863 -28.0954855941
267.450365974 -24.3346647578
263.096359517 -22.210904854
258.173904117 -25.2801585031
254.500638891 -28.320472148
254.202887799 -32.7839424219
257.861895147 -36.0835833161
263.39493165 -36.0902681382
267.066075646 -32.7995139078
266.782850386 -28.3354199579
263.11860023 -25.2862077615
258.286005607 -28.6195104971
258.176063754 -32.7527981535
263.092590275 -32.7587607337
262.996233462 -28.6252503259
