278.718712694 32.7506252444
278.608250065 28.6173673445
273.898112203 28.623521016
273.802279224 32.7570724778
279.033377078 36.0813715556
282.691754379 32.7813785741
282.393455114 28.318001813
278.719996287 25.2780326082
273.775395771 25.2844720276
270.111478114 28.334017304
269.828809447 32.7982168788
273.500445074 36.0886477069
279.193752243 39.1541422971
284.003142993 36.6805397225
286.337838746 32.5795968462
285.871498743 28.0693635419
283.048352039 24.3155886924
278.688487502 22.2028085271
273.797362173 22.2091592763
269.443556226 24.3332539567
266.631886444 28.0943761332
266.181051836 32.6058979345
268.5321866 36.7008415521
273.352951403 39.1618426623
279.343814672 42.160895111
284.765965605 40.169488546
288.415872271 36.6418713565
289.883011428 32.2653299669
289.258228191 27.7571874101
286.875393426 23.7555364895
283.170902653 20.7777281662
278.642464922 19.1942592874
273.834473251 19.2004834148
269.31027957 20.7956614148
265.614045867 23.783035086
263.243134181 27.7908670779
262.633452139 32.3007242513
264.117734242 36.6736137629
267.783986186 40.1918234216
273.216664076 42.1689919958
279.505639819 45.1458051546
285.390534991 43.4537224393
289.861137517 40.3662953983
292.524579204 36.3374062123
293.374398573 31.8547398838
292.599093264 27.367550822
290.453025305 23.2653600664
287.208676883 19.875704422
283.153379296 17.4607989898
278.596961342 16.2074323769
273.871471952 16.2135311383
269.318247382 17.4786394903
265.269196758 19.9039607111
262.033963826 23.3019327645
259.899756375 27.4096574973
259.138989417 31.8989490226
260.005753117 36.3796250599
262.687418433 40.4018362645
267.174650451 43.4777284597
273.069904578 45.1543286554
279.688352859 48.1252994725
286.000248772 46.6295180602
291.08722266 43.858751969
294.582092288 40.1499263316
296.448725779 35.8685210656
296.825923412 31.3527939501
295.908123574 26.8976847707
293.890953258 22.7575241743
290.959660892 19.1519329366
287.296616845 16.2679162547
283.092846397 14.2565485204
278.555163331 13.2256505415
273.90505771 13.2316334908
269.369908557 14.2741865771
265.17109605 16.2963046937
261.515277746 19.1896417924
258.593369301 22.8026732809
256.587752015 26.9479876103
255.683811778 31.4055458148
256.077315115 35.9205323206
257.962487044 40.1974467533
261.476884721 43.897516614
266.581322616 46.6551548826
272.903921644 48.1343034807
279.89935175 51.1076390802
286.651373882 49.7442328737
292.271055772 47.1986418982
296.410146497 43.7444502369
299.026716875 39.678216426
300.245068482 35.2725380552
300.242132502 30.7621737307
299.190403681 26.3473555586
297.240729445 22.2016844263
294.524834372 18.4785794494
291.165219501 15.3142323761
287.286005747 12.8268184566
283.021149684 11.1126299695
278.517855379 10.2404963365
273.934367623 10.2463750655
269.43317 11.1300377776
265.172411685 12.8550903675
261.299148531 15.3523191331
257.947204515 18.5251114161
255.240652481 22.2550228681
253.30207925 26.4056112066
252.263442401 30.823180208
252.275920585 35.3337770883
253.512266727 39.7367076481
256.149196149 43.7966553466
260.309606566 47.2405096211
265.948216287 49.7716064732
272.711763959 51.1171966887
280.147055785 54.0980020017
287.38226823 52.8234963862
293.511497917 50.4351947791
298.197343006 47.1718799663
301.404046609 43.2902461591
303.259655366 39.0230027797
303.942826554 34.5666461607
303.624417831 30.0849641762
302.447921919 25.7171800808
300.529226374 21.5855056556
297.963976657 17.8003740463
294.837028559 14.4630379873
291.231541595 11.6656794973
287.236370748 9.48938064892
282.95070828 8.00054157471
278.485177091 7.24663481962
273.959198988 7.25242127972
269.495463962 8.01772304822
265.213307172 9.51743895797
261.223208724 11.7037976876
257.624212002 14.5101545929
254.505071418 17.855234018
251.94894102 21.6466937197
250.040799721 25.7831263504
248.876561836 30.1539154732
248.5725209 34.6365990491
249.272647796 39.091598134
251.148156438 43.3546376035
254.377490097 47.2286248914
259.087115876 50.4802949253
265.237495001 52.8528118087
272.485592911 54.1082080952
280.442457821 57.1002039998
288.229669554 55.8822309387
294.882115239 53.5983347611
300.066536707 50.4700120474
303.763076066 46.7317040805
306.117411291 42.5916903787
307.322416128 38.2215624854
307.558369394 33.7603962331
306.973152749 29.3230874004
305.681577156 25.0081447471
303.77181482 20.9035616598
301.313632143 17.0906530269
298.366471195 13.6460582823
294.986722542 10.6421194072
291.233841885 8.14582270099
287.174888996 6.21654883504
282.886960692 4.90302355427
278.457083716 4.24005275708
273.979541064 4.24575877868
269.551249281 4.91999636192
265.266411176 6.24436514572
261.211915944 8.18381517718
257.46470363 10.6894230165
254.091700692 13.7016576556
251.152291511 17.1534204582
248.702887888 20.9722782071
246.803068901 25.0814995907
245.522871677 29.3996519942
244.950884158 33.8385696578
245.202470168 38.2994837228
246.426135963 42.6671149515
248.802645849 46.8018542537
252.524709905 50.5314477693
257.736255882 53.6469778729
264.413055846 55.9137871437
272.215204882 57.1111818708
280.800888366 60.1173831399
289.237368387 58.9293990554
296.454077277 56.7057921587
302.117645663 53.663371913
306.236251265 50.0262639579
308.987828444 45.988189169
310.590755016 41.7040632748
311.242580858 37.295557581
311.101779003 32.8600155187
310.28856846 28.4784240496
308.892007025 24.2214228447
306.978108858 20.1534728961
304.597313522 16.3355285639
301.791007087 12.8264926256
298.597182135 9.68362467241
295.055302535 6.96200098339
291.210266801 4.7131162704
287.115176629 2.98278062912
282.832523148 1.80858445644
278.433494864 1.21733813414
273.99542252 1.22297533333
269.597830276 1.82537278177
265.317973545 3.01036064506
261.226908166 4.75092097849
257.386965667 7.00929595052
253.851095787 9.73955113762
250.664084433 12.8901056288
247.865347575 16.4058242628
245.492913939 20.2294015492
243.588305991 24.3018854413
242.202216607 28.5622508457
241.40104947 32.9459237634
241.274407281 37.382083746
241.943213245 41.789462979
243.566748044 46.0702984423
246.343251069 50.1023263059
250.491084602 53.7298753735
256.186303047 56.758457767
263.431931232 58.9636056499
271.886380854 60.1292956518
281.244755859 63.1522888232
290.464345301 61.9700674726
298.310606638 59.7668071887
304.450154377 56.7654968258
308.938071841 53.1890374336
312.003267694 49.2231947588
313.902092787 45.0112402277
314.856474472 40.6618058708
315.039564566 36.258880064
314.580020021 31.8701089494
313.571159762 27.5528376094
312.079978946 23.3582847
310.154723114 19.3343452552
307.831030829 15.5273910923
305.136992971 11.9832937339
302.097466747 8.74778361161
298.737852065 5.86619056347
295.087366852 3.38258594382
291.181683833 1.33836789248
287.064654459 -0.229603191038
282.788800351 -1.29111523544
278.414350401 -1.8246601473
274.006853116 -1.81908031741
269.633734798 -1.27448379411
265.360472217 -0.202235395226
261.247165684 1.37597428211
257.346176741 3.4297859863
253.701194406 5.92223132048
250.347753568 8.81184074878
247.314980299 12.0545007443
244.628244168 15.6048583575
242.312445218 19.4171676904
240.395801448 23.4455374328
238.914177042 27.6435589592
237.916162255 31.9632689078
237.469244846 36.3533305044
237.667418766 40.7562058663
238.64022376 45.1039466004
240.56187003 49.3121065694
243.655302374 53.2713915015
248.177178171 56.8376514089
254.354518387 59.8241641573
262.23624804 62.0074811672
271.478335673 63.1653566086
281.808368354 66.2073761014
291.99619445 65.0060786678
300.561096043 62.7835694059
307.178970928 59.7802921672
311.983864189 56.2256171575
315.281880807 52.3017246381
317.382248304 48.1430061884
318.538290607 43.8473675713
318.940765308 39.4878092853
318.728016814 35.1212119935
317.998573333 30.7943930608
316.821888115 26.5481641069
315.246594928 22.4200419293
313.306708612 18.4460600038
311.026369873 14.6619530022
308.42364499 11.1038628769
305.51375002 7.80863241415
302.311927095 4.81370063705
298.836062562 2.15658961446
295.109001162 -0.126025374975
291.160385668 -1.99963854225
287.027763131 -3.4335453162
282.756686133 -4.40262142958
278.399635069 -4.88901498155
274.013797199 -4.88348111602
269.658007267 -4.38611716589
265.389383293 -3.4063548385
261.260280056 -1.96221102734
257.316090197 -0.0789433205816
253.594192051 2.21264629534
250.124074678 4.87798930703
246.928462899 7.88037702145
244.025169996 11.1822754891
241.429420411 14.7462466597
239.156474277 18.5354528314
237.224510985 22.513752688
235.657864626 26.6453990515
234.490842132 30.8943230721
233.772497059 35.2229373977
233.572872774 39.5903073648
233.991314543 43.9494142358
235.167270359 48.2430585313
237.292903379 52.3977466412
240.623070191 56.3148340703
245.467927916 59.8588953107
252.131987524 62.8465232973
260.74193812 65.0474662786
270.959232628 66.2219081054
282.547151012 69.2847488525
293.964565449 68.0356759679
303.359996142 65.7508738049
310.449591126 62.7018947286
315.503040407 59.1314584177
318.941391692 55.2204747695
321.144384028 51.0952485727
322.403160274 46.8436675746
322.92759197 42.5287862009
322.865444151 38.1981401636
322.319826377 33.8897609884
321.362320321 29.6360304087
320.042288095 25.4661887574
318.393408781 21.4080061729
316.438354898 17.4889170269
314.192279907 13.736786338
311.665583991 10.1803940958
308.866273118 6.84966999104
305.802110046 3.7756763978
302.482656514 0.990317383415
298.921209876 -1.47425363353
295.136540679 -3.58654235797
291.154249012 -5.31691990086
287.007499775 -6.63905597238
282.73690217 -7.53144471884
278.389392356 -7.97883272598
274.016158096 -7.97333331793
269.669865874 -7.5150362637
265.401635682 -6.61200073588
261.258279701 -5.27963286108
257.280246876 -3.53956226643
253.500528821 -1.4182096962
249.944561062 1.0547384408
246.630975466 3.84775909068
243.572968256 6.92869243977
240.780044379 10.2656432599
238.259957785 13.8275662549
236.020756392 17.5845505415
234.072937404 21.5078306787
232.431814604 25.56954616
231.120298919 29.742250849
230.172410618 33.9981387654
229.63799498 38.307898608
229.589318519 42.6390255769
230.130463506 46.9532858077
231.410566946 51.2028179376
233.641373042 55.324048711
237.116338442 59.2282767826
242.217262729 62.7879791619
249.364578774 65.8206433885
258.819475995 68.082120597
270.277602061 69.3011963919
283.556863637 72.3858861665
296.583759026 71.0518010631
306.936084951 68.6537799686
314.45557991 65.5127663859
319.649714067 61.8904522649
323.107503535 57.966094594
325.297804464 53.8565932111
326.553397747 49.6391202369
327.102141659 45.3668372473
327.098936703 41.0785629256
326.649308971 36.8045773385
325.825316974 32.5701552259
324.676039357 28.3977849689
323.234525176 24.3086180226
321.522499706 20.3234549722
319.553667791 16.463438777
317.336159668 12.7505469676
314.87447664 9.20792638467
312.171174242 5.8600824722
309.228438285 2.73291324115
306.049643459 -0.146436836128
302.640921043 -2.74993519537
299.012694064 -5.049261655
295.181065355 -7.0166652851
291.168876894 -8.62606073384
287.006219027 -9.85430131932
282.730182587 -10.6825134128
278.38373562 -11.0973315335
274.013765193 -11.091854796
269.66851485 -10.666167715
265.394804356 -9.82733371113
261.235477921 -8.58886249939
257.22746466 -6.96974499764
253.400677214 -4.99321380894
249.777784458 -2.6854086708
246.374736914 -0.0741067451126
243.201836986 2.81236807741
240.265133044 5.9459957564
237.567956854 9.29965458965
235.112491587 12.8474741557
232.901330744 16.5649766721
230.939056268 20.429038947
229.233927198 24.417699395
227.799836151 28.5098195134
226.658773993 32.6845870931
225.844164221 36.9208165166
225.405618595 41.1959526964
225.415966401 45.4846052458
225.981865324 49.756301742
227.259892299 53.9719065254
229.480368756 58.0777336673
232.979511792 61.9957416038
238.230181329 65.6076180001
245.823228601 68.7320061734
256.257464436 71.1048847138
269.344422201 72.4049457811
285.018239478 75.5108845405
300.225068974 74.0378545066
311.639770312 71.4622019237
319.458870443 68.1795075048
324.610174579 64.4722541061
327.917403023 60.5133169021
329.951323711 56.4063849778
331.083134307 52.215974382
331.55266099 47.9847275079
331.516617748 43.7429023378
331.078890878 39.5136466984
330.309085836 35.3160390533
329.25397244 31.1669259196
327.944693306 27.0820923715
326.401429392 23.0770507019
324.636524445 19.1676017718
322.656672997 15.3702530744
320.464548746 11.7025371449
318.060117752 8.18324877717
315.4418014 4.83260207654
312.607602373 1.67229504356
309.556267283 -1.27454117944
306.288521164 -3.98353874281
302.808364748 -6.42946819435
299.124371905 -8.58682023276
295.250865012 -10.4306062386
291.208791408 -11.9373609825
287.026094514 -13.0862905735
282.737392315 -13.8604634515
278.382860231 -14.2479045617
274.00635971 -14.2424382195
269.653023294 -13.8441454647
265.36664457 -13.0593579365
261.187273596 -11.9001893493
257.149363509 -10.3836843575
253.280674695 -8.5307199727
249.601973398 -6.36481401909
246.127418583 -3.91097992981
242.865448773 -1.19472924876
239.819963201 1.75872286056
236.991621089 4.92503397068
234.379137928 8.28110477311
231.980518078 11.8052713656
229.794216115 15.4773526054
227.820263246 19.2785828358
226.061433423 23.1914526057
224.524563709 27.1994693378
223.222195702 31.2868364761
222.174785506 35.4380320499
221.413864268 39.6372420961
220.986762882 43.8675633525
220.963918341 48.1098178657
221.450482691 52.3406891016
222.605143948 56.529632655
224.670854592 60.6335109783
228.023717119 64.5869322701
233.241597229 68.2846423164
241.155429159 71.5510787537
252.688166519 74.0999811709
267.991391709 75.5337133303
287.316866435 78.6562942726
305.578406098 76.9574091508
318.015823276 74.1199949099
325.80708951 70.6456404505
330.602161086 66.8282849714
333.515914013 62.8227602938
335.210653432 58.7131377043
336.077856917 54.5485424113
336.355195575 50.3602421726
336.19157106 46.1699818734
335.68282406 41.994269743
334.891811072 37.8467203922
333.86007743 33.7394199903
332.614886675 29.683776519
331.17360267 25.6910878488
329.546519245 21.7729496225
327.738760756 17.9415686657
325.751623774 14.2100171848
323.583590721 10.5924450507
321.231167735 7.10425554695
318.689653356 3.76224082347
315.953916241 0.584665316291
313.019238971 -2.4087220167
309.882264127 -5.19677240434
306.542052569 -7.75714938569
303.001228152 -10.0666996353
299.267136998 -12.1020079606
295.352896811 -13.8401466349
291.278164048 -15.2596027401
287.069422831 -16.3413308607
282.759620912 -17.0698383819
278.387059199 -17.4341778677
273.993576561 -17.4287089098
269.622228427 -17.0535105237
265.314784135 -16.3143752424
261.109415814 -15.2223859285
257.038901109 -13.7931458933
253.129534009 -12.0457821678
249.400781151 -10.0018594523
245.8655866 -7.68432954164
242.531148908 -5.11660869034
239.399975895 -2.32183474872
236.471046165 0.677682484017
233.740952328 3.86082813655
231.204955945 7.20789064472
228.857930459 10.7006432631
226.695202791 14.3223294708
224.71333033 18.0575778829
222.910870959 21.8922655731
221.289225045 25.8133412968
219.853657164 29.808612119
218.614651727 33.8664877502
217.589836659 37.9756648446
216.806851309 42.124715278
216.307792907 46.3015113868
216.156356948 50.4923637134
216.449707757 54.6806335106
217.338917821 58.8443464263
219.065356767 62.9518183624
222.02699398 66.9531339652
226.89749899 70.7626504392
234.809332009 74.2223447556
247.423845795 77.0323783975
265.858389772 78.6850234762
276.760154335 82.0260997946
305.174663362 80.7499975769
322.590396232 77.7496340004
331.836976243 73.9717609005
336.805647543 69.8575724102
339.496973603 65.5864410819
340.872263458 61.2393142006
341.421898571 56.8581967503
341.414283742 52.4680432423
341.005258431 48.0856861555
340.289365376 43.7238865524
339.325585028 39.3933611122
338.151078139 35.1038954484
336.788927817 30.8650159297
335.252708052 26.6864372051
333.54929517 22.5783920159
331.680672965 18.5518980965
329.645152256 14.6189906811
327.438255583 10.7929342805
325.05342781 7.08841757969
322.482685111 3.52172739077
319.717288279 0.110889936936
316.748509816 -3.12424043097
313.568549741 -6.16197373958
310.17163509 -8.97889530669
306.555306149 -11.5501386183
302.721843115 -13.8498646093
298.679719118 -15.8519826814
294.4448873 -17.5311250502
290.041641322 -18.8638451738
285.502763712 -19.829956148
280.868730196 -20.4138674531
276.185888474 -20.6057375509
271.503754148 -20.4022564981
266.871796313 -19.8069188074
262.336230809 -18.8297353991
257.937336927 -17.4864386613
253.70766438 -15.7973223365
249.671266568 -13.7859025232
245.843873073 -11.4775810246
242.233765013 -8.89845108778
238.843067852 -6.07433195528
235.669208861 -3.03005740352
232.706342818 0.210999860509
229.946631843 3.62719701116
227.381339036 7.19872766107
225.00173973 10.907611414
222.799885453 14.7376033469
220.769275918 18.6740516535
218.905509006 22.7037230517
217.206995341 26.81460744
215.675851091 30.9957056428
214.319131877 35.2367961321
213.150662436 39.5281666994
212.193890269 43.8602819503
211.486528758 48.2233306721
211.088436563 52.606544135
211.095626191 56.9970629117
211.666544967 61.377867547
213.074543188 65.7236308761
215.820095951 69.9915456448
220.88655873 74.0987558546
230.322408407 77.860870403
248.079410205 80.8237737868
301.484119401 84.4631383435
329.079737773 81.3060986991
339.67946927 77.1703524273
344.222612064 72.7534999703
346.248955208 68.2350952543
347.017086258 63.6776405603
347.062894119 59.1096297455
346.647307863 54.5472387218
345.909773479 50.0015169552
344.929539469 45.4812479677
343.753196743 40.994268496
342.408238606 36.5481650007
340.91023399 32.15069561
339.266846065 27.8100848849
337.480193235 23.5352597053
335.548298226 19.3360602005
333.466023015 15.2234431051
331.225718005 11.2096857433
328.817729173 7.308592522
326.23086487 3.53570007203
323.452904178 -0.0915292493347
320.471220119 -3.55354372947
317.273585898 -6.82859662331
313.849223341 -9.89273799795
310.190131648 -12.7199554344
306.292692083 -15.2825238759
302.15947276 -17.551625764
297.801056327 -19.4982881323
293.237597046 -21.0946462671
288.499719684 -22.3154808241
283.628357927 -23.1398938633
278.673250115 -23.5529102915
273.690078351 -23.546747105
268.736590599 -23.1215138362
263.868351043 -22.2852024036
259.134883121 -21.0529685105
254.576843924 -19.4458499292
250.224559654 -17.4891599721
246.097899613 -15.2108131653
242.207201092 -12.6397920779
238.554832484 -9.80488865457
235.137021808 -6.73378835437
231.945670101 -3.45245515534
228.969944113 0.0152181809544
226.197594611 3.64754368792
223.615997911 7.42502586826
221.212956513 11.330253945
218.977318399 15.3477371979
216.899483486 19.4637110509
214.971870794 23.6659318873
213.189428701 27.9434706824
211.550290892 32.286509144
210.056723689 36.6861363106
208.716596946 41.1341371757
207.54578392 45.6227555839
206.572251791 50.1443967379
205.84337535 54.691199402
205.439790755 59.2543265397
205.503604878 63.8226160043
206.301379203 68.379641648
208.382540404 72.8962865029
213.044050415 77.3081929229
223.956038008 81.4286873365
252.39124753 84.5273070725
278.325802639 87.9101541622
341.511591444 84.7117306784
351.081550348 80.1391527107
353.587972553 75.4400863215
354.128034702 70.7149010515
353.844224632 65.9883329056
353.127047944 61.27131782
352.143001132 56.5709022594
350.972690344 51.8928559336
349.657843166 47.2426038893
348.220303024 42.6256510712
346.670684057 38.0478274581
345.012674805 33.5154658929
343.245319589 29.0355574313
341.364285444 24.6159047954
339.362591316 20.265284637
337.231044717 15.9936246294
334.95852462 11.8121985204
332.532199923 7.73383963578
329.937751787 3.77317001942
327.159662388 -0.053162351134
324.181635451 -3.72625275159
320.987220479 -7.22473954977
317.560717407 -10.5246719543
313.888433627 -13.5994987608
309.960339711 -16.4202477781
305.772109779 -18.9559782055
301.327425441 -21.1745884561
296.640269074 -23.0440383594
291.736761024 -24.5339863338
286.655973145 -25.6177461445
281.449174597 -26.2743495226
276.177213467 -26.4903988012
270.906196983 -26.2613600462
265.702154641 -25.5920201616
260.625716765 -24.4960042967
255.727835544 -22.9944630002
251.04721937 -21.1142092907
246.609628621 -18.8856560257
242.428729253 -16.3408679651
238.507957696 -13.5119220991
234.842781309 -10.4296997011
231.423036227 -7.12312503404
228.234958426 -3.61868203675
225.262813112 0.0597495201095
222.4901441 3.89087542189
219.900670467 7.85585252228
217.478904243 11.9380875682
215.2105664 16.1230061158
213.082873009 20.3978155232
211.084756824 24.7512762898
209.207086905 29.1734891512
207.442954999 33.65570064
205.788119092 38.1901265376
204.24174523 42.7697900124
202.807697729 47.3883683137
201.49686542 52.0400371106
200.331557626 56.719291415
199.354365822 61.4206970311
198.647675507 66.1384567992
198.382178968 70.8654510654
198.96035817 75.5905254997
201.570908876 80.2880816344
211.621703791 84.8516543167
21.3187198995 87.3972110546
9.58801628101 82.6092701694
5.96897078391 77.77512429
3.57375969107 72.9409826226
1.57735626811 68.1151129524
359.747547656 63.3022545735
357.990743945 58.5064879487
356.259610433 53.7318617312
354.5256389 48.9826237841
352.768939981 44.2633537647
350.973798024 39.5790701552
349.126483085 34.935335593
347.214054227 30.3383707632
345.223638432 25.795182726
343.141955986 21.3137119736
340.954985628 16.9030017763
338.647721176 12.573392732
336.20400375 8.33674438135
333.606435586 4.20668383924
330.836400141 0.198878017754
327.874231996 -3.66867958531
324.699600002 -7.37538534452
321.292186727 -10.8977759897
317.632761273 -14.2093616993
313.704740628 -17.2806125479
309.496299674 -20.0791925249
305.002999913 -22.5705527309
300.230743515 -24.7189934226
295.198626579 -26.4892653714
289.941017916 -27.8486884752
284.508047504 -28.7696196549
278.963809897 -29.2319349852
273.382067903 -29.2250711858
267.839988055 -28.7491778143
262.411139451 -27.8151003617
257.159270419 -26.4431985202
252.134079017 -24.6612861483
247.369486389 -22.5021441245
242.884179226 -20.0010608086
238.683738278 -17.1937441791
234.763506408 -14.1146330949
231.111425082 -10.7960217389
227.710838594 -7.26736972236
224.542468864 -3.55507952454
221.58598525 0.317465729434
218.821067327 4.32973485512
216.228074792 8.46379827854
213.788423518 12.7040443377
211.484750402 17.0368928835
209.300929914 21.4505237627
207.22198526 25.9346290347
205.233918341 30.4801922308
203.323463912 35.0792946395
201.477751243 39.724946715
199.683823716 44.4109416759
197.927906986 49.1317277132
196.194190841 53.8822944833
194.462594829 58.65806793
192.704212683 63.4548029398
190.870805412 68.2684492102
188.866401448 73.0949144636
186.450792331 77.9294119675
182.756976132 82.7634145732
170.158251708 87.5460233885
94.9193662745 86.5698773464
39.2922562707 83.9397057026
22.5086952829 79.5114830157
15.035702681 74.7867787736
10.4403509083 69.9814387917
7.05591349253 65.1503102049
4.27769871499 60.3149444888
1.83365218788 55.4868544065
359.581669891 50.6738542014
357.438493452 45.8823004457
355.350380275 41.118056114
353.279464054 36.3869868425
351.196784919 31.6952684983
349.078436447 27.0496173449
346.903282904 22.4574931801
344.651518846 17.9273012854
342.303708599 13.4686082
339.840120233 9.09238091688
337.2402629 4.8112556069
334.482593274 0.639838535119
331.544397638 -3.40496292027
328.401891274 -7.30358867867
325.030610782 -11.0334750211
321.406207255 -14.5687431025
317.505772111 -17.8799903397
313.309826942 -20.9342792507
308.805056903 -23.695451424
303.987728493 -26.1249176914
298.867479096 -28.1830681718
293.470812184 -29.8313795576
287.843283854 -31.0351496927
282.049238123 -31.7665701972
276.168285155 -32.007622055
270.288594391 -31.7521632674
264.49820786 -31.0066788796
258.876383917 -29.7894891233
253.486968741 -28.1286311624
248.374970291 -26.0589502354
243.566375332 -23.619030151
239.070372922 -20.8484718712
234.88303629 -17.7858877835
230.990633918 -14.4671864561
227.373662386 -10.9253356285
224.009138289 -7.18961553153
220.872691559 -3.28581015789
217.939867715 0.763601389712
215.186906973 4.93913305454
212.59112665 9.22394082341
210.131013344 13.6034716883
207.786099404 18.0651335255
205.536664349 22.5979951959
203.363266628 27.1925187992
201.246070036 31.8403213077
199.163871395 36.533959382
197.092640123 41.2667276382
195.003199279 46.0324551212
192.857303242 50.8252736373
190.60052581 55.6393063774
188.148304812 60.468162453
185.355831712 65.3039492583
181.944732023 70.1349634089
177.292777157 74.9391115859
169.670213814 79.659531999
152.312580533 84.0685118596
72.6623370333 83.3955953222
43.0596185918 80.3076606227
28.7181561947 76.0827405936
20.589621627 71.4891609421
15.1598578827 66.751322833
11.0806879796 61.9500694308
7.75242417039 57.1217962963
4.87111305658 52.2862459739
2.2656670204 47.4560223881
359.831028896 42.6404295124
357.497555745 37.847245992
355.215675287 33.0836548056
352.947596107 28.3567976001
350.662525978 23.6741556325
348.333744512 19.0438531286
345.936708473 14.4749331123
343.447762038 9.97763457025
340.843224772 5.56368911354
338.098741503 1.2466489237
335.188848383 -2.95774753676
332.086762006 -7.03117206165
328.764445795 -10.9522753314
325.193055578 -14.6962530564
321.343913383 -18.2344589567
317.190194368 -21.5341481174
312.709511375 -24.5584781447
307.88750074 -27.2669420519
302.722294358 -29.6164372111
297.229365582 -31.5631550737
291.445701754 -33.0653631748
285.431789462 -34.0869163749
279.269875551 -34.6010110846
273.057737475 -34.5934118741
266.898705463 -34.0643217408
260.890242271 -33.0283543277
255.114045472 -31.512616473
249.629942268 -29.5534552576
244.47427146 -27.1927008282
239.661952779 -24.4741672126
235.190757693 -21.4408805841
231.045916344 -18.1333968129
227.20493489 -14.5882675872
223.640915306 -10.8381942262
220.325147341 -6.91171521337
217.228796205 -2.83353663615
214.323854241 1.37507763462
211.583573132 5.6958718193
208.98252092 10.1131675528
206.49636395 14.6134615346
204.10142649 19.1850610168
201.774033411 23.8177569273
199.48958839 28.5025279853
197.221269115 33.2312638574
194.938107619 37.9964889378
192.602019246 42.7910574252
190.162940714 47.6077686629
187.550384502 52.4388047723
184.657772087 57.2747834439
181.311091039 62.1029425871
177.200255805 66.9031974812
171.711190905 71.6383218405
163.456972835 76.2250946138
148.80714133 80.4307381291
118.51930596 83.4557631217
95.7023277075 81.3149671592
64.4119053586 79.9227920708
44.1243251874 76.649184638
31.9900823082 72.5253772409
24.1030803417 68.0306303066
18.4512316145 63.3587136872
14.0619536484 58.5961149461
10.4330492676 53.7868502247
7.28349748039 48.9563002794
4.44387105123 44.120924839
1.80489755537 39.2926665294
359.291538837 34.481154631
356.849043805 29.6949190946
354.434984097 24.9421314527
352.014448811 20.2311125103
349.556988288 15.5707275183
347.034567766 10.9707347875
344.420129634 6.4421271014
341.686544861 1.99749145016
338.805841408 -2.34859567012
335.748670216 -6.57912689231
332.484029222 -10.6741742448
328.979325138 -14.610361401
325.200917016 -18.3603289062
321.115352438 -21.8922559737
316.691559532 -25.1695502014
311.904255017 -28.1508786402
306.738697753 -30.7907787388
301.196565612 -33.0411252392
295.302104838 -34.8536839609
289.106900639 -36.183789236
282.691044991 -36.9948103464
276.158769805 -37.2626110653
269.628190774 -36.9788924336
263.217215184 -36.1524173918
257.029509577 -34.8077180072
251.144393066 -32.981706342
245.612641726 -30.7192004177
240.457789379 -28.0684705755
235.680973549 -25.0775910504
231.267082799 -21.7919557477
227.190563185 -18.2527420769
223.420272068 -14.4963988082
219.922724777 -10.5546300921
216.66429294 -6.45468246648
213.612420282 -2.21983370086
210.736149015 2.13007108841
208.00616992 6.57809244896
205.394537852 11.109708239
202.874130481 15.712373716
200.417868961 20.3751274682
197.997659143 25.0882324771
195.582938468 29.8428348509
193.138604771 34.6306143764
190.621917965 39.4433869317
187.977620522 44.2725916009
185.129836269 49.1085392655
181.967857724 53.9391771369
178.319679537 58.7478390626
173.899360312 63.5087359763
168.194628869 68.1769758859
160.210863876 72.6639903919
147.88802386 76.770539421
127.259291206 80.0032680086
82.4472515909 78.4604778183
59.8439149723 76.3767530293
44.2787314488 72.9841261751
33.8111035631 68.909369546
26.3936820502 64.4827028396
20.7872782558 59.8652208979
16.2962003499 55.1398339322
12.5193801605 50.3529801509
9.21366956546 45.5330937057
6.22346817486 40.6992105681
3.44373995188 35.865269392
0.799740900999 31.0424247675
358.235375307 26.2403911676
355.706185877 21.4682940337
353.174929965 16.7352658253
350.608650105 12.0509140387
347.97663599 7.42573428533
345.248937473 2.87151417118
342.395238444 -1.59824091885
339.383997019 -5.96783798285
336.181829395 -10.2188679261
332.753181788 -14.3296136388
329.06040903 -18.2744058265
325.064465754 -22.0229651372
320.726511389 -25.5398138391
316.010806294 -28.7839074837
310.889265769 -31.7087253163
305.34782101 -34.2631490191
299.394159983 -36.393501702
293.065420669 -38.0470227973
286.433236261 -39.1767212068
279.602954961 -39.7469684971
272.704900784 -39.7385702453
265.878498669 -39.1518024349
259.25355954 -38.0063657585
252.934561816 -36.3382743657
246.992142598 -34.1947492917
241.462521027 -31.6286314794
236.352663522 -28.6935623758
231.648008355 -25.4405583528
227.320157306 -21.9160002308
223.333229023 -18.1607585695
219.648352847 -14.2101639729
216.226504025 -10.0943651277
213.03008708 -5.83891745981
210.023606911 -1.46544300362
207.173733186 3.00772622602
204.448962458 7.56495804198
201.818994322 12.1927934306
199.253863953 16.8794782228
196.722806355 21.6145382549
194.192755241 26.3883756261
191.626282724 31.1918545967
188.978633158 36.0158307528
186.193237029 40.8505491385
183.194591609 45.6847819147
179.876417652 50.5044626311
176.081008699 55.2903294474
171.561502474 60.013532901
165.91000846 64.6268268556
158.418010531 69.0456251942
147.823609831 73.1051794701
132.05513091 76.4676430772
109.231309996 78.4962186246
95.8921790574 76.2483884145
74.2136576257 75.2957624204
56.7545635768 72.8006356735
44.0476223925 69.3169916351
34.840820902 65.2633563899
27.9204366053 60.88214444
22.4730134117 56.3070146946
17.9920921749 51.6140555416
14.160302224 46.8491873692
10.7723091277 42.042037141
7.68980521811 37.2131183884
4.81549578393 32.3777230057
2.07774710838 27.5481523241
359.421228402 22.7350807974
356.800988341 17.9484551292
354.178546143 13.1981439222
351.519191162 8.49445967824
348.790023157 3.84862725897
345.958459234 -0.726752124658
342.991052666 -5.21720600903
339.852552319 -9.6058380412
336.505203206 -13.8726985848
332.908365958 -17.9940708135
329.018628678 -21.9416846738
324.790705931 -25.6819075127
320.179558048 -29.1750220817
315.144274948 -32.3747981161
309.654239958 -35.2286903715
303.697716725 -37.679122083
297.292042486 -39.6663515761
290.493014721 -41.1332234256
283.399407487 -42.0315356503
276.1482955 -42.3288683144
268.899488385 -42.0139531811
261.812450906 -41.0986887994
255.023342638 -39.6160137992
248.629738993 -37.6144682321
242.686257669 -35.1513545047
237.209276494 -32.2864048072
232.186392192 -29.0770848848
227.58658586 -25.5757784007
223.368749789 -21.8285278552
219.487797056 -17.8748695904
215.898473761 -13.7482806537
212.557435778 -9.47689855812
209.424122634 -5.08433050095
206.460852283 -0.590438153888
203.63242938 3.98795068007
200.905437864 8.63641501751
198.247293218 13.3423899957
195.625052791 18.094673214
193.003910627 22.8829610516
190.345218939 27.6973792404
187.603757496 32.527958036
184.723775021 37.3639767799
181.632982166 42.1930539138
178.233049515 46.9997631966
174.384001927 51.763364781
169.877751148 56.4538398633
164.392286947 61.0245628323
157.41336322 65.3981238047
148.115541899 69.4383310392
135.273496476 72.8981486357
117.653965103 75.3528270524
86.2830625774 73.5508526925
68.6035427712 71.9777445398
54.4243581963 69.2075907659
43.6380458143 65.6488093979
35.4085962917 61.6006284678
28.9527568393 57.2491262863
23.7079654458 52.7061306554
19.2966447235 48.0402526874
15.4663428315 43.2954224048
12.04475521 38.5012717873
8.91057795386 33.6789770829
5.97524233903 28.8446490259
3.17140964633 24.0113887356
0.445564714911 19.1906052685
357.753097046 14.3929204652
355.054905278 9.62884631726
352.314943637 4.9093461202
349.498356122 0.246351272281
346.569983794 -4.34671554562
343.49312413 -8.85437161782
340.228495694 -13.2584280014
336.733436347 -17.537241507
332.961456511 -21.6648532188
328.86239717 -25.6100273268
324.383615249 -29.3352530192
319.472823916 -32.7958590332
314.083378743 -35.9395279597
308.182730552 -38.7066808368
301.764112815 -41.0323760054
294.85990666 -42.8503793633
287.552589838 -44.0996740883
279.97703117 -44.7327127654
272.308764064 -44.7234172616
264.738497281 -44.0721661214
257.440914251 -42.8057183564
250.549494824 -40.9721068052
244.145216976 -38.6325948776
238.259183786 -35.8534525583
232.883720025 -32.6995123271
227.985730862 -29.2301674072
223.518307351 -25.4975209972
219.429091456 -21.5460322747
215.665481378 -17.4130254054
212.177409728 -13.1295801281
208.918492855 -8.72152807611
205.846167561 -4.21041143536
202.921231547 0.385658687738
200.107033447 5.05125733924
197.368431087 9.77300207546
194.670543802 14.5389859218
191.977249918 19.3382548426
189.249305854 24.1602902414
186.441868672 28.9944452531
183.501062214 33.8292620467
180.358996099 38.6515571508
176.926257483 43.4450863513
173.08023785 48.1884573482
168.646591888 52.851682287
163.36965954 57.3902295486
156.866924722 61.7344454726
148.568948898 65.7706820832
137.68621034 69.3098339251
123.389423397 72.0486213126
105.616118151 73.5767320274
95.9792075728 71.3152084266
79.2185933577 70.58180072
64.4886472808 68.5724791849
52.5510356185 65.6027423746
43.147426205 61.979624861
35.6952077568 57.9279485281
29.6566843079 53.5953746835
24.6259957542 49.0765097665
20.3148238235 44.4328491517
16.5201682201 39.7056926896
13.0971403852 34.9239708633
9.93972784283 30.1089592551
6.96786632066 25.2771776814
4.11880749028 20.4422382646
1.34127184283 15.6160832711
358.59137827 10.8098702419
355.82970047 6.03466005836
353.019034021 1.3020072601
350.122607747 -3.37547890284
347.102572593 -7.9835506743
343.918675633 -12.5056718528
340.527095968 -16.922263632
336.879502425 -21.2098147393
332.922511565 -25.3398386646
328.597902035 -29.2776930776
323.844194591 -32.9813433005
318.600516448 -36.4002754046
312.813910483 -39.4749655912
306.451088534 -42.1375809534
299.514454523 -44.3148211176
292.059434622 -45.933745483
284.206179319 -46.9306755543
276.136385151 -47.2616567294
268.069778442 -46.9111990037
260.225500881 -45.8956584744
252.783740631 -44.2596697499
245.862777121 -42.0673041625
239.516333729 -39.3916142567
233.745564467 -36.305806755
228.516422735 -32.8775064516
223.775586202 -29.165986641
219.462080341 -25.221512171
215.514476982 -21.0858953829
211.874676434 -16.7935933881
208.489436474 -12.3729437381
205.310558688 -7.84734096786
202.294331382 -3.23627490389
199.40057897 1.44378363686
196.59149242 6.17863208262
193.830297918 10.9556885306
191.079738399 15.7634091081
188.300273436 20.5907266547
185.447828078 25.4264583217
182.470820419 30.2586128779
179.306045796 35.0734970651
175.872758403 39.8544629456
172.063928023 44.5800343647
167.73314361 49.2209639166
162.675141315 53.7354426919
156.598344606 58.0611458031
149.092676891 62.1021169279
139.616732654 65.7085959874
127.590466166 68.6529913026
112.776536204 70.626251168
88.348897771 68.7124214073
73.8499740373 67.4411297598
61.3040748823 65.1113697879
50.9856152843 61.9884351919
42.6274217208 58.3092186757
35.807623574 54.2490222256
30.1393653761 49.9280718048
25.3195318486 45.4273080546
21.1230108801 40.8018136045
17.3844608028 36.0900637322
13.981289684 31.3198946155
10.8206853635 26.5123082651
7.83034431482 21.6839325368
4.95194207096 16.8486612415
2.13648973866 12.0187992758
359.340944395 7.20591480835
356.52563392 2.42152819906
353.652196563 -2.32227412821
350.681832813 -7.01223542942
347.573738111 -11.6332800891
344.28364587 -16.1677718772
340.762478837 -20.594632614
336.955204791 -24.8882798101
332.800149998 -29.0173576353
328.229277454 -32.9432770855
323.170316813 -36.6186736675
317.552109572 -39.9860703162
311.314892458 -42.9773325924
304.426881014 -45.5149004682
296.906354873 -47.51608666
288.843611022 -48.9014705265
280.411143286 -49.6069762286
271.849197747 -49.5966385794
263.424095399 -48.8709855304
255.374634173 -47.4669076435
247.871051237 -45.4490832993
241.001385391 -42.8971684354
234.782181333 -39.8937948648
229.180581009 -36.5162961837
224.136301551 -32.8325127415
219.578036423 -28.8996252754
215.433578023 -24.7647331163
211.635049256 -20.4662046587
208.120963355 -16.0352201654
204.836464461 -11.4972263075
201.732622707 -6.87319892239
198.765281437 -2.18069971369
195.893704338 2.5652469549
193.079115116 7.35141554761
190.283125426 12.1657326362
187.465978719 16.9966729549
184.584476543 21.8326440513
181.589382273 26.661293564
178.421998854 31.4686499047
175.009475778 36.2379649106
171.258206119 40.9480534083
167.044451545 45.5707997241
162.201241216 50.0672981867
156.501238628 54.3817987036
149.63860348 58.4323322901
141.224130739 62.0971537301
130.836918401 65.1989871095
118.220230846 67.4992046515
103.672974089 68.7329373897
96.0300134526 66.4711085229
82.2676525009 65.8700546078
69.6370138059 64.1853950378
58.7433148514 61.6110303729
49.6462448126 58.3659013409
42.1080326341 54.6373517368
35.8131749221 50.5660305318
30.4729230208 46.2518458857
25.8543169847 41.7647750394
21.7780303715 37.1542527681
18.1076036517 32.4559626762
14.7384567568 27.6964492332
11.5889466055 22.8962026565
8.59360924854 18.0717430317
5.69815603807 13.2370678664
2.85574000835 8.40470352285
0.0240925786161 3.58651931152
357.163228917 -1.20558733607
354.233501118 -5.95905550639
351.193840016 -10.6600116149
348.000076944 -15.2925490979
344.603288794 -19.8378803638
340.948182032 -24.2733029468
336.971653051 -28.5709240175
332.601878308 -32.6961044751
327.758659837 -36.6056377862
322.356335054 -40.2458090113
316.311310304 -43.5507449788
309.556811519 -46.4419212049
302.066645277 -48.8302854928
293.885690905 -50.622827012
285.156424723 -51.7347027765
276.122360997 -52.1053394602
267.092819473 -51.7129964068
258.376090303 -50.5806275498
250.213128193 -48.7696998817
242.743453841 -46.3654865125
236.009521676 -43.4610194273
229.983592264 -40.145115435
224.598133258 -36.4959544992
219.769328019 -32.5790536427
215.411589739 -28.4478088692
211.444930563 -24.1451626819
207.797773783 -19.7055460268
204.407248558 -15.1566927383
201.218257189 -10.5211869252
198.182026811 -5.81773078846
195.25449085 -1.0621723911
192.394633111 3.73165065424
189.562807574 8.55119356295
186.718975536 13.3845562068
183.820749917 18.2198469763
180.821085815 23.0444946799
177.665394206 27.8444286625
174.287774189 32.6030174745
170.60596067 37.2996052429
166.514502143 41.9074020392
161.875745001 46.3903593632
156.508799519 50.6984990192
150.178868935 54.76104233
142.595637605 58.4769436106
133.443917221 61.7040981908
122.491426432 64.2537512519
109.811941148 65.9066447427
89.6606859937 63.9270012244
77.35444773 62.855992272
66.2404418178 60.8479717193
56.6278905187 58.0810658907
48.4844053378 54.7358957213
41.6081019188 50.9638576767
35.756580408 46.8803710217
30.7078620323 42.5698480489
26.2785498169 38.0933612209
22.3232033325 33.4954153836
18.7277391454 28.8090436085
15.4021275206 24.0594192661
12.2740850006 19.2663742064
9.28405552501 14.4461681158
6.38130938754 9.61276495244
3.52088616657 4.77879608847
0.661123474473 -0.0436638640632
357.761557573 -4.84241664024
354.781025185 -9.60448285163
351.675832625 -14.3154037107
348.397893479 -18.9584390213
344.892782129 -23.513593765
341.097730731 -27.9563985942
336.939754067 -32.2563671016
332.334391621 -36.3750703448
327.186115349 -40.2638398656
321.392370021 -43.861297613
314.854422892 -47.0913133777
307.498986395 -49.8626967266
299.312799895 -52.0728278486
290.384502599 -53.6177950223
280.933568936 -54.409873735
271.29632041 -54.3982801113
261.855935965 -53.5837699914
252.946164238 -52.0184060258
244.782718108 -49.7906426366
237.450838413 -47.0045541439
230.935000937 -43.7625361434
225.160784653 -40.1553778185
220.029110245 -36.2587778025
215.437510494 -32.1337263207
211.290734792 -27.828573279
207.504649272 -23.3814992969
204.006575304 -18.8228035959
200.734002804 -14.1768179902
197.632706498 -9.46343928341
194.654742695 -4.69934067407
191.756504888 0.101060650781
188.896862707 4.92480525464
186.035329815 9.75969502986
183.130160871 14.593635722
180.13624255 19.4139544779
177.002606688 24.2066194832
173.669350101 28.9552689357
170.063701692 33.6399219781
166.094963698 38.2351898793
161.648163629 42.7077287915
156.576735444 47.0125863822
150.696001512 51.0880533736
143.782895837 54.8488423732
135.595060163 58.1784300179
125.933635855 60.9242882416
114.774503361 62.9052298905
102.440070219 63.9440919462
96.0638918523 61.6781847558
84.3468691148 61.1669943339
73.3247906096 59.7151785972
63.4431373433 57.4495335432
54.8477633821 54.5274652287
47.4698099495 51.0989721697
41.1404025753 47.2886812125
35.6690545673 43.1930455105
30.880935618 38.8843677238
26.6286900657 34.4163973541
22.7924553378 29.8293442451
19.2756784198 25.1537764276
16.0001242106 20.4134857778
12.9013213981 15.6275598466
9.92475541091 10.8118903847
7.02276170679 5.98030114904
4.15196246041 1.1454310874
1.27107288163 -3.68052546946
358.33891602 -8.48514189782
355.312503058 -13.2550771575
352.145053915 -17.9753222198
348.783854935 -22.6283033979
345.167891261 -27.1927591463
341.225283469 -31.6422916894
336.870764827 -35.9434844986
332.003875174 -40.0534928411
326.509407815 -43.9171081495
320.263130888 -47.4635716369
313.147808131 -50.6040381389
305.085675384 -53.2317171248
296.089531826 -55.2280793188
286.319143392 -56.4786316098
276.105176123 -56.8978328209
265.897862475 -56.4541987506
256.145518737 -55.1809633889
247.174283994 -53.1648441767
239.139185107 -50.5207461644
232.049655331 -47.3670263713
225.826194633 -43.810013618
220.351013131 -39.9380259592
215.49997444 -35.821344913
211.158241188 -31.5147906061
207.225788617 -27.0609092348
203.617754833 -22.4928956909
200.26259836 -17.8369872581
197.099567567 -13.1143322148
194.076140705 -8.3424274346
191.145664509 -3.53623389427
188.265217107 1.29093171736
185.393631171 6.12664626024
182.489573237 10.9586988531
179.509553426 15.7744128083
176.405721979 20.5599020511
173.123290848 25.299181769
169.597406465 29.9730307479
165.749318266 34.5574679746
161.481802624 39.0216593107
156.674170219 43.3250224882
151.178148014 47.4132935307
144.81812806 51.2134814692
137.403554602 54.6282760394
128.767286524 57.5321421524
118.845449553 59.7744694927
107.792622607 61.1981553049
90.5832792848 59.166734948
79.8900085224 58.2401107286
69.9739659832 56.4777640464
61.1023400192 54.003506798
53.3320049875 50.95422487
46.5829707778 47.4556177524
40.7143211109 43.6118974138
35.5734848185 39.5048786459
31.0199577237 35.1972041895
26.9332505967 30.7365292793
23.2131567571 26.1593150228
19.7770148116 21.4938606053
16.5562020301 16.7626044399
13.4927641343 11.9838428395
10.5364573618 7.17302319
7.64221019047 2.34374421037
4.76791038189 -2.49143162919
1.87239088626 -7.32026959876
358.913480997 -12.1301867981
355.84598844 -16.9075416095
352.619478913 -21.6368169603
349.17572721 -26.2996129733
345.445747543 -30.8733432323
341.346415763 -35.3295013115
336.776972214 -39.6313403155
331.616339198 -43.7308185357
325.723543927 -47.5647883137
318.946012919 -51.0508178994
311.143924961 -54.0840390428
302.240332944 -56.5382601272
292.297594987 -58.2766386676
281.589733414 -59.1763535115
270.602155039 -59.1631798309
259.910024016 -58.2382424128
249.993897292 -56.477574739
241.121313088 -54.0048350532
233.349559249 -50.9568254725
226.598962016 -47.459219351
220.728792018 -43.6162359957
215.586566179 -39.5097118759
211.031809181 -35.2023149642
206.944030399 -30.741724622
203.22300846 -26.1644236368
199.786062673 -21.4987304203
196.564550453 -16.7671005398
193.500498751 -11.9878458624
190.543646539 -7.17642819237
187.648906326 -2.34645993998
184.774150658 2.48948311538
181.878197271 7.31915301981
178.918859293 12.1299534544
175.850926122 16.9082288834
172.623941418 21.6384474314
169.179652161 26.3021929929
165.449036272 30.8768606898
161.348921403 35.3339221773
156.778483904 39.6366033439
151.616563164 43.736827321
145.722085703 47.5713998921
138.942372988 51.05782783
131.13753412 54.0911655282
122.230667336 56.5451357253
112.284394798 58.2828265149
101.573258375 59.1814060563
96.0885149581 56.9019489316
85.8795902127 56.4568434831
76.1266869834 55.1820459078
67.155799777 53.1644284081
59.1216538051 50.519005376
52.0333815672 47.3641898917
45.8112638755 43.8063265297
40.3373814874 39.9337259803
35.4875354685 35.8166522216
31.1468666182 31.5099050132
27.2153500228 27.0560105219
23.608133943 22.4881449341
20.2536912701 17.8325283536
17.0912858486 13.1102932975
14.0684111121 8.33892202386
11.1384282712 3.53336171718
8.25842936107 -1.29308420847
5.3872608726 -6.12800563907
2.48360381229 -10.9592047164
359.503984445 -15.7740180246
356.40057221 -20.5585733122
353.118603231 -25.2969005579
349.59325575 -29.9697949351
345.745822362 -34.5532944004
341.479138891 -39.0165879344
336.672597706 -43.319122992
331.178034921 -47.406675607
324.819978011 -51.2063100905
317.408011344 -54.6207918721
308.775071305 -57.5246827725
298.85716423 -59.7674765684
287.80840069 -61.1921398674
276.083074908 -61.6736291167
264.368060286 -61.1642208557
253.346373335 -59.714270559
243.463840435 -57.4503592231
234.86687779 -54.5297654044
227.487093043 -51.102443747
221.155889815 -47.2930273875
215.682908984 -43.1979967043
210.893359315 -38.8896861792
206.639881138 -34.4218749521
202.802590465 -29.8347985202
199.284907963 -25.159046798
196.008572663 -20.4184305393
192.90908973 -15.6320539508
189.931923735 -10.8158238937
187.029391554 -5.98357824223
184.15809837 -1.14796950781
181.276743147 3.67879460839
178.344132482 8.48427399151
175.31725979 13.2551136768
172.14932459 17.976289917
168.787588555 22.6302130407
165.171005859 27.1956035868
161.227657366 31.6460429687
156.872225284 35.9480895585
152.004185115 40.0588673031
146.508253534 43.9231276528
140.260118391 47.4700607191
133.142483859 50.6107582415
125.077595595 53.238358849
116.078400611 55.2342693395
106.304997492 56.4839673989
91.2798173021 54.4015143538
81.8384081102 53.585600417
72.9284517207 52.0188112019
64.7654878976 49.7897197195
57.4345141344 47.002478502
50.919787152 43.7595213699
45.1467309466 40.1516469661
40.0161744445 36.254546945
35.4256049317 32.1291972039
31.2797548015 27.8239309754
27.4944890014 23.3769118732
23.9971359389 18.8184226158
20.7251963838 14.1727794305
17.6244572754 9.45986450825
14.6469873402 4.69633724679
11.7491923331 -0.103398385289
8.88995412328 -4.92639581252
6.02879907254 -9.76046963774
3.12399577305 -14.5935383687
0.130447220933 -19.4129421939
356.997205614 -24.2046629238
353.664394586 -28.9523534184
350.059279867 -33.6360492516
346.091215703 -38.2303811025
341.645304103 -42.7020295298
336.575085363 -47.0060749202
330.696029002 -51.0808542432
323.785256163 -54.8411472487
315.60059954 -58.1705263104
305.943275892 -60.9165876422
294.788892661 -62.8982700043
282.459032465 -63.9384651183
269.682897987 -63.923195408
257.377871885 -62.8542322313
246.263229213 -60.8481878571
236.648927457 -58.0829916748
228.503279523 -54.7391894968
221.624829185 -50.9681806235
215.771367622 -46.88541915
210.720970209 -42.575358407
206.290231249 -38.0991080144
202.333678616 -33.5012037672
198.737192365 -28.8147040702
195.41070851 -24.0648033227
192.281913676 -19.271351339
189.291226247 -14.45062369
186.387894589 -9.61659888914
183.526939009 -4.78192209905
180.666679479 0.0413186045555
177.766635211 4.84091146259
174.78562539 9.60386323492
171.679937114 14.31570058
168.401461722 18.9596676285
164.895746737 23.5157520162
161.099991055 27.9594646103
156.941167995 32.2602957132
152.33476614 36.3797881587
147.185197916 40.2692385785
141.389845664 43.8672255847
134.849926771 47.0975664843
127.492146929 49.8690116755
119.303327109 52.0788844841
110.372317122 53.6232367465
100.918922135 54.4143518652
96.1075504331 52.1089847375
87.0766865873 51.7154186581
78.3593513434 50.5817384162
70.1964388539 48.7695251247
62.7273043978 46.3641419139
55.9942118404 43.4586772686
49.9692609893 40.1419744682
44.58480785 36.4922189419
39.7569694198 32.5749213231
35.4001249936 28.4434659609
31.4342728943 24.1407814808
27.7878345202 19.7012839579
24.3979439288 15.1526923541
21.2095117133 10.5175764705
18.1737747278 5.81462486703
15.2466766144 1.05967252491
12.3872116205 -3.7334556262
9.55574456269 -8.55222724489
6.71224848118 -13.3847545597
3.81434981023 -18.2191583944
0.815020266641 -23.0428802732
357.659692575 -27.8418628424
354.282495819 -32.5994890353
350.601207915 -37.2951192909
346.510440766 -41.9019834081
341.872635597 -46.3840586394
336.507044043 -50.6914031001
330.179073211 -54.7532925289
322.598674505 -58.4687649806
313.450926106 -61.6958407353
302.503589379 -64.2459283256
289.829845947 -65.8999177966
276.052819538 -66.4661451928
262.293030408 -65.8672860648
249.662315193 -64.1848708649
238.766754913 -61.6124943332
229.667108233 -58.3689653785
222.126289862 -54.6416216397
215.829094279 -50.5711575216
210.486849837 -46.2575355248
205.866578998 -41.7707805464
201.788907328 -37.1603654209
198.117323647 -32.4620035565
194.747201756 -27.7022631365
191.596859939 -22.901653899
188.600802493 -18.0767126815
185.704714522 -13.2414519949
182.86172687 -8.40841218641
180.029551476 -3.58947606694
177.168185512 1.20344550422
174.23796342 5.95777790993
171.197797587 10.6596332495
168.003498915 15.2930896557
164.606120599 19.8393427791
160.950340775 24.2756713269
156.973021574 28.5741607501
152.602298456 32.700146269
147.757926343 36.6103904376
142.354193334 40.251140925
136.30746434 43.5564801275
129.550951439 46.447833568
122.058504906 48.8360991592
113.875136694 50.6282281637
105.143552986 51.7393689834
91.8344612131 49.5994960812
83.4084494085 48.8726723489
75.3586721694 47.4673889096
67.8552790283 45.448415944
60.9861646447 42.8954776716
54.7677262511 39.8912471813
49.1669866026 36.5130765071
44.1235812438 32.828808779
39.5661549732 28.895619247
35.4224739811 24.760597956
31.6246493207 20.4621013139
28.1111919559 16.0312961312
24.8272494566 11.4936154722
21.72389831 6.87002193762
18.7569895862 2.17806442979
15.8857953573 -2.56724512539
13.0715481981 -7.35269336719
10.2758693373 -12.1662188815
7.45901306601 -16.9963083608
4.57779402094 -21.8313813802
1.58299248963 -26.659097856
358.415934656 -31.4654990263
355.003803603 -36.2338506341
351.253042889 -40.9429834651
347.039992212 -45.5648016694
342.197803291 -50.0604266493
336.499331906 -54.3741489097
329.639029346 -58.4240647747
321.228086851 -62.0885367776
310.84598403 -65.1904582609
298.235907906 -67.4914213844
283.695491214 -68.7267163554
268.376120131 -68.7084643681
253.878286159 -67.4397005189
241.330571055 -65.1122641717
231.009015609 -61.9912117005
222.647595879 -58.3134078028
215.824929407 -54.2542148924
210.154273519 -49.9339331632
205.332478067 -45.4335659717
201.134356142 -40.8082436841
197.394491338 -36.0964771769
193.990228465 -31.3261296671
190.828704712 -26.5182245211
187.837576556 -21.6894073047
184.9584877 -16.8535872796
182.142423339 -12.0230834755
179.346318693 -7.20947753212
176.530482309 -2.4243030956
173.65653432 2.32033993135
170.685657157 7.01118079771
167.577027133 11.6331290089
164.286356371 16.1685321851
160.764543061 20.5962942263
156.956526189 24.8908123126
152.800598422 29.0207070681
148.228684837 32.947361794
143.16847555 36.6233792571
137.548777663 39.9912441845
131.309811639 42.9827793894
124.419814955 45.5203812249
116.897150455 47.5213258109
108.832272503 48.9061752008
100.397889262 49.6108688074
96.1229838476 47.2647994957
88.0552720683 46.9133259941
80.2103934873 45.8966877567
72.7685126153 44.2596052207
65.8478167608 42.0662226967
59.5019091943 39.3896447469
53.7318300154 36.3031085117
48.5034433196 32.8742513422
43.7633669804 29.1623475151
39.450590169 25.2176580585
35.5036630078 21.0819878453
31.8644753706 16.7897828872
28.4797827454 12.3693682808
25.3013890818 7.84412602896
22.2855874732 3.23353364512
19.3922083749 -1.44595012125
16.5834495216 -6.18013455246
13.8225445105 -10.9564494318
11.0722445921 -15.7633624549
8.29301918691 -20.5898179707
5.44080583769 -25.4246446669
2.46403963659 -30.2558630233
359.299540508 -35.0697919477
355.866600058 -39.8497966732
352.058247268 -44.5744163099
347.728167653 -49.2144229864
342.671258031 -53.7280359742
336.596210044 -58.0529759963
329.093380234 -62.0933668263
319.621980455 -65.6995922929
307.602525419 -68.6443005087
292.797226234 -70.6187413744
276.007643121 -71.3098710291
259.250408391 -70.5792535221
244.519107591 -68.572663931
232.577757104 -65.6051645404
223.170051963 -61.9837091307
215.714232459 -57.9332013898
209.672773608 -53.6014078866
204.639745345 -49.0830200557
200.326708711 -44.439594391
196.530552459 -39.7124738543
193.106299631 -34.9306200321
189.947870367 -30.1153319751
186.97514939 -25.2831482321
184.125349323 -20.4476967915
181.347160038 -15.6209341298
178.59667557 -10.8140311443
175.834448514 -6.03806177355
173.023255525 -1.30459372754
170.126307398 3.37375012032
167.105736828 7.98270761632
163.921271398 12.5057270414
160.529068544 16.9232125426
156.880772479 21.2116337698
152.922971771 25.3424824935
148.597414053 29.2810913347
143.842587945 32.9853965911
138.597592032 36.4048510277
132.809452805 39.4798938689
126.444891575 42.1426540069
119.506364204 44.3197969761
112.04940379 45.9383608366
104.194318754 46.9346689313
92.2953866731 44.7258493085
84.7243148619 44.073626175
77.4263549451 42.8061662412
70.5349422449 40.9715738105
64.1309688919 38.6311700889
58.2454400099 35.8512649824
52.8705918285 32.6967133192
47.9732623926 29.2269158725
43.5065000201 25.4939764955
39.4179175776 21.5423532815
35.6548938963 17.4093631598
32.1673527894 13.126074985
28.9089084832 8.71830885851
25.8369992429 4.20759539806
22.9124261792 -0.387965803441
20.0985424416 -5.05296121723
17.360211089 -9.77401972005
14.6625573833 -14.539245548
11.969466566 -19.3376957688
9.24170363525 -24.1588627954
6.43443713398 -28.9921107177
3.49380744195 -33.8259927067
0.351949525708 -38.647336577
356.919491425 -43.4399102159
353.073893314 -48.1823354
348.640929279 -52.8446428622
343.365152303 -57.3823296674
336.86443052 -61.7257933232
328.569998827 -65.7614863404
317.693359176 -69.3005044324
303.406061815 -72.0399269283
285.644075872 -73.5698538505
266.318597665 -73.5469111634
248.639248715 -71.9770254425
234.455581615 -69.2095766305
223.663893747 -65.6527708934
215.429785901 -61.6059480978
208.970275098 -57.2553429167
203.72265426 -52.7129023287
199.309143182 -48.047317361
195.477120586 -43.3025708461
192.054155953 -38.5083307189
188.918854486 -33.6857990232
185.982581741 -28.8511062367
183.177950662 -24.0173696672
180.451409575 -19.1960125415
177.758319421 -14.3976698249
175.059555506 -9.63286622845
172.319051985 -4.91257781267
169.501934547 -0.248749133077
166.573026509 4.34518327635
163.495607176 8.8537218473
160.230375663 13.2586614473
156.734648429 17.5383409639
152.961912198 21.6667813614
148.861982198 25.6127240045
144.382188894 29.3386320879
139.470221505 32.7998049735
134.079420158 35.9438929239
128.177238083 38.7112833771
121.756940878 41.0370034725
114.850982049 42.8547964149
107.541953711 44.1036391098
99.9648658373 44.7360015387
96.1359957873 42.3314756735
88.886252236 42.0157233787
81.7986410283 41.0995477842
75.0093145982 39.615952976
68.6157967992 37.6135377645
62.6726299107 35.1496504432
57.1961123239 32.2840541685
52.1737707143 29.0742301998
47.5745380108 25.5725644172
43.3572770635 21.8251042437
39.4768726289 17.8713862898
35.8880542715 13.744878536
32.5474709961 9.47370807579
29.414560237 5.08147155487
26.4516405084 0.588019923549
23.623518571 -3.98982984742
20.8967813888 -8.63766763836
18.238848094 -13.3429394178
15.6167803074 -18.094453534
12.9957772537 -22.8819169904
10.3371979246 -27.6954659839
7.59583177014 -32.5251410605
4.71594248362 -37.3602317097
1.62526540346 -42.1883665344
358.225513921 -46.9941299098
354.376790363 -51.7567941838
349.871152184 -56.4463571044
344.386872975 -61.0162208692
337.41027237 -65.3890320922
328.117019469 -69.4287278801
315.283630837 -72.8885702654
297.678052365 -75.3443856935
275.930537928 -76.2427148284
254.256382068 -75.2938498994
236.792185344 -72.8020754426
224.077863851 -69.3208230863
214.864791337 -65.2687685969
207.939691772 -60.8885731587
202.488791918 -56.3140695913
198.005275303 -51.621452916
194.171504517 -46.8567086503
190.781962226 -42.0495052444
187.698216732 -37.2203843787
184.822888011 -32.3846585352
182.084282191 -27.5546453523
179.427024722 -22.7410332237
176.80613126 -17.9537815803
174.183095012 -13.202771267
171.523183797 -8.49832702794
168.793478513 -3.85168632035
165.961378739 0.724536408436
162.99342052 5.21585454995
159.854334956 9.60535641812
156.506348156 13.8730755426
152.908800373 17.9952764095
149.018258012 21.9436680521
144.789413584 25.6845943487
140.177207263 29.1783118897
135.140714895 32.3785618758
129.64931831 35.2327693484
123.691300698 37.6833292284
117.284048202 39.6704772778
110.48344029 41.1370471693
103.38835952 42.0348437996
92.6925935987 39.7405312044
85.8654783445 39.1529651919
79.2401392314 38.0066891938
72.9210325578 36.3377731893
66.9787444168 34.1934862852
61.449429713 31.6267062572
56.3399894123 28.6910991619
51.6358039214 25.437687711
47.3084520845 21.912851805
43.3220228672 18.1574792034
39.6376167564 14.2068938466
36.2161975181 10.0912343949
33.0201641531 5.83604696382
30.0140191762 1.4629439503
27.1644318421 -3.00975265015
24.4398994797 -7.56642091323
21.8101231429 -12.1936122021
19.2451398858 -16.8795827352
16.7141869737 -21.6138686585
14.1842009929 -26.3868822186
11.6177581369 -31.189497576
8.97010928158 -36.0125798869
6.18469630557 -40.8463833728
3.18603757569 -45.6796889952
359.86789459 -50.4984389686
356.072642624 -55.2833808554
351.553590254 -60.0056779973
345.903220718 -64.6181083557
338.413870456 -69.0361450993
327.825590389 -73.0952075406
312.070421274 -76.4579255606
289.268372823 -78.4885079513
262.499041446 -78.4569101076
239.891255201 -76.3774797779
224.315276243 -72.9878399489
213.838730489 -68.9149320365
206.41505086 -64.4893980344
200.804300757 -59.8725988223
196.310123825 -55.1475892492
192.531018879 -50.3608876075
189.223567922 -45.5409752419
186.232000078 -40.7069182203
183.451168316 -35.8726761699
180.806253786 -31.049419719
178.241108362 -26.2468767452
175.711236559 -21.4741847847
173.179366659 -16.7404878772
170.61251796 -12.0554050946
167.979960548 -7.42944396882
165.251726754 -2.87440464075
162.397483899 1.59619412199
159.385673636 5.96664485633
156.18289521 10.2185226831
152.753577063 14.3300931194
149.060055508 18.2756676393
145.063266574 22.0249455733
140.724352625 25.5424257075
136.007561427 28.7870382024
130.884804736 31.7122358784
125.342025296 34.2668748128
119.386944072 36.3972564638
113.05675752 38.0506069553
106.423180668 39.1799351449
99.5916557213 39.7496296884
96.1473463705 37.2646479531
89.6159656097 36.9802498444
83.2044527751 36.1530295294
77.0164745043 34.8075693491
71.131321364 32.980828356
65.5997227639 30.717663973
60.4451587924 28.0663771393
55.6687079501 25.0750641551
51.2552127928 21.78909662
47.1791348505 18.2496839799
43.4092704011 14.4932842255
39.9121197659 10.551586683
36.6540466593 6.45182998723
33.6024896252 2.2172837376
30.726487912 -2.13221587324
27.9967308075 -6.57973885959
25.3852725043 -11.1107728771
22.8649903703 -15.7127831478
20.4088053191 -20.3748182599
17.9886228908 -25.0871511105
15.573880188 -29.8409375174
13.1294750187 -34.6278666344
10.6126684566 -39.4397632054
7.96820730633 -44.2680744963
5.12022736085 -49.1031186964
1.9580510263 -53.932849337
358.309745648 -58.7406058667
353.889549538 -63.5006058559
348.185657339 -68.1679723804
340.204738171 -72.6541904376
327.89048376 -76.7602364343
307.284906083 -79.9936061993
275.762838222 -81.3090075182
244.475506211 -79.9225024159
224.170603687 -76.6528335765
212.022638824 -72.5312036157
204.126994512 -68.0376856327
198.469623064 -63.3664791927
194.076630508 -58.6042687838
190.445097916 -53.7951666688
187.293602831 -48.9646052599
184.452484083 -44.1290750482
181.81232582 -39.3005390569
179.297997576 -34.4886416634
176.854686065 -29.7019252207
174.439919103 -24.9485723913
172.018753468 -20.2369146593
169.560714478 -15.5758280053
167.037746947 -10.9750818515
164.422775641 -6.44568071503
161.688655448 -2.00022414
158.807398902 2.34669781837
155.749641557 6.57806304129
152.484365659 10.6739274181
148.978961923 14.6108969056
145.199773552 18.3615926054
141.11333359 21.8941725287
136.68855902 25.1720215302
131.900162061 28.1537830401
126.733408053 30.7939713725
121.189997098 33.044440909
115.294217041 34.8569431441
109.097714103 36.186807977
102.680654727 36.9974136388
93.0462858264 34.5948563648
86.8866212314 34.0651230663
80.8777559449 33.0284728158
75.1013772412 31.5120559688
69.6172825432 29.5522588386
64.4617702079 27.1909441157
59.6497173727 24.4719541443
55.1787966563 21.4383535478
51.0343263888 18.1305654864
47.193723276 14.5853247089
43.6300595271 10.8352607505
40.314618753 6.90890716554
37.2185586637 2.83096405701
34.3138661644 -1.37731215898
31.5737891987 -5.69767412869
28.972893088 -10.1144525362
26.4868418719 -14.6141535135
24.0919574321 -19.18509395
21.7645617597 -23.817074468
19.4800548105 -28.5010833977
17.2116094041 -33.2290197832
14.9282513351 -37.9934169855
12.5918883134 -42.7871375306
10.1524485927 -47.6029881423
7.53943757601 -52.4331569423
4.64627805059 -57.2682656331
1.29898876681 -62.0955533694
357.187614339 -66.8949334106
351.698553827 -71.6291771461
343.446706254 -76.2150879372
328.809452686 -80.4201397259
298.571464414 -83.4466605412
252.757187628 -83.3935765548
223.122735323 -80.3113969251
208.757465274 -76.0890491775
200.616463936 -71.4967300051
195.179624257 -66.7595731665
191.096031376 -61.958680643
187.764782606 -57.1305550188
184.881333866 -52.29499042
182.274282954 -47.4646193186
179.838391714 -42.6487637631
177.50390611 -37.8552154821
175.221181743 -33.0911681752
172.952377946 -28.3637732094
170.66666718 -23.6805213147
168.337302452 -19.0495463853
165.939719424 -14.4799015905
163.450244594 -9.98183673571
160.845181899 -5.56709507897
158.10016163 -1.24924141588
155.189705871 2.95597207408
152.087017242 7.03020222904
148.764045224 10.9520834088
145.191932037 14.6967935503
141.341987261 18.235667153
137.187376264 21.5359388287
132.705707079 24.5607449801
127.882619334 27.2695577121
122.716259857 29.6192554811
117.222131593 31.5660152502
111.437267053 33.0680974737
105.422210665 34.0893602923
99.2592721756 34.6030157385
96.1575652799 32.0090500171
90.2771833529 31.7530534527
84.4862993721 31.0069736556
78.8641746202 29.7891694265
73.4746399285 28.1277150028
68.3626752298 26.0574880951
63.5542345083 23.6170990158
59.0584909958 20.8461705013
54.871357151 17.7832504198
50.9792730162 14.4644216088
47.3626079354 10.9225282149
43.9983723489 7.18687378913
40.862186428 3.283240332
37.9295878756 -0.765898528028
35.176810987 -4.94106383315
32.5811683885 -9.22541966926
30.1211425239 -13.6044217816
27.7762615022 -18.0654872215
25.5267999103 -22.5976942703
23.3533099551 -27.1915145439
21.2359471568 -31.8385744841
19.1534971093 -36.5314400189
17.08191378 -41.2634146419
14.9919987295 -46.0283356352
12.8454761148 -50.8203420349
10.5878769331 -55.6335626684
8.13457866277 -60.4616096767
5.34069179203 -65.2965889762
1.92775900436 -70.1267873965
357.273634792 -74.9300859407
349.650124418 -79.6495741188
332.309707183 -84.0576673822
275.073359253 -86.5637592878
219.390607346 -83.9440076088
202.556819861 -79.5186995347
195.065374188 -74.7951014494
190.461150572 -69.9903091987
187.071619769 -65.1594558303
184.290130195 -60.3241879848
181.843807569 -55.4960590203
179.590149609 -50.6829041724
177.445682341 -45.8910929909
175.356536376 -41.126497986
173.2847657 -36.3949929351
171.20135738 -31.7027614604
169.082367785 -27.0565277308
166.906633731 -22.4637599059
164.654328462 -17.9328722738
162.305998859 -13.4734411534
159.841897945 -9.09644419152
157.241521237 -4.81452917606
154.483312543 -0.642315038451
151.544545665 3.403277043
148.401423685 7.30267198101
145.02947147 11.0332898042
141.404329431 14.5692342061
137.503080444 17.8810841145
133.306241366 20.9358829548
128.800498678 23.6974534098
123.982128883 26.1271888734
118.860790434 28.1854653255
113.463020123 29.833750908
107.83441839 31.0373429108
102.039380111 31.7684423072
93.3713049444 29.2259515747
87.82866373 28.7495553734
82.399422992 27.8149382079
77.1473268824 26.4424933406
72.1220564328 24.6600657413
67.3575079119 22.5004625229
62.8723418908 19.9989900432
58.672098849 17.1913481798
54.7520660625 14.11204484
51.1002283302 10.7933490746
47.6998839728 7.26471033238
44.5317387455 3.55253357036
41.5754515526 -0.319801139505
38.8106939461 -4.33176811004
36.2178190727 -8.4654447059
33.7782369623 -12.7052271701
31.474578668 -17.0375439315
29.2907120926 -21.450583883
27.2116523768 -25.9340484412
25.2233908942 -30.4789306765
23.3126481107 -35.077321483
21.4665333376 -39.7222408748
19.6720613181 -44.4074914636
17.9154153857 -49.1275305228
16.1807204771 -53.8773562884
14.4477920987 -58.6524024825
12.6875467371 -63.4484304341
10.8514182075 -68.2613938099
8.84275972308 -73.0871989261
6.41972196155 -77.921042888
2.71015957083 -82.7543242389
350.072218674 -87.5356111923
201.508820695 -87.4043841154
189.642407884 -82.6181873505
185.999340728 -77.7845279265
183.594358812 -72.9506336824
181.592680175 -68.124877953
179.759572609 -63.3120274721
178.000507743 -58.5161733323
176.267721844 -53.7413699421
174.532482502 -48.9918695021
172.774771416 -44.2722558515
170.978793089 -39.5875520351
169.130765016 -34.9433258897
167.217709746 -30.3458040672
165.226727571 -25.8020004368
163.144518268 -21.3198631873
160.957043993 -16.9084442094
158.649284476 -12.5780936762
156.205068286 -8.34068169393
153.606986032 -4.20984696978
150.836410103 -0.201269072587
147.87366444 3.66704475144
144.698407795 7.37447603807
141.290313601 10.8975456501
137.630143573 14.2097470444
133.701310274 17.2815330745
129.491988755 20.0805506351
124.997747203 22.5722348393
120.224502833 24.720872456
115.1913763 26.4912050237
109.932770124 27.8505493844
104.498854574 28.7712672718
98.9537661697 29.2332483814
96.1670582087 26.491174233
90.8954438485 26.2617266369
85.6909446718 25.5919281894
80.6141946028 24.4954333315
75.716137841 22.9934212805
71.0354659034 21.1127307018
66.5979169817 18.8837948184
62.4171299034 16.3386906872
58.4965043798 13.5095129125
54.8315016489 10.4271638421
51.4119447165 7.12055728317
48.2240489925 3.61617555416
45.2520662206 -0.0621029706866
42.479530164 -3.89298790239
39.8901516476 -7.85764171017
37.468435345 -11.9394780322
35.200095009 -16.1239302551
33.07233886 -20.3982142756
31.0740903119 -24.751099676
29.1962065384 -29.1726967042
27.4317634109 -33.6542617583
25.7764969313 -38.1880208035
24.2295417046 -42.7670075258
22.7947155556 -47.3849101224
21.4828358528 -52.0359158804
20.3160966818 -56.7145326254
19.336891902 -61.4153413209
18.627239401 -66.1325649874
18.3570664896 -70.8591161328
18.9269807623 -75.5839062098
21.5197271073 -80.2815256708
31.5132964645 -84.8464442058
98.0825357221 -87.9170115954
161.534160876 -84.7228569212
171.104163929 -80.1498592262
173.605178361 -75.4506267065
174.141422151 -70.7253415846
173.854964397 -65.9986623046
173.135871538 -61.2814929912
172.150376565 -56.5808656243
170.978928829 -51.9025432996
169.66315857 -47.251948701
168.224845817 -42.6345870894
166.67456146 -38.0562906844
165.015963193 -33.5233960987
163.248072355 -29.0428994685
161.366538076 -24.6226097784
159.364364713 -20.2713110487
157.232347344 -15.9989393839
154.95935389 -11.8167780008
152.532543078 -7.7376707223
149.937586476 -3.77625111107
147.158957131 0.0508203267426
144.180350184 3.72462536332
140.985307416 7.22378797124
137.558122475 10.5243422414
133.885098794 13.5997214357
129.956206506 16.4209379183
125.767124212 18.9570362997
121.321544326 21.1759023281
116.633467354 23.0454864421
111.729039135 24.535442456
106.647362991 25.6190857434
101.439742413 26.2754568373
93.6798677407 23.5470106163
88.7258826795 23.1214028172
83.8572683629 22.284683578
79.1235469815 21.0520340491
74.5653659113 19.4445160826
70.213035318 17.4874638849
66.0864039779 15.2088084326
62.1957849243 12.6375462576
58.5435270362 9.80248464265
55.1258467133 6.73131411079
51.934629413 3.44999706275
48.9590272257 -0.0175748924591
46.1867792416 -3.64971626534
43.6052520758 -7.4269358175
41.2022395855 -11.3318285264
38.9665813981 -15.3489106096
36.8886685965 -19.464425375
34.9609100296 -23.6661378683
33.1782415059 -27.9431284028
31.5387803331 -32.2855886549
30.0447705902 -36.6846182894
28.7040508647 -41.1320137077
27.5324489599 -45.620031226
26.5578635502 -50.1410901399
25.8275617013 -54.6873460203
25.4220012173 -59.2499835507
25.4829740273 -63.8178719373
26.276438106 -68.3746371105
28.3505370013 -72.8912644774
32.9991450097 -77.3036421252
43.8844453568 -81.4258389214
72.2766619306 -84.5297538629
121.427457785 -84.4730420175
149.077541042 -81.3174727001
159.687242122 -77.1816169728
164.231359479 -72.7645557595
166.256979057 -68.2459489816
167.024119946 -63.6882803846
167.06898546 -59.1200235322
166.652565149 -54.5573413386
165.914302187 -50.0112760153
164.933427634 -45.490607805
163.756513536 -41.0031729917
162.411036267 -36.5565597144
160.912550237 -32.1585294874
159.268706185 -27.8173117017
157.48161169 -23.541839342
155.54927982 -19.3419598076
153.466563705 -15.2286381927
151.225805451 -11.2141612184
148.81734314 -7.31234368291
146.229977595 -3.53873355816
143.451480825 0.0891945699816
140.469219496 3.55187597244
137.27096162 6.82755026626
133.845925657 9.89225352905
130.186110138 12.719959418
126.287899396 15.2829296266
122.153869395 17.5523348499
117.794616219 19.4991929196
113.230313384 21.0956336469
108.491609985 22.3164371037
103.619467205 23.1407105655
98.6636510279 23.5534903334
96.176179264 20.6058088851
91.4935282407 20.4020371753
86.8611543757 19.8063667637
82.3252767491 18.8288303791
77.9261706194 17.4851820924
73.6963754981 15.7957356538
69.6599299728 13.7840243793
65.8325457683 11.4754644398
62.2224859865 8.8961616517
58.8318614578 6.07194414791
55.6580860801 3.02764870134
52.695301063 -0.213351882496
49.9356562755 -3.62941614234
47.3704041538 -7.20074067793
44.9908104234 -10.9093496584
42.7889173999 -14.739004092
40.7582152711 -18.6750592592
38.8942912783 -22.7042899616
37.1955433137 -26.8146950846
35.6640714356 -30.9952853195
34.3069099653 -35.2358499527
33.1378544495 -39.5266887284
32.180311078 -43.8582797316
31.4719328612 -48.2208274758
31.0724871296 -52.6035825361
31.0778427521 -56.9937108805
31.6462109589 -61.3742295041
33.0505348895 -65.7198691684
35.7905555575 -69.9879254971
40.8482949234 -74.0957467306
50.2702673566 -77.859380399
68.0100360951 -80.8255400345
96.6950447194 -82.0329084461
125.14464384 -80.7602996005
142.582899198 -77.7609193675
151.837719149 -73.9831266634
156.809046911 -69.8687942546
159.501062896 -65.5974507044
160.87632509 -61.2500709051
161.425665514 -56.8686599627
161.417661745 -52.4781681447
161.008221663 -48.0954245781
160.29191437 -43.7331888766
159.327728805 -39.4021781748
158.152826327 -35.1121802437
156.790287104 -30.8727251061
155.253680575 -26.6935323973
153.549877779 -22.5848410499
151.680856889 -18.5576760979
149.64492296 -14.6240811066
147.437592737 -10.7973298822
145.05230538 -7.09212130224
142.481071614 -3.52475318709
139.715147289 -0.113263473042
136.745800853 3.12248123383
133.56522967 6.16077840387
130.167660175 8.9782008479
126.550634883 11.5498700843
122.71643981 13.8499362695
118.673558147 15.8523000236
114.43795759 17.5315876958
110.033950496 18.8643507242
105.494341071 19.8304048161
100.85962772 20.4141671444
93.9837993843 17.4282933862
89.6120131961 17.0528383238
85.3042168966 16.3134172646
81.0985826076 15.2211318439
77.0278825566 13.7916035597
73.1184008719 12.043975993
69.3895911695 9.99982817419
65.8543829998 7.68212395157
62.5199608573 5.11428899063
59.3888196552 2.31946688951
56.4599255901 -0.680030230249
53.7298594246 -3.86308746342
51.1938717922 -7.20999498883
48.8468260185 -10.7025294343
46.6840392996 -14.3239391336
44.702059119 -18.058858873
42.8994325841 -21.8931730771
41.2775475727 -25.8138389502
39.8416533682 -29.8086730946
38.6022147991 -33.8660959311
37.5768337963 -37.9748162154
36.7931141486 -42.1234197329
36.2931030922 -46.2997952822
36.1404239874 -50.4902737216
36.4321344024 -54.6782427737
37.3191451753 -58.8417648728
39.0425776729 -62.9492107721
42.0000251631 -66.9507527228
46.8646464729 -70.7608953894
54.7685443461 -74.2218632748
67.374478349 -77.0341578718
85.8068866055 -78.690114403
107.27783508 -78.6646895532
125.557345402 -76.967768544
138.006809749 -74.1310991229
145.804168634 -70.6569017692
150.602071177 -66.8394626382
153.517078312 -62.8337440412
155.212311515 -58.7238610313
156.079631488 -54.5589524981
156.356893146 -50.3702901463
156.193089022 -46.1796202154
155.684105697 -42.0034522153
154.892822859 -37.8554028367
153.860797104 -33.7475613987
152.61529673 -29.6913401523
151.173686671 -25.6980423278
149.546259682 -21.7792699635
147.738137757 -17.9472372531
145.750614343 -14.2150246769
143.58216835 -10.5967912121
141.229302306 -7.10794999266
138.687311363 -3.76530364877
135.951061364 -0.587127570766
133.01583308 2.40681807062
129.878268811 5.19537332991
126.537431225 7.75619100917
122.995948671 10.0661079971
119.261174925 12.1017008936
115.346238761 13.8400360547
111.270810963 15.2595976668
107.061392548 16.3413410909
102.750949458 17.0697785974
98.3778003353 17.4339718425
93.9967368804 14.2416606648
89.642967839 13.8431488741
85.3562376068 13.0581134849
81.1765958538 11.8986875457
77.138489942 10.3819344134
73.2696701077 8.5287480933
69.5908895089 6.36266102626
66.1162927508 3.90869845213
62.8543040618 1.19238035604
59.8088088378 -1.7610733011
56.9804529357 -4.92731846342
54.3679390973 -8.28325674482
51.9692595282 -11.8072273611
49.7828568955 -15.479054262
47.8087501352 -19.2799786748
46.0496997654 -23.1924996882
44.5125272145 -27.2001348611
43.2097548818 -31.2870994222
42.1618142477 -35.4378850398
41.4002037803 -39.6366936783
40.9722098232 -43.8666410765
40.948207357 -48.1085727156
41.4332608886 -52.3392022493
42.5859345645 -56.5280261795
44.649009796 -60.6319653128
47.9983751223 -64.5857145867
53.2117197793 -68.2841498244
61.1201905687 -71.5518881758
72.6483302591 -74.1028339298
87.9516758652 -75.5392343314
104.986286536 -75.5190025554
120.204439027 -74.0477327555
131.628260546 -71.4729376771
139.45297574 -68.1905328555
144.607390367 -64.4832725252
147.916269543 -60.524169954
149.951030702 -56.4169748931
151.08322934 -52.2262292167
151.55288452 -47.9945868657
151.516815097 -43.7523120125
151.078965195 -39.5225571042
150.308972408 -35.3244052629
149.253624236 -31.1747083751
147.944072601 -27.0892578608
146.400502769 -23.083573415
144.63525976 -19.1734643499
142.655037547 -15.3754476029
140.462508228 -11.7070660554
138.057635844 -8.18712562141
135.438839877 -4.83585212368
132.604121773 -1.67495563726
129.552228151 1.27242059042
126.283885931 3.98189700644
122.80310022 6.42823341052
119.118452274 8.58591138092
115.244275158 10.4299355681
111.201530083 11.9368371877
107.018176871 13.085822668
102.728851204 13.8599651155
98.373745763 14.2472985989
94.0042612518 11.0907212671
89.6585811244 10.6648519911
85.3845175852 9.82580714687
81.2249139885 8.5871165438
77.2166931345 6.96779046189
73.3897569951 4.99107894656
69.7667609203 2.68313641548
66.3636405794 0.0717513193256
63.1906832345 -2.81474498358
60.2539222659 -5.94832877493
57.5566747907 -9.30187804735
55.1011096769 -12.8495250215
52.8898061734 -16.5667971996
50.927331419 -20.4305791003
49.2219281948 -24.4189191364
47.7874702171 -28.5106910685
46.645925229 -32.6850973534
45.8306872861 -36.9209698181
45.3913295723 -41.1957743218
45.4006299768 -45.4841461871
45.9651775519 -49.7556455569
47.2414595859 -53.9711795566
49.4596891731 -58.0771203984
52.9559825201 -61.9955068451
58.203205776 -65.6081342403
65.7926021147 -68.7337691499
76.2242709935 -71.10845803
89.3120102402 -72.4107359017
103.529800186 -72.393813841
116.564445498 -71.0612872176
126.923692258 -68.6641355234
134.448012423 -65.5234804973
139.645141541 -61.9012117585
143.104694062 -57.9767113744
145.295996168 -53.8669450432
146.552126965 -49.6491180697
147.101122001 -45.3764095799
147.097985532 -41.0876489956
146.648304409 -36.8131245832
145.824172788 -32.5781187709
144.674690064 -28.4051280622
143.232917065 -24.3153128862
141.52058533 -20.329483807
139.551402625 -16.4687947716
137.333500171 -12.755235218
134.871379364 -9.21196464281
132.167595787 -5.86350164023
129.224336041 -2.73575751227
126.044977104 0.14411030823
122.635654762 2.74805723068
119.006799378 5.04775271627
115.174524311 7.01543798274
111.161685207 8.62502319553
106.998388614 9.85336133458
102.721742891 10.6815831095
98.3747331821 11.0963321874
94.0067407389 7.97185059813
89.6600190996 7.51340754595
85.3914322069 6.61019742905
81.2477908036 5.27764742872
77.2695367543 3.53740730212
73.4896501423 1.41591562999
69.9335520484 -1.05712665863
66.6198583951 -3.85018600551
63.561748891 -6.93109641439
60.7687118799 -10.2679606712
58.2484847434 -13.8297353451
56.009098661 -17.5865149321
54.0610333526 -21.5095426334
52.4195834436 -25.5709697093
51.1076377563 -29.7433649335
50.1591898879 -33.9989406246
49.6240518784 -38.3084077435
49.5744482162 -42.639288764
50.1144085188 -46.9533838277
51.3930071554 -51.2028749237
53.6219247962 -55.3242450168
57.094586604 -59.228865293
62.1928832235 -62.7893004906
69.3376553426 -65.8231220367
78.7910641738 -68.0861989303
90.2501326727 -69.307161188
102.523626549 -69.2925264552
113.946689954 -68.0448339088
123.347485133 -65.7608644282
130.441138023 -62.7122654671
135.49730989 -59.1418988704
138.937378177 -55.2307811791
141.14140969 -51.1052816805
142.40078321 -46.853324947
142.925522874 -42.5379873314
142.863488675 -38.206819346
142.317848471 -33.8978643872
141.360219506 -29.6435152832
140.039985397 -25.4730237461
138.390838029 -21.4141720542
136.435457379 -17.494407627
134.189001251 -13.7416093813
131.66187265 -10.1845718416
128.862080095 -6.85323951549
125.797389703 -3.77868937197
122.477368319 -0.992839190933
118.915320933 1.47214559356
115.130028766 3.58476130371
111.147105679 5.31537327809
106.999732908 6.63764995161
102.728537353 7.53008931286
98.3804724475 7.9774470803
94.0044364702 4.88165666586
89.6482150341 4.38418237958
85.3792284124 3.4042810087
81.2498292027 1.95999166259
77.3054018858 0.0765928995398
73.5833119584 -2.21509518587
70.1130325411 -4.88049003198
66.9172707836 -7.88287369129
64.0138214684 -11.184707997
61.4178901208 -14.7485555828
59.1447175175 -18.5375840482
57.2124627866 -22.5156617374
55.6454379929 -26.6470553546
54.4779251024 -30.8957142136
53.7589484084 -35.224073756
53.5585165045 -39.5912274958
53.9759341506 -43.9501915316
55.1506061274 -48.243809729
57.2746613755 -52.3986424633
60.6029636446 -56.3161108384
65.4457926306 -59.8608618543
72.1080278713 -62.8495469206
80.7170876376 -65.0519073392
90.9353164782 -66.2279839107
101.787507518 -66.2150210623
111.979654841 -65.0149498647
120.5488179 -62.7932136586
127.170095691 -59.7903057358
131.977397402 -56.2356998814
135.277005122 -52.3116658213
137.378373613 -48.1526557078
138.535009925 -43.8566136789
138.937798942 -39.4965655004
138.725168418 -35.1294104413
137.995699735 -30.8019816195
136.818879642 -26.5551056135
135.243362881 -22.4263144039
133.303177466 -18.4516572799
131.022472687 -14.6668853756
128.419321105 -11.1081574976
125.508944499 -7.81233318903
122.306591582 -4.81686742744
118.830157258 -2.15929652813
115.102497566 0.1236927564
111.15326958 1.99758706854
107.020037237 3.43167921998
102.74837141 4.40084802935
98.3907703368 4.88725062135
93.9975207395 1.81692223271
89.6239663015 1.27225056021
85.3503325446 0.199897945529
81.2367166271 -1.37842143575
77.3354704243 -3.43232650899
73.6902682239 -5.92483075094
70.3366267857 -8.81445158867
67.3036520522 -12.0570683305
64.6166923307 -15.6073269678
62.3006255908 -19.4194865394
60.3836467434 -23.4476664578
58.9015952733 -27.6454744755
57.9030343316 -31.9649693423
57.4554216468 -36.3548425241
57.6527189034 -40.7575912926
58.6244353932 -45.1053104442
60.5447647233 -49.3136060573
63.6366779693 -53.2732443632
68.1569602524 -56.8401375298
74.3329503068 -59.8276065577
82.2141312162 -62.0121844596
91.4570882681 -63.1714960467
101.225963292 -63.1598062709
110.448985719 -61.9786771007
118.298711657 -59.7761193737
124.441125436 -56.7751454023
128.93114412 -53.198733841
131.997768995 -49.2327262122
133.897510802 -45.0204504416
134.852439206 -40.6705778289
135.035811017 -36.2671250947
134.576354848 -31.8777609814
133.567436847 -27.559850695
132.076082898 -23.3646323223
130.150558695 -19.3400204345
127.826516636 -15.5324066415
125.132058207 -11.9876822023
122.092050332 -8.75159655409
118.731903516 -5.8694968291
115.080848421 -3.3854687485
111.174573248 -1.34092055291
107.056947462 0.227282794466
102.780512123 1.28893114079
98.4055150466 1.8225251311
93.9860913165 -1.22545835812
89.5880556263 -1.82789624303
85.3078161719 -3.0129543292
81.2164243415 -4.75358954452
77.3761999053 -7.0120214887
73.8400752197 -9.74229810882
70.6528150355 -12.8928274441
67.8538118869 -16.4084707303
65.4810696804 -20.2319265807
63.5760850011 -24.3042546954
62.1895237521 -28.5644492594
61.3877616428 -32.9479631145
61.2603736099 -37.3840104846
61.9282596173 -41.7913664764
63.550692937 -46.072319273
66.3259464421 -50.1046625706
70.4725032869 -53.7327813288
76.1666884698 -56.7622226141
83.4119670367 -58.9684960345
91.8672049692 -60.1354608648
100.78374217 -60.1247711025
109.223033473 -58.9377608198
116.442617199 -56.7147803831
122.108614759 -53.6726475408
126.229037733 -50.0355485807
128.981867447 -45.9972704566
130.585597788 -41.7127825774
131.237890932 -37.3037969153
131.097306754 -32.8676888689
130.284125573 -28.4854727239
128.887446919 -24.2278134459
126.973313366 -20.1591965912
124.592184711 -16.3406006723
121.785463021 -12.8309518057
118.591155608 -9.68753116006
115.048741941 -6.96543347274
111.203138249 -4.71616719949
107.107466254 -2.98554988088
102.824238473 -1.81117182752
98.4246641245 -1.21983530285
93.9701844331 -4.24855748453
89.5414388475 -4.92280135033
85.2562028036 -6.24720748249
81.201359278 -8.18669912463
77.4538336717 -10.6923298827
74.080531456 -13.7045526407
71.1408118956 -17.1562614721
68.6910593402 -20.9750256671
66.7908243368 -25.084126496
65.5101154468 -29.4021539307
64.9374937909 -33.8409746388
65.1883024261 -38.3018617741
66.4110431324 -42.669586859
68.7865135015 -46.8045973697
72.5075324294 -50.5346933943
77.7182586243 -53.650989408
84.3948236714 -55.9188057041
92.1976784521 -57.1173410059
100.426648577 -57.1074561922
108.216220346 -55.8903503389
114.871093107 -53.6070007013
120.05758474 -50.4789033548
123.755682588 -46.7405499824
126.111088154 -42.6002805676
127.31676356 -38.2297397509
127.553078675 -33.7680469606
126.967988105 -29.3301349328
125.676355992 -25.0145457233
123.766392426 -20.9093040962
121.307891775 -17.0957548551
118.360318832 -13.650565296
114.980085242 -10.6461018365
111.226668506 -8.14936991291
107.167151874 -6.21976202383
102.878656734 -4.90600676913
98.4482334036 -4.24290316068
93.9497904189 -7.2555258784
89.4855876971 -8.02080055662
85.2030131278 -9.52052263556
81.2125381796 -11.7068923572
77.6131876707 -14.5132426321
74.4936903726 -17.8582852311
71.9371706723 -21.6496775908
70.0285766145 -25.7860253143
68.8637934369 -30.1567382313
68.5590921041 -34.6393932226
69.2584368225 -39.0944612983
71.133069398 -43.3577244434
74.3615274151 -47.2321451436
79.0704765094 -50.484492039
85.2206823801 -52.8579104906
92.4694066108 -54.1143333273
100.132349933 -54.1051094131
107.369585051 -52.8313727697
113.500892605 -50.4435336617
118.188506084 -47.1803698798
121.396528759 -43.2986214145
123.253020616 -39.0310569677
123.936710827 -34.5742286372
123.618533949 -30.0919734342
122.442046116 -25.7235586974
120.5231832 -21.5912368906
117.957627969 -17.8054787935
114.830267456 -14.4675706991
111.224290366 -11.669722048
107.22858109 -9.49303364223
102.942361667 -8.00391333621
98.4762831561 -7.24982916235
93.9248802069 -10.2497752829
89.4231966699 -11.1333787814
85.1619947095 -12.8584091961
81.2883182665 -15.3556232383
77.9359676902 -18.5283883487
75.2289850752 -22.2582550717
73.2899247105 -26.4087934735
72.2507162575 -30.8263375262
72.2625247623 -35.3369807412
73.4981209687 -39.7400866174
76.1342978561 -43.8003974162
80.2941244522 -47.2448421118
85.9325863305 -49.77674479
92.6966842745 -51.1232630298
99.885568649 -51.1145909115
106.639354916 -49.7518605531
112.260833738 -47.206641994
116.401429584 -43.75251358
119.019089361 -39.6860808214
120.238126682 -35.2800049006
120.235536691 -30.7691075356
119.183883352 -26.3536792635
117.234073286 -22.2073745448
114.517879782 -18.4836606698
111.157846189 -15.3187701168
107.278133116 -12.8309082142
103.012735633 -11.1163833403
98.5088934717 -10.2440249911
93.8954636218 -13.2353186324
89.3598047843 -14.2777825826
85.160514712 -16.2998553316
81.50423493 -19.1931616887
78.5818521336 -22.8061642026
76.5757149347 -26.9514611723
75.67118517 -31.4090476963
76.0640320579 -35.9241625412
77.9485379663 -40.2013686502
81.4624061868 -43.901943023
86.5666934741 -46.6602978272
92.8897679498 -48.1402880095
99.6753498696 -48.132083682
105.988807354 -46.6368865506
111.077342469 -43.866392981
114.573473746 -40.157526406
116.440962701 -35.8758226932
116.818628123 -31.3596154258
115.900972694 -26.9039215027
113.883692825 -22.7631434416
110.952100032 -19.1569650064
107.288621957 -16.2724410618
103.084337313 -14.260677266
98.5461083209 -13.2295036182
93.8617418484 -16.2174902102
89.307976328 -17.4824837086
85.2584034839 -19.9077465731
82.0226474802 -23.3056924892
79.8878871389 -27.4134271091
79.1265221188 -31.9028016641
79.9926736215 -36.3836961507
82.6738307142 -40.4063232503
87.1608828409 -43.4828452241
93.0565344061 -45.1602099723
99.4933023318 -45.1524087161
105.379596458 -43.4608155118
109.851548645 -40.3735446942
112.51600563 -36.3444894543
113.366421542 -31.861412745
112.591329629 -27.3736692852
110.445168482 -23.2708790173
107.200502644 -19.8806634603
103.144742096 -17.4652980968
98.5877867292 -16.2115998379
93.8245754813 -19.204705397
89.2997990421 -20.7997516566
85.6029858987 -23.7870764543
83.2314845083 -27.794934493
82.6212062776 -32.3049301719
84.1049668271 -36.6781380986
87.7709777945 -40.1968869417
93.2039635507 -42.1747497637
99.3320493112 -42.1673039481
104.755463126 -40.1762809422
108.406505156 -36.6486757915
109.87437546 -32.2718186044
109.249872986 -27.7631572427
106.866943147 -23.7609259962
103.162092634 -20.7825944944
98.6331419619 -19.1987311717
93.7872615357 -22.2136338853
89.432816654 -24.3376012753
86.6205097701 -28.0987409442
86.1690927118 -32.6104565752
88.5198764474 -36.7058300968
93.3408295738 -39.1674570705
99.1824823097 -39.1603405335
103.993008555 -36.6869876243
106.328570723 -32.5858657454
105.862575119 -28.0751551821
103.039295397 -24.3208206297
98.6789834775 -22.2075754644
93.7650509814 -25.289192605
90.1004320418 -28.3386801635
89.8172106894 -32.8031266642
93.4888336937 -36.0940985214
99.0225397838 -36.0873381989
102.681882067 -32.7873889699
102.383983009 -28.3235853445
98.7102692013 -25.2830872372
93.8874708144 -28.6285042958
93.7911596916 -32.7623383964
98.7082539609 -32.7563121743
98.5982149872 -28.6227076499
