00 9.70637606195e+16 0.22921202224 0.578452702304 0.148307364644
01 9.9782547066e+16 0.222845812417 0.578139191914 0.225756068728
02 1.03001558806e+17 0.212720728183 0.569674731423 0.163758481292
03 1.06674315031e+17 0.199766536623 0.55405891997 0.224743160881
04 1.14283265409e+17 0.185357603516 0.550765077153 0.177760936346
05 1.62207219054e+17 0.171362813563 0.72270342137 0.257004089435
06 2.67467164314e+17 0.160359326033 1.11516220934 0.236337279452
07 4.3908546051e+17 0.156080800573 1.78185306511 0.323117311108
08 6.80132907113e+17 0.163768858082 2.8959993281 0.432723369176
09 8.55047904575e+17 0.18762690132 4.1711797092 0.516995923543
16 1.05168881218e+18 0.211539570721 5.78431879638 0.591691249378
17 8.31508339167e+17 0.199212625799 4.3068209501 0.470800211141
18 5.80195479286e+17 0.199015487274 3.00216503663 0.31281445149
19 3.3005194995e+17 0.205979992179 1.7675865498 0.318900006264
20 2.50667560194e+17 0.215268035247 1.40297854276 0.212571288557
21 1.65092023124e+17 0.223722259906 0.960303773151 0.275950194611
22 1.52149731572e+17 0.229433494047 0.907614357856 0.177252794763
23 1.21467256292e+17 0.231321951129 0.730549110815 0.236182958859
