00 1.23912061718e+17 0.191948941089 0.61840451491 0.175457642363
01 1.5167838886e+17 0.179305012224 0.707114079583 0.258958567802
02 1.83226063829e+17 0.169094351822 0.805544805002 0.275592997539
03 2.21902657527e+17 0.164228550966 0.94751154943 0.332461800053
04 2.40501153688e+17 0.168441298534 1.05326849228 0.452376520615
05 3.28965214449e+17 0.184795775447 1.58057592938 0.498282367316
06 4.59221999608e+17 0.210742734151 2.51622019428 0.661440131104
11 1.39195455018e+18 0.225193669044 8.14994315976 0.64296605174
12 1.05870921288e+18 0.209096707431 5.75568787402 0.550580883319
13 9.86546004751e+17 0.201479732477 5.16799465294 0.474763281243
14 7.59867683214e+17 0.202839016966 4.00740116108 0.289115204243
15 6.04883609651e+17 0.209569332966 3.29589141952 0.309109715333
16 5.26553526346e+17 0.218054994005 2.9852582768 0.217463920795
17 4.10103940109e+17 0.225737852005 2.40697554601 0.272913136579
18 3.24862636303e+17 0.230972535413 1.95089301597 0.181986624682
19 2.25600932227e+17 0.232792860116 1.36547544271 0.237669377669
20 1.87666899272e+17 0.230767073247 1.12599086835 0.170692549729
21 1.44264409829e+17 0.224931193848 0.843688714246 0.243001405087
22 1.5108826139e+17 0.215740324683 0.847491594767 0.166439143138
23 1.42106786566e+17 0.204047651427 0.753910457318 0.238197467303
