00 9.61433444335e+16 0.226444311061 0.566048948226 0.143770232216
01 9.47409999117e+16 0.22352494679 0.550601401068 0.218606611389
02 9.4663082785e+16 0.215715926146 0.530928698944 0.149099402885
03 9.42292780569e+16 0.203625772929 0.498875249 0.208272916435
04 9.93829921527e+16 0.188379198322 0.486763898104 0.152209977209
05 1.38805476643e+17 0.171630782467 0.619405606742 0.2278693742
06 2.30134712401e+17 0.155701596515 0.931640895493 0.184228039706
07 3.79234904175e+17 0.144016746627 1.42002060477 0.267029813463
08 6.22385308913e+17 0.142151590384 2.30029959884 0.31670029178
09 8.22358991894e+17 0.158679664534 3.39278287296 0.415961507258
18 7.6154906383e+17 0.195474129944 3.87044165721 0.460839804804
19 4.09272896163e+17 0.191754378804 2.04047661909 0.37066575155
20 2.99192621694e+17 0.198714126176 1.54579880983 0.247150616496
21 1.87177368863e+17 0.209040101361 1.01731698015 0.289438846026
22 1.63359761734e+17 0.218475998201 0.927944862276 0.18126838034
23 1.2378544577e+17 0.22468049486 0.723116555514 0.235810544306
