00 9.89923588049e+16 0.162556431542 0.418387959529 0.116162528688
01 1.21739123556e+17 0.142247725672 0.45024494973 0.183154290766
02 1.58275771787e+17 0.122198769909 0.50286872009 0.159521414071
03 1.98749233593e+17 0.106884203628 0.552321992411 0.22386646406
04 2.74596695011e+17 0.104337366165 0.744918093789 0.303886015642
15 9.15901392948e+17 0.179999590412 4.2864087653 0.401201093724
16 7.47346764742e+17 0.172341003488 3.34876077612 0.280799373167
17 4.94165015579e+17 0.179673379388 2.30849575643 0.28426499109
18 3.44011703398e+17 0.190429281886 1.7032574426 0.167666614181
19 2.23986796348e+17 0.199062293313 1.15927045917 0.217087958217
20 1.67314612297e+17 0.211425012789 0.919736845161 0.148024041796
21 1.28069466066e+17 0.216568794315 0.721132096219 0.219540165751
22 1.26521982625e+17 0.209070831439 0.687753458674 0.137839509059
23 1.16992681608e+17 0.189595226835 0.576712604195 0.192750143473
