00 2.12459589172e+17 0.067920304734 0.375188321046 0.141397404303
01 2.7071684537e+17 0.069083616934 0.486254569921 0.212426509704
13 9.29771016399e+17 0.158595842042 3.83390324856 0.368930160918
14 6.84471067463e+17 0.148283499067 2.63888988724 0.22823441024
15 5.37811961226e+17 0.172737239369 2.41540399052 0.257730994985
16 4.32156620095e+17 0.20293278694 2.28016743007 0.179557435973
17 3.37769463713e+17 0.222896203218 1.95747580665 0.253710255721
18 2.70059477075e+17 0.230233165411 1.61659285466 0.160150792101
19 2.10213623693e+17 0.224041026341 1.22450837608 0.227699887117
20 1.78032334264e+17 0.204697683779 0.947512968001 0.148855719113
21 1.60578911987e+17 0.173783378834 0.725554593258 0.219132567821
22 1.82927431057e+17 0.134095771902 0.63777467181 0.136485968896
23 2.22871034665e+17 0.0898241103267 0.520499002566 0.165597765075
