01 2.62179731849e+17 0.18695091721 1.27438327492 0.454810210997
02 2.07617006844e+17 0.182768187447 0.986590384626 0.272496639733
03 1.35810242728e+17 0.190840193743 0.673869378899 0.292039492188
04 1.27456199154e+17 0.201859588402 0.668934653414 0.181650561012
05 1.4626440205e+17 0.211077266585 0.802700344766 0.237840379273
06 1.80015542556e+17 0.21609971634 1.01143399976 0.145810280708
07 2.1560774593e+17 0.215777406786 1.20960528779 0.194498911319
08 2.49313125106e+17 0.209793726371 1.35991256828 0.127919244299
09 3.00865566202e+17 0.198502670881 1.55278808014 0.200060580166
10 3.59440802634e+17 0.182868696836 1.70899225035 0.134087013426
11 4.31755244135e+17 0.164458598159 1.84615241715 0.195674657008
12 5.42188634642e+17 0.145555457786 2.05188138796 0.154560740123
13 7.44439412304e+17 0.129556826618 2.50762740455 0.23625121678
14 9.94306090177e+17 0.122171789227 3.15838000597 0.306282804768
15 1.36397139987e+18 0.133671471537 4.74042566803 0.376381030798
