00 1.02630933575e+17 0.161477377364 0.430886923744 0.123353458146
01 1.30077979067e+17 0.121113848184 0.409610359827 0.170197430014
02 1.76609276374e+17 0.0967653230703 0.444330995825 0.144772288405
03 2.259606198e+17 0.0841000702454 0.494085903945 0.208978775913
04 3.16945966998e+17 0.0889532130793 0.733027415561 0.29097699358
15 8.77939853676e+17 0.17608481737 4.01938884871 0.403237412885
16 7.45311177243e+17 0.160596727598 3.11205793879 0.283191947196
17 4.93370221356e+17 0.164899600384 2.11527036091 0.275277172464
18 3.38450273991e+17 0.179421189344 1.57885391803 0.166228955666
19 2.2383501927e+17 0.206787792609 1.20344508813 0.232246912238
20 1.64400802007e+17 0.222649314823 0.951696874004 0.15799151709
21 1.29106760631e+17 0.225532214143 0.757061073232 0.235053429654
22 1.279896797e+17 0.215146624109 0.715950235217 0.146095469124
23 1.20973008206e+17 0.192331698216 0.604940546769 0.204810916207
