00 3.12935087984e+17 0.199580761592 1.62385140291 0.498619877232
01 3.2636443511e+17 0.204428973312 1.73467700628 0.539552299633
02 2.6644679026e+17 0.207406165848 1.43683038642 0.571210161268
03 2.57256676324e+17 0.208190579595 1.39251883026 0.506143103446
04 2.30313706514e+17 0.207748515515 1.2440305964 0.486431154358
05 3.25087838721e+17 0.207613698694 1.75480990352 0.446491744641
06 3.51479280219e+17 0.20893973266 1.90938765796 0.332725708132
07 4.26665261605e+17 0.212004616513 2.35183013431 0.344805241312
08 4.54474055795e+17 0.216337868507 2.55631866158 0.238154780031
09 4.79649414336e+17 0.221100367893 2.7573172112 0.323067686328
10 4.73615802422e+17 0.225411796973 2.77572331656 0.22636321181
11 4.7400980527e+17 0.228526583369 2.81641987332 0.273487729574
12 4.74980514149e+17 0.229911050753 2.83928499647 0.195581528419
13 4.90938221541e+17 0.229276152191 2.92657108635 0.275280718407
14 4.67937565139e+17 0.226573300037 2.75657611696 0.186376423558
15 4.55098565016e+17 0.221995254677 2.62677276794 0.254370412441
16 4.86463279221e+17 0.215953067303 2.73138416923 0.200926509159
17 4.81109714402e+17 0.20905466076 2.61503393145 0.281398195832
18 4.63996601978e+17 0.202076046108 2.43782756711 0.236075338142
19 3.66205313464e+17 0.195912543702 1.86534957642 0.307893880072
20 3.36972080917e+17 0.191501029921 1.67779301431 0.295521210978
21 2.91362722041e+17 0.189666191717 1.43680310535 0.381804684488
22 3.36558401932e+17 0.190840780675 1.66995577235 0.437568748386
23 3.14467484874e+17 0.194692570689 1.59183655873 0.445040064456
