00 1.57071301394e+17 0.118579836911 0.484262721868 0.161759440594
01 2.28200428405e+17 0.107442081529 0.637476554874 0.241393539332
02 3.32884783306e+17 0.113792987573 0.984878804259 0.366284242785
12 1.12091379998e+18 0.194837273839 5.67829051388 0.510589792638
13 9.29104619128e+17 0.175177319771 4.23170948111 0.360193219596
14 6.65910939486e+17 0.177302492513 3.06975940342 0.224861661582
15 5.16402370231e+17 0.18746327259 2.51696843572 0.249171639889
16 4.30403260635e+17 0.197761916919 2.21305172065 0.164059676898
17 3.34732696552e+17 0.204483747407 1.77963230043 0.217163970423
18 2.68131059321e+17 0.21292207263 1.48436654306 0.140124992491
19 2.00727063436e+17 0.212470454414 1.10886282992 0.199299181881
20 1.69687590534e+17 0.199717202194 0.881127801543 0.135140535025
21 1.43440802038e+17 0.175760370152 0.655491419992 0.192927570445
22 1.58018169577e+17 0.156116966231 0.641402248337 0.131559086762
23 1.75161314352e+17 0.135765744812 0.618303563939 0.194097988968
