00 9.83990744505e+16 0.229649596648 0.58753000171 0.149327357223
01 9.69901237237e+16 0.226849602619 0.572056446641 0.225147411783
02 9.68925700243e+16 0.219545767309 0.553081194446 0.156333705115
03 9.64656318674e+16 0.208315587336 0.522477663766 0.215735536832
04 1.0095248382e+17 0.194208683317 0.50975207297 0.159496958002
05 1.41312151537e+17 0.178750563797 0.656750295724 0.236831332903
06 2.30043770174e+17 0.164049847407 0.981204780243 0.191913514042
07 3.75338774072e+17 0.153104841567 1.49412077199 0.274894927856
08 6.02551649138e+17 0.150504604167 2.35785673353 0.311949510501
09 8.19814463773e+17 0.162901062849 3.47226483467 0.411865029968
17 1.04373603913e+18 0.211748801779 5.74625624715 0.616410628345
18 7.28779780926e+17 0.197013876358 3.73307297094 0.429234239486
19 3.9687654966e+17 0.196456736583 2.02719586609 0.366482734466
20 2.95448166643e+17 0.203900761281 1.56629475853 0.247463143707
21 1.86152396619e+17 0.213714783214 1.03437149629 0.29262520319
22 1.65377313846e+17 0.222451395302 0.956498769627 0.185967307534
23 1.25817629422e+17 0.228113429621 0.746217964807 0.241507075029
