00 9.71218043284e+16 0.225495295373 0.569413258808 0.165127154507
01 1.05981569052e+17 0.209003908809 0.575914617034 0.255025240917
02 1.14121818313e+17 0.180503515236 0.535584123636 0.155438818649
03 1.25683664988e+17 0.142540237303 0.465789465245 0.222716478184
04 1.51302907829e+17 0.0992416639532 0.390404360681 0.144078730689
05 1.84170054022e+17 0.0569204221811 0.272558967929 0.154167302726
19 3.55863981861e+17 0.144114250566 1.33341184728 0.377309499681
20 2.16691539927e+17 0.17158415144 0.966701684065 0.262241212953
21 1.74710308631e+17 0.199551150622 0.906454720931 0.319019049252
22 1.45990932679e+17 0.219994536055 0.835047395077 0.210709030747
23 1.2327577395e+17 0.228963164761 0.733865894891 0.271711017278
