03 2.62840115359e+17 0.220326706177 1.50567811857 0.623605234176
04 2.76017720217e+17 0.207809787037 1.49133877507 0.532729237619
05 3.48681062693e+17 0.202673098568 1.83737505609 0.4360856786
06 3.47082599637e+17 0.20490798541 1.84911990282 0.292350191904
07 3.8377457638e+17 0.211543077427 2.11080622807 0.302408450091
08 3.85328558373e+17 0.219554910157 2.19962020237 0.201448825648
09 3.96666830028e+17 0.226715613147 2.3381946532 0.278693594833
10 3.9225113194e+17 0.231547256821 2.36144151322 0.181284104199
11 3.96619312788e+17 0.233166158056 2.40443323571 0.239453152674
12 4.09358696128e+17 0.231182285476 2.46054845271 0.163495615392
13 4.3005670446e+17 0.225635608741 2.5229387639 0.23963753507
14 4.25027199722e+17 0.216963777507 2.39760317666 0.1613556979
15 4.38891852557e+17 0.205972691372 2.3503931384 0.230106350017
16 4.96491327456e+17 0.193831759903 2.50213048221 0.186813558737
17 5.39295030646e+17 0.182084533979 2.55312939264 0.26941448311
18 5.73086880874e+17 0.172736643541 2.57382071075 0.260444993564
19 5.07291271244e+17 0.168380171557 2.22086257332 0.341500992965
20 4.62959170563e+17 0.172109767283 2.07167467279 0.448218739394
21 5.87067960853e+17 0.186132630146 2.84108509433 0.497466673584
22 7.52091397831e+17 0.208096755332 4.06920226965 0.708176818955
