00 1.20155011714e+17 0.209522339047 0.654554136666 0.178146716548
01 1.3762742471e+17 0.199432991158 0.713633673359 0.262157111862
02 1.5467066626e+17 0.189749200121 0.763064515332 0.245454295296
03 1.74608130158e+17 0.182012587567 0.826302817087 0.305105696058
04 1.86865474143e+17 0.178015423798 0.864888350891 0.334641257102
05 2.8507314958e+17 0.179546596666 1.330781759 0.397966851524
06 4.20600762668e+17 0.187529589699 2.05075229971 0.502366485128
07 5.86933087792e+17 0.200451767755 3.05894615005 0.518275414353
08 7.34404122054e+17 0.213763182574 4.08170262308 0.644667230158
09 9.62625476513e+17 0.22227523601 5.56316292952 0.634935659045
10 1.12226413531e+18 0.2234581242 6.52025500185 0.740872878553
11 1.2772134875e+18 0.218467953728 7.2547856443 0.601124521957
12 1.03860509855e+18 0.211270105147 5.70508141778 0.5404649667
13 1.02800245398e+18 0.206348810666 5.51530417726 0.514448258419
14 8.2797067496e+17 0.205999111206 4.43459180182 0.335520187215
15 6.78531053111e+17 0.209801725761 3.70128163406 0.341249285513
16 5.97543090702e+17 0.215987644131 3.35561003512 0.249935525192
17 4.69391500738e+17 0.222682141352 2.71765271744 0.3010617108
18 3.70124719612e+17 0.228369809151 2.19765810107 0.20718147739
19 2.48286512797e+17 0.231981837717 1.49754699949 0.258908719703
20 2.05310190902e+17 0.232867019526 1.24305927808 0.18861494885
21 1.52540422944e+17 0.230754434252 0.915183853926 0.261714790632
22 1.56433270455e+17 0.225726507554 0.918089530929 0.181412335495
23 1.39908409561e+17 0.218194530781 0.793708494186 0.250686057351
