00 9.33735131725e+16 0.228033147269 0.553598658089 0.156703733878
01 1.01097922024e+17 0.21297383403 0.559811513717 0.24410544027
02 1.08109944799e+17 0.185613900204 0.52173442113 0.148099143084
03 1.17808568116e+17 0.148345176167 0.454384652571 0.212146535661
04 1.40373204217e+17 0.104983404152 0.38315827759 0.133160456217
05 1.76154837224e+17 0.0612448137136 0.280502824953 0.149180283261
06 2.48692059636e+17 0.0559188566871 0.361570966693 0.197996675377
19 3.67250809271e+17 0.141954795705 1.35545835366 0.343390855778
20 2.2579045809e+17 0.165933636071 0.974122024228 0.232028406287
21 1.72099335813e+17 0.196670097751 0.880016623128 0.295463008159
22 1.43256436696e+17 0.219197325407 0.816437122046 0.196763723604
23 1.19306231024e+17 0.229975339689 0.713374766173 0.257944288361
