10 8.51408521632e+17 0.144301048017 3.19433769102 0.301532862632
11 6.91092574024e+17 0.161797243132 2.90723870389 0.297429009321
12 5.72420708152e+17 0.193450992382 2.87911920536 0.196753260496
13 4.62983417671e+17 0.217247596735 2.61513290524 0.269029161077
14 3.77363993863e+17 0.229491201087 2.25164462116 0.171965694759
15 3.71012949553e+17 0.228492666665 2.20411719347 0.238105118776
16 3.70636067803e+17 0.214036566255 2.06257145335 0.15759653867
17 3.74369649488e+17 0.18719862392 1.82211856376 0.220865126365
18 3.81290119865e+17 0.150312398215 1.49012844065 0.142697753817
19 3.88154924659e+17 0.107099661078 1.0808527828 0.182915390122
20 4.31804328678e+17 0.0631225552357 0.708671407287 0.118382674111
21 4.20504508054e+17 0.0570911894499 0.62418466588 0.18036409013
