00 2.03224887251e+17 0.148690681471 0.78565882141 0.267737573289
01 3.01853181529e+17 0.151059372549 1.1855415573 0.368822127707
02 3.71885205532e+17 0.171747318135 1.6606274543 0.573820016111
10 1.04769699017e+18 0.205110658617 5.58723931184 0.543611843661
11 8.95811961857e+17 0.194637780079 4.53333014222 0.395018703527
12 7.35011395776e+17 0.197346624071 3.77135245786 0.27408566592
13 6.20429528885e+17 0.206205873441 3.32634153572 0.3075047844
14 4.84989838767e+17 0.216110911443 2.72510149851 0.184194374988
15 4.15333697882e+17 0.224087347965 2.41984669884 0.236861178066
16 3.84368484434e+17 0.228447990087 2.28301340077 0.165489550246
17 3.30297622717e+17 0.228328484206 1.96082524383 0.226997934288
18 2.86393224591e+17 0.223496372697 1.66420401839 0.150589258192
19 2.22271367719e+17 0.214251560673 1.23817167309 0.211068009418
20 2.00441789749e+17 0.201387330942 1.04952736321 0.157757726084
21 1.70129865873e+17 0.186175605371 0.823524800036 0.233652897097
22 1.91648972925e+17 0.170411139508 0.849137116403 0.188327036262
23 2.17668670766e+17 0.156591550634 0.886211941668 0.263334408797
