01 3.63472695075e+17 0.220135646404 2.08034571369 0.660917724309
02 2.6233410338e+17 0.204071488402 1.39190768432 0.480607066215
03 1.99649688122e+17 0.199294604719 1.03451674759 0.413878966547
04 1.91064723735e+17 0.20343842695 1.0106175779 0.273212633171
05 2.08470013625e+17 0.211756114124 1.14776479991 0.307923778614
06 2.3062703166e+17 0.220616226723 1.32288170314 0.195589854913
07 2.66166671472e+17 0.227691677243 1.5757023322 0.240024721293
08 2.87879059407e+17 0.231577769357 1.73332615097 0.161203916949
09 3.21111093407e+17 0.231531204918 1.93302819759 0.239362522591
10 3.47933208484e+17 0.227344283938 2.05661627967 0.159005279349
11 3.79665261805e+17 0.219278941119 2.1645675113 0.220191241794
12 4.25221561207e+17 0.20802944215 2.29992370837 0.155488491642
13 4.9571522178e+17 0.194706884657 2.50949832926 0.238221300355
14 5.50290546967e+17 0.180852580387 2.58755809993 0.188021293655
15 6.2426338766e+17 0.168542634186 2.73558989033 0.261594402419
16 7.76446728825e+17 0.160639869883 3.24293583873 0.27297530502
17 9.50628758277e+17 0.161183593394 3.98386974032 0.36997934998
18 1.11275724016e+18 0.174860675677 5.05901455483 0.532509593532
19 1.13654466711e+18 0.202231797507 5.97598224541 0.581911918351
