11 9.72088470799e+17 0.149125203095 3.76903515648 0.44376993228
12 7.94001257669e+17 0.169177308553 3.49250188977 0.318516775362
13 5.8754875965e+17 0.194884193249 2.97710311649 0.337494121012
14 4.41982802345e+17 0.215599346039 2.4775712818 0.217382632119
15 4.17854184394e+17 0.226010370935 2.45542385951 0.278790737022
16 3.88546588318e+17 0.223843356778 2.26131288744 0.183728798811
17 3.66358060729e+17 0.208664497522 1.98759393704 0.256433705006
18 3.42491134727e+17 0.181486910235 1.61609910343 0.165013694266
19 3.22929564918e+17 0.144715692126 1.21505736287 0.229805989527
20 3.31998732576e+17 0.102393970885 0.883861382486 0.148986265141
21 3.81259586556e+17 0.0608842312379 0.603530117567 0.171756592567
