00 9.52688327347e+16 0.197829259133 0.490021027557 0.136961739843
01 1.14269527154e+17 0.164225210306 0.487914365341 0.209168043624
02 1.41673514156e+17 0.122791905384 0.452305379388 0.135830055386
03 1.72680813481e+17 0.0782075240432 0.351128410674 0.157789535349
04 2.3111678609e+17 0.0633693763296 0.38078889144 0.169535039298
17 6.29594956478e+17 0.151426841113 2.47877696144 0.357427772245
18 4.25561307777e+17 0.149636962466 1.65567223741 0.215445646418
19 2.698297327e+17 0.183975278345 1.29069200466 0.270149244296
20 1.79236819967e+17 0.211063992545 0.983591409665 0.177328990514
21 1.38359904405e+17 0.227041889479 0.816750847229 0.26329943356
22 1.28820592513e+17 0.22997022928 0.770247431104 0.167871695072
23 1.16056872552e+17 0.219348302315 0.661878827126 0.231550872667
