00 8.81561606171e+16 0.202496493377 0.464134148257 0.122559236154
01 9.75978986318e+16 0.181105420034 0.45956321908 0.187616365192
02 1.09162738023e+17 0.162445895619 0.461059007408 0.134422869514
03 1.22068320083e+17 0.142279505453 0.451563325533 0.19075197088
04 1.46425120861e+17 0.123288487377 0.46936582329 0.164388184109
05 2.03439149459e+17 0.110401537811 0.583959868732 0.240788923616
06 3.73481210331e+17 0.112642078393 1.09381219409 0.336332063354
17 7.19624591444e+17 0.177113814089 3.31384185868 0.383203845328
18 4.94837176653e+17 0.177406193725 2.28246668061 0.24086409948
19 2.8883238518e+17 0.187140442111 1.40535772672 0.268120629537
20 2.02667815823e+17 0.197753210863 1.04203349426 0.168326984892
21 1.41360644993e+17 0.205186458156 0.75413754179 0.229628836295
22 1.29253849093e+17 0.210588964453 0.707705290035 0.144661470358
23 1.0936962422e+17 0.212159207689 0.603298093314 0.203199694771
