00 1.11633012371e+17 0.217970484594 0.632650246881 0.199290870152
01 1.19715961722e+17 0.205862502149 0.640770713109 0.296890994569
02 1.238331547e+17 0.182056041527 0.586158922816 0.17840845993
03 1.34112743457e+17 0.148556801615 0.518007365817 0.266504168807
04 1.56623846597e+17 0.10910489761 0.444299147404 0.182062816362
05 1.95642452383e+17 0.0699188199363 0.355656324401 0.212471221447
20 1.92030180443e+17 0.17286208131 0.863063153311 0.48969141752
21 2.03005692588e+17 0.189871693139 1.00217089878 0.424387422624
22 1.63918627803e+17 0.207815068824 0.885683783881 0.276653279784
23 1.42004000582e+17 0.218245566722 0.805785333178 0.324244553846
