00 1.57151316715e+17 0.193467998272 0.790497517438 0.359084870232
01 1.46795786773e+17 0.207638829194 0.792493137698 0.388174742974
02 1.2120142306e+17 0.214370139004 0.675531113629 0.23084760581
03 1.10053537014e+17 0.210307096197 0.601771034685 0.32622801942
04 1.13152547352e+17 0.194610474234 0.572537443423 0.207843919008
05 1.68635066426e+17 0.168162447132 0.737310221505 0.297277197041
06 2.92324125558e+17 0.13345967664 1.01435056505 0.185338614228
07 4.41366702286e+17 0.0950648834625 1.09092032704 0.246676117674
08 5.6906978581e+17 0.0601467006116 0.88991942089 0.186540044078
22 2.33912636608e+17 0.180912911637 1.10026322009 0.78050121059
23 2.17364651225e+17 0.180593645261 1.02062154261 0.533940002209
