09 8.95601856581e+17 0.16496574629 3.8413343449 0.417837767777
10 7.86895921463e+17 0.14293774107 2.92440526225 0.263429533307
11 6.41063007615e+17 0.169041461402 2.81752191911 0.288697195373
12 5.41981060104e+17 0.199657882708 2.81348056413 0.187392532016
13 4.4771696642e+17 0.221153625066 2.57436998331 0.263025439725
14 3.70925053107e+17 0.230487819318 2.22283637214 0.167525810624
15 3.68659356923e+17 0.226384991309 2.16993257814 0.233264337846
16 3.7379235759e+17 0.208956662903 2.03076649518 0.154098805969
17 3.84089773444e+17 0.179572160621 1.79326759273 0.215693104672
18 3.98812411302e+17 0.140857463169 1.46056831795 0.140385386841
19 4.15366965636e+17 0.0968786659855 1.04624513566 0.174249804557
20 4.68677472898e+17 0.0597645427692 0.728267666723 0.12513671783
21 4.20257405957e+17 0.061129557713 0.667943883146 0.198105389423
