00 2.43371498428e+17 0.207102922287 1.31047666167 0.324520965336
01 1.80609667662e+17 0.211793122347 0.994549021443 0.36287355589
02 1.52712355742e+17 0.218196370581 0.866353325913 0.244180012454
03 1.23309305449e+17 0.224594400483 0.720059067817 0.290195291767
04 1.16562377531e+17 0.229649351958 0.695980336031 0.197010889696
05 1.44958471736e+17 0.232444619998 0.87606523883 0.267581543208
06 1.87840423153e+17 0.232454776705 1.13527449412 0.176772439736
07 2.44875538684e+17 0.229520002056 1.46129968769 0.234002630516
08 2.96685072643e+17 0.223817978668 1.72648978475 0.161811762217
09 3.64691264991e+17 0.215841899382 2.04660703842 0.254189427691
10 4.32164625495e+17 0.206377169402 2.31891171526 0.198476680923
11 5.06087182446e+17 0.196484456021 2.58539488329 0.258771706093
12 5.93072755701e+17 0.187492478566 2.89111370434 0.226359104675
13 7.51608439544e+17 0.180987002177 3.53681531538 0.33154519844
14 8.8236473681e+17 0.178723757684 4.10018807666 0.362614815065
15 1.00755001909e+18 0.182221657768 4.77353330383 0.411158751781
16 1.17368152932e+18 0.191677582755 5.84917940004 0.521115062789
17 1.23160550406e+18 0.204580152881 6.55101310007 0.566427344514
18 1.16600919298e+18 0.216071381254 6.55047163894 0.672580677108
19 9.72210780155e+17 0.221854393088 5.60792004721 0.632705383342
20 8.67968930439e+17 0.22075510862 4.98182296346 0.651100810352
21 6.24324464373e+17 0.214988083302 3.48978031881 0.629481103395
22 4.83059840634e+17 0.208795181938 2.62237475012 0.533698677187
23 2.89507719984e+17 0.205854155439 1.54950554695 0.43842201876
