00 1.01459180401e+17 0.196146669318 0.51742288799 0.138851876959
01 1.19926856828e+17 0.179958414232 0.561128021444 0.217859017187
02 1.44684786726e+17 0.163447012063 0.614855698115 0.192586839835
03 1.73085461304e+17 0.149422842758 0.672435963369 0.256252892129
04 2.09390061385e+17 0.142242900859 0.774390493306 0.308183134404
05 2.97225631733e+17 0.149061105809 1.15192431486 0.383894184314
06 4.38799588816e+17 0.177801743169 2.02850262663 0.550988735442
14 1.12759514834e+18 0.202694886736 5.9425020428 0.508918471285
15 8.62733525151e+17 0.191942016342 4.30546512196 0.393895421842
16 6.89968661356e+17 0.195362742655 3.50464842074 0.273723489124
17 4.8558119387e+17 0.204851784571 2.58627652708 0.295665914901
18 3.53459437918e+17 0.215004564911 1.97588020924 0.186739411924
19 2.29999272418e+17 0.222811447194 1.33240823927 0.238848538278
20 1.79960579966e+17 0.226620167612 1.06035011668 0.162788870314
21 1.33841725497e+17 0.225633835822 0.785179769841 0.230220878052
22 1.33123848074e+17 0.219700612076 0.760432163497 0.146961488609
23 1.20020038381e+17 0.209228452014 0.652901777866 0.212082906093
