00 3.97493774418e+17 0.211033357491 2.18099559073 0.593158045331
01 2.66109009897e+17 0.201064847049 1.39113435171 0.49174068229
02 2.06035048202e+17 0.201272343538 1.07819808207 0.31331546111
03 1.49278960427e+17 0.207777484578 0.806436979345 0.327444652432
04 1.38406290854e+17 0.216499352674 0.779086681773 0.210162053523
05 1.61632090089e+17 0.224591798935 0.943832288844 0.273357247491
06 1.95031569838e+17 0.230250697466 1.16756002956 0.174449260938
07 2.37117600534e+17 0.232419944582 1.43288234896 0.225131893566
08 2.71324177011e+17 0.230613135353 1.6268438981 0.15171068706
09 3.18994928938e+17 0.224835187776 1.86475340343 0.233513258287
10 3.64938237446e+17 0.215526072093 2.04499632671 0.162925577322
11 4.16688787083e+17 0.203541742907 2.20515261129 0.225083967161
12 4.86798010925e+17 0.190138914971 2.40654038579 0.173990253754
13 6.07194974417e+17 0.177017675395 2.79459031496 0.263181105245
14 7.20788330929e+17 0.166457615085 3.11949837023 0.252516167631
15 8.49541908242e+17 0.161601473976 3.56946783898 0.326761444196
16 1.09581365209e+18 0.166624480721 4.74732389942 0.428368718083
17 1.31594635719e+18 0.185034068196 6.33086760797 0.511234306989
23 4.68920420406e+17 0.22832256482 2.78369294017 0.674665174424
