00 1.38317304265e+17 0.206074302202 0.741094690933 0.291106493493
01 1.39521930712e+17 0.204102055577 0.740394534266 0.371241350525
02 1.30806011156e+17 0.191673803626 0.651874228079 0.2286193106
03 1.33658635013e+17 0.169028338411 0.587394521757 0.332133316173
04 1.48349513175e+17 0.138156827068 0.532882948971 0.234308032011
05 2.1407415857e+17 0.103150670812 0.574129219558 0.303006552643
06 3.39051150527e+17 0.0707516980742 0.623699560479 0.23781951608
21 2.24685981155e+17 0.188567876202 1.10158251524 0.758085573174
22 1.95779411678e+17 0.190367922918 0.969023118731 0.512886449674
23 1.80576068422e+17 0.20009670081 0.939449563952 0.444641894452
