00 1.49863116845e+17 0.0941590141401 0.366885046791 0.121555626395
01 2.102933247e+17 0.0639155152344 0.349466161163 0.152695616476
02 2.81431591972e+17 0.0654085969717 0.478609184935 0.229958512925
14 8.6500460698e+17 0.159524306378 3.58772075849 0.363344933866
15 7.03970414072e+17 0.145307370205 2.65959432884 0.290475825749
16 5.29443059015e+17 0.172487249095 2.37437659685 0.202865289473
17 3.82435263065e+17 0.202631308805 2.01482730509 0.270617917912
18 2.85257583169e+17 0.222859615865 1.6528822806 0.171715857215
19 2.10434076583e+17 0.230575848511 1.26154640986 0.242286406521
20 1.66030355386e+17 0.224772274873 0.970294537628 0.158768208044
21 1.42694832689e+17 0.205757754497 0.763374777161 0.237482216331
22 1.53909069803e+17 0.175072899519 0.700577984929 0.145888534421
23 1.68480332442e+17 0.135491806206 0.59352031837 0.197114810663
