00 3.0920946262e+17 0.102286840603 0.822329534414 0.300189017462
11 9.78598602226e+17 0.178752945531 4.54811194864 0.389006352552
12 8.36797531666e+17 0.170820061336 3.71648694781 0.270539041281
13 6.32122955388e+17 0.178067289737 2.92657095762 0.278625961199
14 4.65458499634e+17 0.188712181164 2.28377990639 0.166077813286
15 3.9792259079e+17 0.197154419142 2.03975712852 0.207108578241
16 3.58598088666e+17 0.213525595375 1.99081662996 0.14799319148
17 3.08830499718e+17 0.218053454304 1.75088048871 0.211812518096
18 2.68917859739e+17 0.209837543701 1.46715564177 0.135178736124
19 2.19187486404e+17 0.189592505965 1.08046392541 0.188821980997
20 2.01787748797e+17 0.159042092311 0.834411390056 0.12697137692
21 1.87198428411e+17 0.137029804713 0.666945866282 0.189676416055
22 2.19198954255e+17 0.117133554282 0.667564367777 0.155551730806
23 2.84407678281e+17 0.10284188696 0.760474579811 0.226419867952
