00 2.1107385483e+17 0.0846117505693 0.464342537271 0.192782772279
01 2.6653799419e+17 0.0519881977564 0.360277578741 0.190033757953
15 7.5944630514e+17 0.179150320938 3.53743128183 0.642322103194
16 6.01402658077e+17 0.183845534783 2.87469502565 0.412844280424
17 4.55679447998e+17 0.198697277555 2.35409890963 0.413460464185
18 3.25530309508e+17 0.210800282301 1.78416890969 0.271626273695
19 2.50493692728e+17 0.213989397646 1.39367785494 0.332021078897
20 1.82051595515e+17 0.205912528743 0.974654314245 0.211315137895
21 1.72910454608e+17 0.186358579826 0.837807015704 0.311387000448
22 1.95176820435e+17 0.156748988814 0.795438000322 0.206877474639
23 2.28877504233e+17 0.120208963787 0.715341318067 0.27106354752
