00 2.43761666052e+17 0.191788043134 1.215514896 0.368136820918
01 2.78563419558e+17 0.194872633095 1.41139406338 0.451442899628
02 2.57007689961e+17 0.199338516463 1.33201982255 0.526965324787
03 2.6870272415e+17 0.203615246594 1.42251125739 0.489270235183
04 2.31966144472e+17 0.206410908621 1.2448889089 0.5433555408
05 3.569812979e+17 0.207431306411 1.92527652168 0.500478549665
06 4.0524300366e+17 0.207461620685 2.18588162808 0.430436970072
07 5.14367480232e+17 0.207775014582 2.77869047835 0.413218670336
08 5.5810014687e+17 0.209340937998 3.03766341431 0.305189549552
09 5.91634208576e+17 0.212403364548 3.26729250857 0.37595899425
10 5.67764258601e+17 0.21655551731 3.19676455102 0.271728307097
11 5.54789938329e+17 0.221055634643 3.18862548968 0.302688973351
12 5.32146449228e+17 0.22510717084 3.11453952311 0.219632875271
13 5.30989303716e+17 0.228025511126 3.14805679193 0.294953483102
14 4.8391617795e+17 0.229315460341 2.88520598895 0.194956889122
15 4.5129727314e+17 0.228705193368 2.68356478311 0.259267524746
16 4.61224519932e+17 0.226150728843 2.71196279492 0.197995992198
17 4.3191321518e+17 0.221830904043 2.49110417378 0.271865874342
18 3.98444505017e+17 0.21613517416 2.23906468461 0.210752952674
19 3.04727066959e+17 0.209634595635 1.66091472198 0.275041770417
20 2.79532714214e+17 0.203054908236 1.47577273048 0.238027009439
21 2.28022891229e+17 0.197224089535 1.16926178501 0.324944406115
22 2.57711447589e+17 0.192997074035 1.29317643858 0.316416629921
23 2.51356879084e+17 0.191107548863 1.24894112334 0.360444684309
