00 1.34539792659e+17 0.210188606667 0.735247020569 0.180344304275
01 1.12235593106e+17 0.219055936107 0.639232695723 0.250554478733
02 9.97580732164e+16 0.224145228038 0.581367697813 0.159089132863
03 8.63910754808e+16 0.224415318861 0.50407449952 0.217149018455
04 8.56017034156e+16 0.219542862266 0.48862431755 0.143235137289
05 1.13369131923e+17 0.209807518365 0.618428101927 0.213936169115
06 1.70601529457e+17 0.196029000917 0.869514031731 0.138435320107
07 2.48488516722e+17 0.179555632182 1.16005533046 0.201458196846
08 3.51508800004e+17 0.162322746182 1.48350471682 0.151390276558
09 5.01689084242e+17 0.147090478719 1.9186358768 0.245249097196
10 7.24235448538e+17 0.138149120968 2.60136475532 0.300767303607
11 1.01211058147e+18 0.142780565564 3.75725275214 0.366504219279
12 1.4914134683e+18 0.170292261979 6.60338049962 0.518579495912
20 7.80109355761e+17 0.208181328414 4.22250925175 0.57183518258
21 4.0760791569e+17 0.191174497246 2.02603019725 0.458764872223
22 2.96060647625e+17 0.191495644135 1.47405243492 0.276878588517
23 1.87182607966e+17 0.200287970894 0.974751043141 0.295039750612
