00 9.08443345314e+16 0.216650339297 0.511717853384 0.131502038474
01 9.75398749933e+16 0.205651626123 0.52154008151 0.207211863596
02 1.05524117159e+17 0.190855787218 0.523637099719 0.1518286795
03 1.14160094803e+17 0.173769947547 0.515777435834 0.211957685787
04 1.29499738155e+17 0.156537173441 0.527059597278 0.177730673597
05 1.84427100257e+17 0.142276391255 0.682230179127 0.255368358631
06 3.28099843508e+17 0.13601862962 1.16031996841 0.295954548084
07 5.12522667883e+17 0.146298101822 1.94950842976 0.375648057495
16 1.01488407356e+18 0.202233854542 5.33634187084 0.554188511947
17 7.48314721968e+17 0.189268742078 3.68244723873 0.409107752961
18 5.13467469047e+17 0.192286504712 2.56705448756 0.263556061403
19 2.96416022937e+17 0.202020548783 1.55693531817 0.285731031247
20 2.17214331336e+17 0.21245293651 1.19984338615 0.186138724461
21 1.48134185799e+17 0.220361477582 0.848719769643 0.25049083607
22 1.36607671875e+17 0.224023168222 0.795685369878 0.155925497371
23 1.13082401812e+17 0.222634068481 0.654575874917 0.215132183617
