01 2.52684659359e+17 0.185344364156 1.21767561554 0.437174292674
02 1.9937301693e+17 0.18399434252 0.953771186324 0.259804568035
03 1.31653690157e+17 0.192990388674 0.660605317675 0.286686961129
04 1.23118685679e+17 0.203953606755 0.652873000084 0.177464575699
05 1.4278062547e+17 0.212653764437 0.78943377487 0.235814944075
06 1.77502632305e+17 0.216944028258 1.00121153805 0.144760329287
07 2.14290916038e+17 0.215821127874 1.202461187 0.193849069965
08 2.49525792662e+17 0.209076419894 1.35641894443 0.12753738105
09 3.03063445077e+17 0.19715047439 1.55347665115 0.200291096324
10 3.64499734531e+17 0.181087926443 1.716169029 0.135619760622
11 4.40701167263e+17 0.162539185631 1.86241142967 0.197433595891
12 5.56367317897e+17 0.143891797509 2.08147402964 0.15876198975
13 7.70970454353e+17 0.128741714104 2.58065750325 0.242939418671
14 1.03714628634e+18 0.123226156848 3.32289232482 0.327988301229
15 1.43187752938e+18 0.138169117354 5.14387261423 0.397275988248
