00 4.25735043642e+17 0.228817956523 2.53281139037 0.692666514611
01 3.70780365513e+17 0.219621830813 2.11721803029 0.653683210419
02 2.64428826448e+17 0.209922994793 1.4432519701 0.538950831756
03 2.19950285679e+17 0.204774007835 1.17104263959 0.459836427786
04 2.08645379918e+17 0.205583342969 1.11524438217 0.329586637567
05 2.41227595201e+17 0.210758302208 1.32185867867 0.34296571421
06 2.60645226356e+17 0.217887686595 1.47657602021 0.226174191454
07 3.03001419708e+17 0.224889835947 1.77169042882 0.264671416273
08 3.24091340376e+17 0.230255689824 1.94022075375 0.179575992841
09 3.54337433389e+17 0.232997173073 2.14655012763 0.261065271454
10 3.72451339193e+17 0.232587298798 2.25231372382 0.176312390141
11 3.94776648532e+17 0.228899047312 2.3494639675 0.235630647039
12 4.26064088083e+17 0.222181875155 2.46125666869 0.16666032473
13 4.75519286146e+17 0.213025346206 2.63373917453 0.249666939146
14 4.98404588628e+17 0.202347462379 2.62212349742 0.182409062883
15 5.32763913178e+17 0.191382149998 2.65099908178 0.255577605739
16 6.25411258523e+17 0.18170051834 2.95457629609 0.23356066033
17 7.05848274524e+17 0.175245024654 3.21610635504 0.324332619327
18 7.53801243382e+17 0.174287805362 3.41583747409 0.370050812826
19 6.64854748702e+17 0.180870362598 3.12656550628 0.446910159224
20 6.97109224762e+17 0.195008394247 3.53449591392 0.60470988609
21 8.3651686057e+17 0.212534707338 4.62251051975 0.602583012281
22 7.932088353e+17 0.226486570626 4.67092987134 0.729679449591
23 5.22996289355e+17 0.231943416948 3.1539442065 0.661455549113
