00 2.08726664072e+17 0.120678128927 0.654907325213 0.234896681802
01 3.12088654581e+17 0.123657617596 1.00339562711 0.324068273855
11 1.0975221364e+18 0.193398897794 5.51874885862 0.470721150211
12 8.92676362727e+17 0.180852037247 4.19750080883 0.323909200639
13 7.02156907763e+17 0.185672233612 3.38964707667 0.310923592174
14 5.15522271145e+17 0.196362025735 2.63195393432 0.186603913966
15 4.26901695502e+17 0.206597107717 2.29311304483 0.226128325287
16 3.7969648552e+17 0.213253794054 2.10526461928 0.154023924826
17 3.16586334474e+17 0.214786153582 1.76795738751 0.211011640235
18 2.68278533164e+17 0.210605828801 1.46902659349 0.134855316084
19 2.09480341955e+17 0.200854468624 1.09395163203 0.190947518778
20 1.86902086143e+17 0.18630447844 0.905338087633 0.13600273421
21 1.63099954172e+17 0.168342309049 0.71387219517 0.203879399066
22 1.84603958173e+17 0.149027067053 0.715285647777 0.155616287249
23 2.19832507816e+17 0.131383267798 0.750940144376 0.226134651238
