01 3.16745576761e+17 0.208450704685 1.71667180572 0.602471024494
02 2.48666975169e+17 0.188178609828 1.21663894814 0.382686888609
03 1.66788977049e+17 0.187550110827 0.81331356939 0.34091741344
04 1.60912602471e+17 0.196474690554 0.821996598197 0.215330400681
05 1.73605208262e+17 0.207316581788 0.935772197295 0.263252623329
06 2.00429732676e+17 0.216082804369 1.12604488661 0.160840860996
07 2.30491631555e+17 0.220691784188 1.32255784461 0.207299299644
08 2.5586308009e+17 0.220137633018 1.46445241352 0.137004527599
09 2.95981287116e+17 0.214168478891 1.64813641309 0.20961124073
10 3.37133007387e+17 0.203163175405 1.78081832018 0.135673868222
11 3.8659463327e+17 0.188070709529 1.89038530146 0.197506438091
12 4.61959498944e+17 0.170407938342 2.04676071112 0.143821905376
13 5.86849199333e+17 0.152357463018 2.3246822348 0.221291361296
14 7.29961490568e+17 0.137123844165 2.60247326765 0.211506630052
15 9.30615670067e+17 0.129959739722 3.14450682683 0.28796793441
16 1.29470489008e+18 0.140087195054 4.71566098832 0.418792002933
