00 3.11180786164e+17 0.0406482008652 0.328872416636 0.14069357092
13 9.0025499966e+17 0.148204377805 3.46896503436 0.449767275301
14 6.89941095517e+17 0.161882644563 2.90392671751 0.312356730011
15 5.63238324597e+17 0.188745181153 2.76402150981 0.323146362775
16 4.48032487087e+17 0.211948432674 2.46895436905 0.210390530224
17 3.57218593599e+17 0.225470710011 2.09410057812 0.288366812786
18 2.86789171983e+17 0.226605281566 1.68968646775 0.18333516951
19 2.30677796896e+17 0.214582002627 1.28698189411 0.255353288788
20 1.95837793981e+17 0.190102554135 0.967960885633 0.164951941785
21 1.89930740123e+17 0.155231842268 0.76656576601 0.242836441425
22 2.28545166216e+17 0.113537901308 0.674662001685 0.154741134222
23 2.99809003261e+17 0.0706779819244 0.550937278145 0.17848349902
