00 1.20292742346e+17 0.230084364071 0.719614457253 0.179521600547
01 1.10352146313e+17 0.233009440376 0.668540388275 0.255901710584
02 1.04613799406e+17 0.23256228096 0.632559819051 0.179070246419
03 9.72641141037e+16 0.228614457441 0.578135549532 0.236999048824
04 9.71098945174e+16 0.221429620145 0.559078183439 0.168669189661
05 1.32375671737e+17 0.211641072841 0.728419358794 0.247365532282
06 1.9768977307e+17 0.200230740064 1.02917280869 0.177244321094
07 2.96411888502e+17 0.188526324229 1.45291753873 0.249195696573
08 4.23722716772e+17 0.178243340487 1.96366956442 0.205881657004
09 5.87983205465e+17 0.171567411781 2.62284767504 0.312466563846
10 7.9211607422e+17 0.171180443267 3.5254642983 0.415753966233
11 1.04799583072e+18 0.17964337541 4.89490321958 0.442961419976
12 1.33035123908e+18 0.197011626574 6.8144611997 0.597259039924
13 1.5711378886e+18 0.217903231562 8.90125660206 0.60731455278
16 1.33572154522e+18 0.234754174903 8.15272144048 0.686450278959
17 1.19062334058e+18 0.222969358119 6.90228557228 0.658302460231
18 8.80051633419e+17 0.210642967329 4.81979387412 0.572047074427
19 5.1470681144e+17 0.203919932597 2.7289334357 0.477060115138
20 3.90816534501e+17 0.20434574614 2.076404105 0.342229944167
21 2.41591865022e+17 0.20980079687 1.31784031077 0.354038402091
22 2.17272732077e+17 0.21739638198 1.22809195226 0.231097177196
23 1.54200446072e+17 0.224796832362 0.90125806747 0.280632427892
