00 1.5982931783e+17 0.0880260554774 0.365797754354 0.123952596057
01 2.20953373997e+17 0.0575719814961 0.330738812541 0.148848049638
14 8.5654149452e+17 0.155869501864 3.47122609799 0.366830401096
15 6.96744840998e+17 0.144239976172 2.61295994085 0.291637889551
16 5.22942416052e+17 0.177854904847 2.41820471482 0.208760673489
17 3.80901888335e+17 0.206403355494 2.04410512452 0.277374949117
18 2.85315940751e+17 0.224876994678 1.66818577353 0.175339464634
19 2.12357064847e+17 0.230725220597 1.27389939644 0.246837598735
20 1.6801924075e+17 0.223046054382 0.974376746452 0.161099672231
21 1.463867411e+17 0.202281885502 0.769896036056 0.240991537641
22 1.59450619243e+17 0.170126937595 0.705297984286 0.147922762966
23 1.7773136889e+17 0.129559514378 0.59869653592 0.199041726254
