00 8.91243400455e+16 0.224403533239 0.5199952369 0.142657435095
01 9.74310990614e+16 0.206637915822 0.523456940404 0.222770780753
02 1.06149965653e+17 0.177149602578 0.488915029955 0.139325320361
03 1.16967616791e+17 0.138559285075 0.421380683346 0.189649275466
04 1.40726929378e+17 0.0947764381016 0.346777524897 0.120164612933
05 1.79850969297e+17 0.0754546210099 0.352835254892 0.174474616741
06 2.92971805336e+17 0.0741730227994 0.564995714315 0.244043479928
18 5.43472960495e+17 0.16034157978 2.26567413939 0.337099678643
19 3.47208490853e+17 0.153293766497 1.38384733039 0.298197815881
20 2.19101397553e+17 0.169560789386 0.96592615404 0.188904923342
21 1.56633526344e+17 0.20050840179 0.816564788886 0.26245840881
22 1.3542650914e+17 0.221110712593 0.778550550442 0.17399878392
23 1.12957384224e+17 0.229109327299 0.672869348139 0.235805445032
