00 1.68706626888e+17 0.154801280205 0.679016047356 0.206241389044
01 1.3519818003e+17 0.178644476289 0.627962609735 0.26283547958
02 1.08474212038e+17 0.207118991641 0.584143804826 0.16337360511
03 8.85444134041e+16 0.224473675903 0.516773138896 0.244650001143
04 8.6929843765e+16 0.228864549098 0.517274146907 0.156665138928
05 1.1582420907e+17 0.219765105592 0.661807107947 0.232452237533
06 1.76070831178e+17 0.197857800178 0.905761670639 0.137813888663
07 2.47437419677e+17 0.164982944017 1.06139680291 0.190114441999
08 3.46244879e+17 0.124166452259 1.1177919542 0.117246346752
09 5.08354648778e+17 0.0854283118498 1.12912486612 0.158012912073
10 7.57169688917e+17 0.0733543115132 1.44408319196 0.181132641851
11 1.00265039666e+18 0.0793007178907 2.06728330247 0.257046145167
23 2.74104625706e+17 0.155514857654 1.10831088807 0.336998241197
