00 2.0221196368e+17 0.213723206158 1.12365211923 0.281153241756
01 1.67123013959e+17 0.217900800348 0.946822200953 0.34278579239
02 1.48105346811e+17 0.222162513595 0.855489859235 0.248703379961
03 1.27171718462e+17 0.225782090319 0.746540507018 0.295222917449
04 1.21442480497e+17 0.228162443669 0.720423941001 0.211091491462
05 1.55115482233e+17 0.228889136294 0.923110467605 0.282262742768
06 2.02869051893e+17 0.227767076055 1.20137916006 0.193690858697
07 2.71707602653e+17 0.224814459678 1.5881787449 0.253767244274
08 3.33460192734e+17 0.220261475498 1.90965928586 0.180118961041
09 4.0996948954e+17 0.214531385626 2.28673438904 0.279528582627
10 4.79996496219e+17 0.208215068227 2.59850508343 0.230170718763
11 5.52314352545e+17 0.202033897415 2.90124175232 0.285155292897
12 6.20006821202e+17 0.196784632065 3.17220316889 0.25130892572
13 7.57183439785e+17 0.193248952033 3.80444756211 0.357026936712
14 8.31395914788e+17 0.192028561738 4.15094580554 0.351853676739
15 8.817292474e+17 0.193303622152 4.43147788927 0.395968385364
16 9.48374115906e+17 0.196585229711 4.84734492912 0.426003303662
17 9.4835369277e+17 0.200709176585 4.94892550847 0.485008274275
18 8.42535196125e+17 0.204279913758 4.47493844726 0.509061794704
19 5.96072960178e+17 0.206401815924 3.19879407651 0.515506424924
20 5.06573993387e+17 0.207153858591 2.72840769218 0.486326923752
21 3.69687436698e+17 0.207439499707 1.99388219983 0.483625822793
22 3.49743113664e+17 0.208348591709 1.89458061499 0.395203562883
23 2.36765964298e+17 0.210530965364 1.29601074275 0.378926590532
