00 1.03429737818e+17 0.184779080231 0.496902947389 0.135973795337
01 1.25727060194e+17 0.167137198081 0.546355382657 0.213059732671
02 1.57695398664e+17 0.150086631889 0.615367252499 0.196463967106
03 1.94615591432e+17 0.137228901381 0.694378978898 0.262929699378
04 2.46298172378e+17 0.134625665893 0.862109442083 0.346962583831
05 3.09324950771e+17 0.152152731744 1.22368054266 0.431059361109
14 1.08025409269e+18 0.196764393363 5.52644407189 0.465522732404
15 8.16958493639e+17 0.187858847989 3.99029491821 0.366507758312
16 6.51529993543e+17 0.193192571961 3.27263963422 0.252461860686
17 4.5696063375e+17 0.20359387127 2.41889399552 0.282216812073
18 3.34112585491e+17 0.213706560144 1.856453335 0.174842975293
19 2.21610541717e+17 0.220702263371 1.27165865174 0.228596773514
20 1.73837244543e+17 0.223098701988 1.00835445398 0.154844678429
21 1.31302223083e+17 0.22027018191 0.751971078658 0.221578368562
22 1.31963780162e+17 0.21225222589 0.728249757984 0.140631467063
23 1.21457112953e+17 0.199661185192 0.63050704918 0.205182612887
