00 1.36065011754e+17 0.203089351419 0.718467229688 0.260946830008
01 1.28277997102e+17 0.217234222735 0.724525645854 0.336999149753
02 1.1101727771e+17 0.220805203996 0.637343008945 0.200212463843
03 1.03332882695e+17 0.212107659589 0.569860093582 0.294818788753
04 1.07633281887e+17 0.191257937724 0.535228707625 0.186124519689
05 1.56918724956e+17 0.159867524325 0.652241410055 0.269355589407
06 2.79130524407e+17 0.121130008782 0.879088154694 0.163538738869
07 4.34394827082e+17 0.0804297757307 0.908395241541 0.2085161264
08 5.45539159154e+17 0.0452410084421 0.641699284325 0.15289437487
22 2.10104549605e+17 0.167744009575 0.916338269099 0.497450882422
23 1.93786313743e+17 0.184318939094 0.928680681762 0.40178700826
