00 2.96919070558e+17 0.198042813342 1.52886988977 0.390548014874
01 1.96313836236e+17 0.200279919223 1.02226070086 0.374703833013
02 1.57940023123e+17 0.208278544168 0.85528347013 0.235440078158
03 1.18416217854e+17 0.217613877506 0.669994320496 0.278973989639
04 1.10927031748e+17 0.225503022982 0.650373905728 0.180660845912
05 1.3514605366e+17 0.230281573844 0.809162794325 0.248053245407
06 1.74465261109e+17 0.231044843424 1.04804177233 0.157367592724
07 2.22045057955e+17 0.227472985858 1.31324056053 0.211692531965
08 2.67331499434e+17 0.219752135144 1.52741336259 0.142650404822
09 3.3098151054e+17 0.208524184421 1.79445888814 0.227378640659
10 4.011907101e+17 0.19486920706 2.03267260448 0.1702389582
11 4.82786251723e+17 0.180317773512 2.26342849181 0.232265201715
12 5.94432136878e+17 0.166951546109 2.58027547202 0.203645232772
13 7.99586251222e+17 0.157687754918 3.27820898127 0.305939096585
14 1.02663902851e+18 0.156798573291 4.18536390882 0.400674845132
15 1.31154092385e+18 0.169827453233 5.7911270276 0.446720919413
16 1.73333871668e+18 0.198792640581 8.95894949327 0.625321704751
22 6.19074970227e+17 0.226189152053 3.6407291069 0.643975988377
23 3.79043764354e+17 0.205994793723 2.0301070933 0.547658550331
