00 9.89392713367e+16 0.187143716798 0.481412437356 0.129089712788
01 1.18271281711e+17 0.169350767992 0.520762642118 0.205597543873
02 1.45930052889e+17 0.151197878504 0.573672174577 0.17985795262
03 1.77601327257e+17 0.135937270082 0.627708629349 0.242692859866
04 2.25236096569e+17 0.128932507367 0.755046621684 0.303255166916
05 3.01351307313e+17 0.139625793029 1.09398679687 0.383569181884
14 1.18440258376e+18 0.206547680728 6.36052577481 0.54013495818
15 9.05898111007e+17 0.187231251838 4.40992337141 0.402316835561
16 7.20238224439e+17 0.187400918724 3.50930592895 0.279053193162
17 4.91762463034e+17 0.196633757988 2.51412462974 0.293259524733
18 3.50927292527e+17 0.207462411373 1.89290978043 0.181014065949
19 2.27723618208e+17 0.216015222028 1.27898596665 0.231804596641
20 1.75227072442e+17 0.220284537547 1.00359518009 0.155390513849
21 1.30796023857e+17 0.219317411256 0.745831979229 0.221286542437
22 1.29382267039e+17 0.212908715324 0.716211918787 0.139693001942
23 1.17355218984e+17 0.201482637825 0.614771016169 0.20155003656
