13 8.56914641365e+17 0.146952764125 3.27407535437 0.408157046476
14 6.2209712308e+17 0.171238152299 2.76969580958 0.278382675247
15 5.20287208394e+17 0.198107506415 2.67989283833 0.30870059976
16 4.26673945422e+17 0.218416881337 2.42301260517 0.201165423757
17 3.49480649926e+17 0.227697977163 2.06897696319 0.280368240633
18 2.87603628126e+17 0.224076160127 1.67557303236 0.177360830276
19 2.3603318936e+17 0.20736112101 1.27254677527 0.248721923352
20 2.06307414938e+17 0.178758563966 0.958859647977 0.161417461625
21 2.05233911294e+17 0.140844912214 0.751559957708 0.233834854561
22 2.53871192367e+17 0.0978431260469 0.645828327936 0.152044739761
23 3.30523450789e+17 0.0562701452265 0.483563666994 0.157621538563
