00 1.64330244978e+17 0.0977005648188 0.417434101531 0.143807080558
01 2.22689097802e+17 0.056348490285 0.326253056066 0.155316349101
15 7.82330700576e+17 0.149400354363 3.03889258128 0.404967499112
16 5.87670223963e+17 0.173307449533 2.64803831972 0.270876502095
17 4.22143434253e+17 0.199547748342 2.19018206635 0.325114104631
18 3.04503868285e+17 0.219050077182 1.7342414921 0.208184130558
19 2.25536173641e+17 0.227445923519 1.33372936581 0.278662340226
20 1.70425546605e+17 0.22294148689 0.987868043867 0.180142990587
21 1.50832544564e+17 0.205422126289 0.805592892465 0.268280738987
22 1.6419388804e+17 0.176172124198 0.752086036944 0.168509448289
23 1.82222396521e+17 0.137859371076 0.653147689488 0.227293728134
