00 8.96073765502e+16 0.193278665279 0.450299047609 0.118715256551
01 1.0154392062e+17 0.174771235168 0.461420867196 0.18771051689
02 1.1724531693e+17 0.155497691403 0.474015778871 0.140505432107
03 1.34842338905e+17 0.135533296085 0.475166292733 0.197768414348
04 1.66513787273e+17 0.118516443153 0.513100166892 0.187807887111
05 2.30169920104e+17 0.110682578626 0.662370807262 0.265713233656
06 4.13083101886e+17 0.123364041733 1.32494962653 0.38073680018
16 9.49932127625e+17 0.186334691292 4.60213805349 0.462878917712
17 6.57525846357e+17 0.176271904722 3.01348666687 0.351155727586
18 4.43194073569e+17 0.1825738401 2.10380674194 0.218412870803
19 2.6620493371e+17 0.193470010783 1.33906945628 0.252342900263
20 1.90383784721e+17 0.203005390287 1.00487229756 0.160567993515
21 1.35955873863e+17 0.208319467092 0.73637863497 0.223654830228
22 1.27006145959e+17 0.211521640717 0.698478257735 0.141642161371
23 1.09824073804e+17 0.207668220689 0.592981219888 0.198968415147
