00 1.15236841018e+17 0.150742849239 0.451649373561 0.132130490985
01 1.52242240252e+17 0.131491687368 0.520483315543 0.20403915983
02 2.13226473986e+17 0.116857274283 0.647843678426 0.226411748794
03 2.73437604201e+17 0.114397388317 0.813294242496 0.298973997022
14 9.35216924867e+17 0.180546287664 4.39009854258 0.350609922799
15 7.02677672567e+17 0.178978822104 3.26987497602 0.309037761717
16 5.54450599138e+17 0.188166186247 2.71255022226 0.208892480236
17 3.96679193918e+17 0.199058786459 2.05302445283 0.248564448809
18 2.96483062978e+17 0.20727900401 1.597822564 0.151199907297
19 2.06169783453e+17 0.210687906683 1.12937448252 0.205891107322
20 1.6365955939e+17 0.209823876627 0.892831763153 0.139560038215
21 1.3002461669e+17 0.201730938273 0.681979686012 0.203594141384
22 1.35320571419e+17 0.186676518153 0.656790500784 0.127937270593
23 1.33187985645e+17 0.169140068787 0.585713051396 0.190257708487
