00 3.55683876306e+17 0.197881145864 1.82996145823 0.500384904446
01 2.25037607026e+17 0.190921419476 1.11707698359 0.409121410997
02 1.75707230641e+17 0.196516600741 0.897764079971 0.246129115777
03 1.23810812429e+17 0.206662604317 0.665263688418 0.282086279573
04 1.15189235815e+17 0.21652810713 0.648484387015 0.177027029534
05 1.37416253262e+17 0.22346877452 0.798414284603 0.241824090703
06 1.74035000664e+17 0.226061390562 1.02290745067 0.150117287143
07 2.15701179192e+17 0.223683525907 1.2544688079 0.20183517588
08 2.55418340647e+17 0.216341373982 1.43669642365 0.133891179062
09 3.13308547996e+17 0.204591845714 1.66660972692 0.213109662303
10 3.78725886596e+17 0.189508824042 1.86606933248 0.151669284393
11 4.57357801155e+17 0.172698051947 2.05360483386 0.214311982275
12 5.70093609128e+17 0.156415496522 2.31845834834 0.17998179111
13 7.81362011857e+17 0.143967718548 2.92476356138 0.273513838689
14 1.03141030859e+18 0.140723091515 3.77372442837 0.365421570963
15 1.37632758245e+18 0.155213816758 5.55425148672 0.42049226569
