00 1.03773379092e+17 0.193923556395 0.523226671048 0.141901399061
01 1.23856640589e+17 0.177681935305 0.572184277606 0.220971446657
02 1.50929868904e+17 0.161600928 0.634150578821 0.200508947344
03 1.82359431126e+17 0.148668613954 0.704889220539 0.265485272088
04 2.20475097502e+17 0.143575375121 0.823024665544 0.331246968688
05 3.04691201602e+17 0.153811279772 1.21848853499 0.406184061609
14 1.07015458587e+18 0.199011311419 5.53729455644 0.461518658484
15 8.15881989344e+17 0.192426009857 4.08191980881 0.374167700591
16 6.56437660859e+17 0.197836475497 3.3765501434 0.260158234431
17 4.67456826157e+17 0.207752411767 2.5249973588 0.289547243584
18 3.44099380434e+17 0.21751868264 1.94604914216 0.183430377758
19 2.26606150085e+17 0.224533541741 1.32289771793 0.236382726021
20 1.7874116966e+17 0.227372260917 1.05666038048 0.161885585009
21 1.33896493417e+17 0.225392905216 0.784662310888 0.22965995517
22 1.34266149025e+17 0.218563949143 0.762989233947 0.147396985212
23 1.22037462626e+17 0.207394526673 0.658057446741 0.213311614471
