00 9.45089484245e+16 0.17831388059 0.438158690945 0.119609302272
01 1.13298920771e+17 0.147376246053 0.43413681025 0.178064612512
02 1.41631342245e+17 0.12653171931 0.465942288306 0.143629738215
03 1.7382134298e+17 0.1082344806 0.489150032143 0.202451731176
04 2.34977527601e+17 0.0988162535203 0.603709572413 0.246349400197
05 2.99066307864e+17 0.109624747102 0.852411777526 0.326174913489
16 8.4470826177e+17 0.171300111294 3.76216410056 0.343715815834
17 5.54434625713e+17 0.172263551007 2.48323081309 0.305548314118
18 3.75640536297e+17 0.182028472818 1.77780910192 0.181044135062
19 2.37335385678e+17 0.19202228175 1.18491573974 0.224813958088
20 1.72399616978e+17 0.207241805738 0.928938606208 0.151486664489
21 1.29678612799e+17 0.218221830375 0.735766310382 0.225749183171
22 1.25174404231e+17 0.216429228805 0.704376394121 0.143322980405
23 1.13233995424e+17 0.202055190106 0.594867428271 0.200469111316
