00 1.49909372084e+17 0.105320813028 0.410503000659 0.136415640395
01 2.14973062632e+17 0.0916723290466 0.512384114677 0.205771510089
02 3.12858469575e+17 0.0941728779739 0.766032344439 0.303515614013
13 1.00724365961e+18 0.176549651783 4.62354145148 0.383517505703
14 7.63875868403e+17 0.164688430148 3.27083945747 0.259856594707
15 5.80571529627e+17 0.170473684749 2.57327636582 0.258282976342
16 4.62252239149e+17 0.180528812682 2.16969604522 0.167543064278
17 3.48120473756e+17 0.203297510883 1.84007267085 0.231026346483
18 2.71077487694e+17 0.219535413309 1.54728881579 0.150395519168
19 2.00953297327e+17 0.222970540105 1.16497329626 0.214256724724
20 1.65468712271e+17 0.213317600263 0.917732104129 0.143873572166
21 1.40202750727e+17 0.191377744315 0.697623840705 0.209535015548
22 1.53032641294e+17 0.159017725283 0.632707465329 0.130111191463
23 1.68331185701e+17 0.124055053083 0.542940688622 0.174077036922
