03 2.43998362969e+17 0.201975356915 1.28132306763 0.556867825432
04 2.8507478427e+17 0.188223941885 1.39510539031 0.353267864081
05 2.72681449886e+17 0.191104016403 1.35487352707 0.329060936821
06 2.74789960904e+17 0.200918801784 1.43547221187 0.207729223031
07 2.91559986018e+17 0.211431179227 1.60276666314 0.238191682853
08 2.96410445069e+17 0.219345589344 1.69042441779 0.157420985988
09 3.16090277459e+17 0.222919989271 1.83203387275 0.227489796572
10 3.31286740495e+17 0.221350184154 1.90658990643 0.14151584764
11 3.53469022168e+17 0.214522319761 1.97150185958 0.202780831357
12 3.9132782518e+17 0.202919527866 2.06460949568 0.13313776687
13 4.43364684661e+17 0.187575523476 2.16227343321 0.20687777085
14 4.83369056246e+17 0.170080591991 2.13750407614 0.1507528388
15 5.61617209429e+17 0.1526989661 2.22971754782 0.218228129778
16 7.1331671136e+17 0.138772124005 2.57370035322 0.211830135089
17 9.29850481638e+17 0.133818226737 3.23520450718 0.307011592239
18 1.192098143e+18 0.147178601653 4.56173478069 0.447894382751
