00 2.54883824854e+17 0.0494529171339 0.327723465402 0.129954547897
14 7.5370504446e+17 0.15044208372 2.94811289236 0.322393973992
15 6.03829995164e+17 0.177719400481 2.79011992306 0.324510828304
16 4.67616525391e+17 0.204151329245 2.48207791612 0.214533481265
17 3.62648102507e+17 0.222308217479 2.09611098425 0.289832265751
18 2.84602263481e+17 0.228649328155 1.69192702474 0.18444444064
19 2.23788687836e+17 0.221822405221 1.29067496993 0.25620955811
20 1.85426302149e+17 0.20201656185 0.973938784953 0.164930954704
21 1.74014467566e+17 0.17077801808 0.772663993093 0.245706544912
22 2.02851250243e+17 0.131036771983 0.691105298641 0.15420933582
23 2.55895730784e+17 0.0874744351478 0.581992697183 0.190832911338
