00 1.0459314649e+17 0.22345038262 0.607655843666 0.173999638112
01 1.01559214042e+17 0.230563340073 0.608811621721 0.265308934138
02 9.63139277154e+16 0.224229843021 0.561507879201 0.158654448746
03 9.46326199892e+16 0.204723938179 0.503712628754 0.238220878712
04 1.0164667941e+17 0.173602232373 0.45879835193 0.146743047416
05 1.40862403443e+17 0.133720219289 0.489739938428 0.209411564695
06 2.57496930847e+17 0.0895006470171 0.599199689809 0.127098723832
07 4.12282813047e+17 0.0533641795292 0.572029485358 0.140157607428
20 3.25057304566e+17 0.157855727078 1.33411608601 0.430089236965
21 2.51976044845e+17 0.144981680236 0.949829669382 0.323783240456
22 1.80424140684e+17 0.177316145862 0.831794944409 0.233140553135
23 1.41721815249e+17 0.205628706903 0.757693913847 0.278388051257
