11 9.27387527669e+17 0.19469584234 4.69452089275 0.785173419108
12 8.30815863831e+17 0.189546372265 4.09443145825 0.57478309683
13 6.60081726037e+17 0.196943348115 3.37996633404 0.490932075598
14 5.10588749795e+17 0.203585670378 2.70266237578 0.321203390138
15 5.16141396625e+17 0.202770070743 2.72110871518 0.365085524397
16 4.86127902647e+17 0.192000727717 2.42675968787 0.238349066044
17 4.81209817567e+17 0.171151672719 2.14135649534 0.321285775581
18 4.50580821088e+17 0.14191747197 1.66257756722 0.231986019888
19 4.26387529075e+17 0.108048986974 1.19783925495 0.313023579084
20 3.85453220995e+17 0.0759621830873 0.761276571765 0.250680579612
