00 2.82424764576e+17 0.180067752783 1.32224540987 0.364463195505
01 1.90662301427e+17 0.179348138181 0.889068148342 0.335242002893
02 1.4701795621e+17 0.188780724183 0.721608062269 0.199258716502
03 1.05515685123e+17 0.199620786255 0.547641224689 0.243541175659
04 9.95235971711e+16 0.20764888062 0.537315052246 0.151414387206
05 1.22985002902e+17 0.210801406946 0.674060702771 0.213820518296
06 1.64414360142e+17 0.209621155261 0.896082930976 0.132091173217
07 2.09916796421e+17 0.200974794556 1.0968876109 0.181856523445
08 2.59085914845e+17 0.186038181006 1.25319668037 0.118907384777
09 3.3423478804e+17 0.168362497103 1.46308769186 0.191381226053
10 4.33412451208e+17 0.148623999498 1.6748027902 0.142023628919
11 5.63150855147e+17 0.129650736377 1.89833599958 0.204391690103
12 7.63963899749e+17 0.115919590963 2.302517952 0.208059485753
13 1.14040033928e+18 0.115527771253 3.42544564785 0.304045059423
