00 3.97240096639e+17 0.208693706563 2.15543921224 0.601689479492
01 2.56924444456e+17 0.191488740517 1.2791515952 0.459630088123
02 2.00259861313e+17 0.191599925669 0.997614138094 0.275192104587
03 1.35743640477e+17 0.200290460832 0.70689206396 0.297610675703
04 1.26492554372e+17 0.210840736276 0.693414365727 0.187216919923
05 1.47008960749e+17 0.219561512752 0.839215255063 0.248275449441
06 1.80817515836e+17 0.22445549174 1.05522259523 0.153623038516
07 2.18832592354e+17 0.224519047492 1.27743421508 0.203737632983
08 2.53583456842e+17 0.219458246295 1.44692549893 0.134854282356
09 3.0481640901e+17 0.209573135062 1.66091459182 0.211919971921
10 3.60856773664e+17 0.195703474929 1.83614403849 0.145440304821
11 4.27802691598e+17 0.179213229208 1.99336544745 0.208172631348
12 5.25293282691e+17 0.162057738399 2.21332387611 0.165485556234
13 7.00959770129e+17 0.147026946657 2.67955934302 0.251632881088
14 9.0558179669e+17 0.138466479708 3.26021081036 0.297197813985
15 1.18446644812e+18 0.143733705728 4.42644154938 0.367007550456
