00 2.11792597813e+17 0.156726950942 0.863033810273 0.276488269471
01 1.63530411045e+17 0.158894662656 0.67558684692 0.278536337592
02 1.2513973187e+17 0.182069390649 0.592386982916 0.171070640569
03 9.52992125963e+16 0.209265713719 0.518514301261 0.24575848292
04 9.18004665638e+16 0.224958409208 0.536933459991 0.161409557062
05 1.18914417731e+17 0.227566985276 0.70358588427 0.236447979578
06 1.70523297921e+17 0.216765423743 0.961052428229 0.14282475795
07 2.27368382338e+17 0.193402275435 1.14331262516 0.197898335556
08 2.98978470656e+17 0.159463196412 1.23957762732 0.125206570505
09 4.15874795717e+17 0.118104423657 1.2770329796 0.174114653012
10 5.96727268019e+17 0.0873777212338 1.35565739082 0.133362157217
11 8.41770904142e+17 0.0765418997864 1.67519934888 0.197077449086
23 3.20689803712e+17 0.174737892715 1.45695317341 0.402426113553
