00 1.58827931694e+17 0.185369564321 0.765488477005 0.329150262302
01 1.45427265885e+17 0.205192274732 0.775854338871 0.366008993709
02 1.17160566475e+17 0.218278316636 0.664913891886 0.216452406461
03 1.02756709828e+17 0.220469154936 0.589021809471 0.309575681782
04 1.04074541073e+17 0.21031848799 0.569108803037 0.195591278145
05 1.50436511884e+17 0.188124279145 0.735819769235 0.282527974816
06 2.50924629192e+17 0.155671146093 1.01560483984 0.170759333744
07 3.74259684062e+17 0.116365661281 1.13232536629 0.230547214214
08 5.30384505467e+17 0.0759039246611 1.04671490415 0.154154282836
09 6.60358685249e+17 0.0416552954625 0.715193339778 0.143169925884
23 2.24388628758e+17 0.168969129695 0.985783534183 0.490077507103
