00 1.29743897925e+17 0.183134775814 0.617776111151 0.178720163323
01 1.1240464676e+17 0.210401760541 0.614903524851 0.259629756008
02 9.68610559778e+16 0.226348066237 0.57003213057 0.15994186436
03 8.53554188539e+16 0.229202193093 0.508654879036 0.239211166099
04 8.58956350488e+16 0.218542190727 0.488067326693 0.148171118734
05 1.1807029544e+17 0.195168411544 0.599133392301 0.223281724868
06 1.93449580126e+17 0.161057411296 0.810068703375 0.132474067542
07 2.93166575185e+17 0.119412827171 0.910204088946 0.173014850244
08 4.48068159091e+17 0.079249485593 0.923238449083 0.110715363878
09 6.75057616291e+17 0.0692119940159 1.21477417618 0.178551045548
22 2.61694312134e+17 0.15278893757 1.03958389389 0.305887486709
23 1.95130120175e+17 0.152520452657 0.773794690659 0.265849963608
