10 9.71013461361e+17 0.154923363666 3.91124946156 0.451743048478
11 8.31407157966e+17 0.1534494346 3.31705291612 0.354211344296
12 6.65492178699e+17 0.182642723249 3.16022989928 0.239779381573
13 5.12683116765e+17 0.208535193993 2.7797243035 0.297573534242
14 4.02897266402e+17 0.224989235945 2.35683625143 0.191451382942
15 3.89916958606e+17 0.229098945289 2.32256866315 0.257385842302
16 3.77729323216e+17 0.219882758718 2.15946030657 0.16997681144
17 3.70821230417e+17 0.197813412436 1.9071887378 0.23812276493
18 3.63815202212e+17 0.164688077778 1.55781668429 0.154241042995
19 3.59206830261e+17 0.123701010588 1.15529044575 0.206419907849
20 3.93224861935e+17 0.0798610584949 0.816487196216 0.134425162955
21 4.22695070742e+17 0.0449272685757 0.493753909189 0.13841794016
