13 8.69980036656e+17 0.16652285653 3.76666058154 0.593712118634
14 6.87227645574e+17 0.175592359407 3.13747001714 0.40034851008
15 5.8185014092e+17 0.195194499474 2.95292262267 0.370954466084
16 4.64604528949e+17 0.212305437455 2.56458976181 0.232860797542
17 3.78724881034e+17 0.220346908274 2.16972227218 0.312497449851
18 3.05862497305e+17 0.216615610588 1.72261938186 0.200707675009
19 2.52298043729e+17 0.200549675766 1.31555556252 0.276292320563
20 2.14695147753e+17 0.173160908968 0.966596980337 0.177298783942
21 2.20553571462e+17 0.136969074628 0.785434483316 0.260492341195
22 2.77454191623e+17 0.0963836660095 0.695293355596 0.176998087309
23 3.54773369235e+17 0.0583986596853 0.538675520639 0.187436595642
