09 8.01821619875e+17 0.172225670029 3.59045090889 0.368016530587
10 6.41383450239e+17 0.174140593937 2.90396326912 0.221684024589
11 5.40476411344e+17 0.184167448196 2.58799219867 0.252795367986
12 4.78180659115e+17 0.194183827624 2.41422871775 0.15390923232
13 4.15260721691e+17 0.206032996769 2.22449268419 0.21771924059
14 3.52981162053e+17 0.216861783661 1.99025123444 0.140958378346
15 3.43434641744e+17 0.215008278542 1.91987356894 0.197415418808
16 3.50911165095e+17 0.200679781828 1.83094017736 0.133845889174
17 3.52281262768e+17 0.175094617927 1.60374638078 0.18607993566
18 3.56866868785e+17 0.14841241536 1.37705032292 0.128241181645
19 3.44148495643e+17 0.127745010301 1.14304458115 0.182917155227
20 3.57134828749e+17 0.10987550534 1.02024961437 0.171455159538
21 3.53963310044e+17 0.101256856342 0.931871512923 0.257008274013
22 3.5792724314e+17 0.113467385991 1.05593978501 0.360723865734
