00 2.63068694893e+17 0.172217357504 1.17792988239 0.370474011307
01 1.96345647731e+17 0.164055425129 0.837500786477 0.327783452956
02 1.48715781271e+17 0.171061659752 0.661428777766 0.1888322068
03 1.05186187004e+17 0.18183042484 0.497277275827 0.231435128427
04 9.96093210989e+16 0.20762636942 0.537719564203 0.157011512959
05 1.24503087822e+17 0.221674985704 0.71757972554 0.230309650899
06 1.68230070288e+17 0.222755870274 0.974330128544 0.143236215021
07 2.14242934554e+17 0.210771833094 1.17406577713 0.197591555818
08 2.66837273994e+17 0.186717066838 1.2953999012 0.126216587484
09 3.50677476828e+17 0.152652871416 1.39183001825 0.185614944077
10 4.69090815176e+17 0.11880562479 1.44899631189 0.124096041631
11 6.30553492071e+17 0.0996368714757 1.63348580845 0.182603389012
12 8.78863520374e+17 0.0889505749669 2.03256080182 0.206873671209
13 1.28748158307e+18 0.0977054072509 3.27064172245 0.285802357866
