08 8.99742807113e+17 0.200833954061 4.69817154535 0.507672784078
09 8.02450109527e+17 0.186819533375 3.89774723047 0.414566498225
10 6.48762533929e+17 0.189895205438 3.20311926118 0.248480058046
11 5.55332277137e+17 0.199891144158 2.88615611089 0.275632743499
12 4.93700553279e+17 0.210438236067 2.70123031301 0.174669020305
13 4.35734035869e+17 0.218223827057 2.47227627104 0.236500362535
14 3.69719338777e+17 0.22152174945 2.12942274302 0.146162065805
15 3.49522891982e+17 0.219549937835 1.99518095937 0.199745807769
16 3.52042435464e+17 0.212236420512 1.94262188565 0.139582808439
17 3.40273671008e+17 0.200107459992 1.7703738002 0.202711000782
18 3.29994156432e+17 0.184254492353 1.58087555009 0.143708881857
19 2.9202286617e+17 0.166345200805 1.26299166013 0.205641965694
20 2.88287120045e+17 0.148759803031 1.11502391505 0.180025811922
21 2.76195790891e+17 0.135063969116 0.969906594041 0.267407267319
22 2.99895671246e+17 0.13127639326 1.02359977396 0.358260286817
23 4.94785929617e+17 0.147538360457 1.89799752565 0.428480582824
