00 1.22430285769e+17 0.173142858824 0.551146171805 0.160621490282
01 1.57683271336e+17 0.15759036836 0.646083485166 0.240184772441
02 2.06048954885e+17 0.146261698245 0.783563821637 0.278021578859
03 2.6073893084e+17 0.14453875452 0.979858888283 0.336667509406
04 3.13689822493e+17 0.160523364716 1.30921819038 0.503067783226
12 1.20504365703e+18 0.214562219031 6.72247786815 0.603224386952
13 1.0642212412e+18 0.195514540223 5.40983889339 0.484652342662
14 7.86776870455e+17 0.193117703421 3.9504541005 0.286198102875
15 6.04987653256e+17 0.200413334063 3.15243740906 0.298319375386
16 5.08069367016e+17 0.210642049478 2.78254009137 0.204852449836
17 3.85425929122e+17 0.219841361157 2.20304658296 0.256524520684
18 3.00964572551e+17 0.225799971711 1.76690259117 0.163772548759
19 2.11774105563e+17 0.227337944062 1.25175153387 0.220566458472
20 1.74577005862e+17 0.223993799989 1.01670834027 0.153987134969
21 1.36859276161e+17 0.2158916037 0.768215983899 0.223068108192
22 1.43963940107e+17 0.203682109167 0.762394853086 0.147835436562
23 1.40117146973e+17 0.188516444115 0.686774043982 0.218352373211
