00 1.37361054721e+17 0.216894930338 0.774615826268 0.207752238739
01 1.47023084333e+17 0.212106571851 0.81079862242 0.291880565149
02 1.51449565116e+17 0.207183312736 0.815823387942 0.258024489291
03 1.58890996916e+17 0.202691355782 0.837351621245 0.312119091994
04 1.59174324802e+17 0.199187416769 0.824343586905 0.289371392217
05 2.34133896256e+17 0.197120024164 1.19996446148 0.356567482358
06 3.19574788046e+17 0.196705797262 1.63441755015 0.332954734071
07 4.67725229986e+17 0.197812288764 2.40556675466 0.390682717894
08 5.96718962461e+17 0.199932403005 3.10188985817 0.366659854245
09 7.37456854678e+17 0.202342481684 3.87969010287 0.442472625189
10 8.06879506684e+17 0.204426494771 4.2886362806 0.468605905183
11 8.77798902798e+17 0.205972836921 4.70087098663 0.429861191277
12 8.15396366919e+17 0.207227254615 4.39328111403 0.384532959613
13 8.55321375837e+17 0.20868044536 4.64070998652 0.435977268772
14 7.62274269189e+17 0.210743108903 4.17674528248 0.317484475421
15 6.71416148226e+17 0.213526058231 3.72748593265 0.344960746121
16 6.29365506377e+17 0.21682237562 3.54797362988 0.270931108861
17 5.28544353978e+17 0.220214004833 3.02621459195 0.327572696169
18 4.32626983525e+17 0.223209028172 2.51072246239 0.241428646259
19 2.90730143541e+17 0.225353616236 1.70344431909 0.292194895485
20 2.46573678024e+17 0.226302484529 1.45080613486 0.223656080027
21 1.80348582168e+17 0.225856825321 1.05905691371 0.297065211099
22 1.85819418285e+17 0.223980229527 1.08211677491 0.218849002079
23 1.59582403776e+17 0.220799380442 0.916128092964 0.283528198439
