00 1.63903221901e+17 0.0869625122867 0.370589334659 0.126615195005
01 2.24580084139e+17 0.0533500262134 0.31151518777 0.142799337707
14 8.53511251895e+17 0.155745316647 3.4561898849 0.384262903092
15 7.05881489515e+17 0.146712655177 2.69260543674 0.306856587095
16 5.27858812788e+17 0.179097079671 2.45798726807 0.215636759044
17 3.84534453481e+17 0.206999053301 2.06955496364 0.284325164257
18 2.87215501271e+17 0.225035640414 1.6804768309 0.180241895453
19 2.14257858151e+17 0.23053068048 1.28421825578 0.251830976537
20 1.68913766218e+17 0.22253755235 0.977331058402 0.163989109906
21 1.48084830276e+17 0.201494757875 0.775796242558 0.24523098157
22 1.61913317043e+17 0.169113676397 0.711925663873 0.151331147741
23 1.81752691023e+17 0.128420327804 0.606859244171 0.20259983171
