04 3.42378241815e+17 0.208468436842 1.85575147888 0.571896090855
05 3.93575470019e+17 0.192484237321 1.96968392855 0.428305398881
06 3.70368218038e+17 0.192943925059 1.85796774034 0.275406274368
07 3.75828945715e+17 0.201570723123 1.96965892132 0.277936664791
08 3.61824676082e+17 0.211987402122 1.99425910076 0.184158082944
09 3.6373724601e+17 0.220632523312 2.08655892665 0.252644603666
10 3.58030418587e+17 0.225551565679 2.0996123583 0.154695301313
11 3.63053027787e+17 0.225751241354 2.13095146421 0.215925484368
12 3.80813666589e+17 0.220931525012 2.18747734672 0.140876789774
13 4.02918908334e+17 0.211373106026 2.21432174941 0.211593540798
14 4.06731022409e+17 0.19788421365 2.09262686194 0.14084007432
15 4.40907502901e+17 0.181787704555 2.08394063471 0.20632593429
16 5.20135817421e+17 0.164971685134 2.23099973975 0.16979377645
17 6.16980810772e+17 0.150110457587 2.40799706751 0.249907409503
18 7.19857133717e+17 0.141306148181 2.64472620896 0.28178637048
19 7.38019355657e+17 0.145382383307 2.78967033415 0.369891387272
20 8.50573833842e+17 0.171070118367 3.78320192732 0.534882919022
