00 1.04002171624e+17 0.201629592564 0.545217802745 0.146388844999
01 1.21816364354e+17 0.186767372776 0.591534380621 0.226938586431
02 1.44474414947e+17 0.171630847759 0.644702924238 0.201762668259
03 1.7023525045e+17 0.158706777055 0.70245468644 0.265910211867
04 1.98902943087e+17 0.151648997277 0.784249228743 0.310518759295
05 2.9322782475e+17 0.156018605626 1.18947390506 0.384850427954
06 4.61404006463e+17 0.17801902165 2.13560593521 0.567508892738
13 1.4323529513e+18 0.221733841327 8.25762917271 0.663220978793
14 1.07112634711e+18 0.201675532309 5.61651938181 0.466828422365
15 8.26502855012e+17 0.195902976652 4.20977360721 0.385423461661
16 6.70825103074e+17 0.200724321025 3.50092374686 0.270288602899
17 4.83327471002e+17 0.209949007268 2.63832719077 0.298188009768
18 3.57248711146e+17 0.219371137964 2.03762146381 0.192361301588
19 2.33147619808e+17 0.22649937078 1.37300251882 0.244169245964
20 1.8445800567e+17 0.229907838303 1.10261687488 0.168698063173
21 1.36792137265e+17 0.228901384873 0.814109651149 0.237331328915
22 1.36713977709e+17 0.223360919901 0.793950555433 0.154144541578
23 1.22750522335e+17 0.213675310335 0.681947654797 0.220243094946
