00 9.73322215799e+16 0.1699265211 0.430022470904 0.11787610288
01 1.1802591725e+17 0.150195168927 0.460899987058 0.186754610906
02 1.50267751156e+17 0.130162235137 0.508538845346 0.159632174639
03 1.86445895032e+17 0.11378949041 0.551605168003 0.222299596999
04 2.51916575294e+17 0.108024056471 0.707539309243 0.291113643521
05 3.07646197981e+17 0.125103990714 1.00068194448 0.374630797204
15 9.45117250177e+17 0.183526495906 4.50980548577 0.420791252846
16 7.67801118563e+17 0.174809767248 3.48969750554 0.294301450379
17 5.07676141135e+17 0.181702247656 2.39839329406 0.291262257815
18 3.5251059201e+17 0.192590115345 1.76514144497 0.173323795903
19 2.27410437811e+17 0.2017509945 1.19288733169 0.222061368955
20 1.69716616753e+17 0.206640252218 0.91182739678 0.145881960287
21 1.28526025683e+17 0.213642540195 0.713924291811 0.216514221712
22 1.26234983975e+17 0.20819887773 0.683331531839 0.136639224804
23 1.15503744373e+17 0.190821157116 0.573054511963 0.191157532342
