00 1.51093525755e+17 0.126122223218 0.495462535937 0.162751492524
01 2.19521985398e+17 0.114005572765 0.650694971677 0.244035144347
02 3.19877814239e+17 0.117331579279 0.975825997144 0.369598051495
12 1.12050229962e+18 0.195785677736 5.70383585552 0.517328323119
13 9.31099596513e+17 0.178023827031 4.30970575147 0.369740055064
14 6.69100657807e+17 0.180761767955 3.14464326398 0.226582764413
15 5.18390168866e+17 0.191077318929 2.57536769428 0.253549245696
16 4.34227300061e+17 0.201522952609 2.2751759579 0.167445604388
17 3.37362509376e+17 0.208520774398 1.82902438441 0.221417959988
18 2.70131569385e+17 0.210331308499 1.47724528785 0.138562710754
19 2.01031629574e+17 0.209014128893 1.09247972432 0.195497083849
20 1.69774165266e+17 0.197494744407 0.871767139783 0.133277560165
21 1.42195259689e+17 0.181630037124 0.6715001877 0.196971365218
22 1.55927098682e+17 0.163209092476 0.661666726976 0.134562507835
23 1.70093722936e+17 0.143306810535 0.633765312075 0.199013839925
