06 5.31876527639e+17 0.200847308248 2.77747519131 0.46043134271
07 5.46984831601e+17 0.194697899878 2.76891674742 0.37083503357
08 5.09411447469e+17 0.199695809957 2.64491062169 0.243786313523
09 4.74881562003e+17 0.209174448794 2.58266031334 0.299200437748
10 4.32850123728e+17 0.21874584838 2.46178835594 0.182228760947
11 4.13140836945e+17 0.225868729462 2.42620549417 0.240245891118
12 4.0587612687e+17 0.229110784295 2.4177555416 0.156920304252
13 3.99667446919e+17 0.227792434517 2.367071739 0.225996957034
14 3.73839418704e+17 0.221820842217 2.15605974248 0.144887684743
15 3.77312843239e+17 0.211625498688 2.07607448391 0.205988407414
16 4.12128494351e+17 0.198115964861 2.12288009193 0.154108406455
17 4.36145403308e+17 0.182679750268 2.07154826727 0.22697340576
18 4.62414500008e+17 0.167249376291 2.01080195457 0.193622764552
19 4.29897966001e+17 0.154537248283 1.72731646641 0.267942781965
20 3.98558098057e+17 0.148643980252 1.54032481348 0.317191854725
21 4.52937186284e+17 0.155910809518 1.83606288773 0.404768160539
22 7.17094624314e+17 0.182599919479 3.40447693712 0.611814092877
