00 1.06422127e+17 0.230101802755 0.63668600517 0.164838691167
01 1.10204367954e+17 0.224199880177 0.642402958349 0.244506653115
02 1.13906697235e+17 0.215741517993 0.638934498045 0.187452332941
03 1.18276378557e+17 0.205546990997 0.63209519668 0.247906621113
04 1.23894017434e+17 0.194749579072 0.627336001362 0.204295265157
05 1.78145388036e+17 0.184794784899 0.855928805236 0.286139033422
06 2.76019724635e+17 0.177470277753 1.2736177271 0.262902705705
07 4.38974544547e+17 0.174889224909 1.99606986412 0.344607929058
08 6.42029745974e+17 0.179116317094 2.98994809266 0.405279469248
09 8.48798209217e+17 0.190816226616 4.21107625747 0.487079099867
10 1.06604495133e+18 0.207129145111 5.74103346491 0.714623159783
11 1.37164585005e+18 0.221814453244 7.91052273115 0.625353247195
12 1.42808023594e+18 0.229314459949 8.51446564981 0.677683437856
13 1.52343310914e+18 0.227995382423 9.03072857217 0.663877967794
14 1.2969540577e+18 0.220160533124 7.42399051628 0.636793781943
15 1.15959665798e+18 0.210918836173 6.3591002158 0.538587385224
16 9.08029819136e+17 0.205369153346 4.84851419439 0.441677872763
17 7.06139182841e+17 0.205461164951 3.77218865723 0.405620615739
18 5.17855706035e+17 0.210050061672 2.82816619773 0.277372025672
19 3.10586997819e+17 0.216885582958 1.75140789411 0.31036116001
20 2.46960608533e+17 0.22389097436 1.4375985331 0.217759514291
21 1.67826806659e+17 0.229509038961 1.00146199682 0.2837516511
22 1.6059785563e+17 0.232695633329 0.971630912903 0.189750642275
23 1.30541394329e+17 0.232857695352 0.790336774017 0.251249996775
