10 8.54335657408e+17 0.155552694116 3.45524954291 0.300295485634
11 6.90727025845e+17 0.154041749622 2.76642078889 0.272040748793
12 5.70568012179e+17 0.179654233862 2.66512893644 0.181100760433
13 4.60592255658e+17 0.207877835807 2.48941995368 0.250876499765
14 3.7216332765e+17 0.224942944891 2.17660338746 0.16171062898
15 3.57291615971e+17 0.229015073049 2.12745430382 0.225042932275
16 3.52216673255e+17 0.219587386699 2.01090080963 0.151213811851
17 3.45412742017e+17 0.197364868754 1.77248085284 0.212034734314
18 3.40737767654e+17 0.164217184592 1.4548299191 0.136776740636
19 3.28344182328e+17 0.123207268276 1.05181413373 0.177068678857
20 3.51070178786e+17 0.0838399974332 0.765276795096 0.121976581241
21 3.67726101458e+17 0.072198321149 0.690279386367 0.190406488994
