00 2.33907995722e+17 0.200617108803 1.22007459152 0.299879115733
01 1.66835312041e+17 0.207656578455 0.900755701665 0.334023837307
02 1.38053001316e+17 0.216678827764 0.777742224857 0.212695025533
03 1.08199246897e+17 0.224798787038 0.632399545981 0.264116916349
04 1.02600154973e+17 0.230235132426 0.614176166947 0.173668514635
05 1.28062437557e+17 0.231969749927 0.772371901993 0.242935321983
06 1.7102569347e+17 0.229568616807 1.0208154291 0.155476346159
07 2.24671804914e+17 0.223094244156 1.30319764901 0.212379905575
08 2.78561085287e+17 0.213061582999 1.54311731062 0.144459745565
09 3.53977351021e+17 0.20040211113 1.84438301935 0.233450377385
10 4.40862636414e+17 0.186474952066 2.13745581382 0.187060060387
11 5.42956538939e+17 0.173116546987 2.44386379081 0.248868429426
12 6.7895581501e+17 0.162823829561 2.87430483347 0.238247490878
13 9.31039687199e+17 0.159136801429 3.85222962343 0.352742856422
14 1.21251599173e+18 0.166787672482 5.25805072278 0.510950304425
15 1.54215366842e+18 0.189180112276 7.5853649076 0.525285104134
21 8.64149948175e+17 0.228470247058 5.13324635601 0.687030241152
22 5.45176119639e+17 0.20895734031 2.96188235098 0.553819758706
23 3.09208670207e+17 0.199638050523 1.60497521925 0.43533194335
