00 1.19462114555e+17 0.231855679175 0.72014721235 0.183292081074
01 1.15397295633e+17 0.231349992824 0.694126251433 0.261578474288
02 1.13131133747e+17 0.228249673998 0.671375754314 0.194297708585
03 1.09611872142e+17 0.222765672283 0.634861822086 0.251885377578
04 1.09609612437e+17 0.215386566576 0.613819390252 0.189139871454
05 1.52402338733e+17 0.206854304252 0.81965207337 0.271978916073
06 2.25406377773e+17 0.198141050553 1.16121866883 0.210633534663
07 3.41278142478e+17 0.190422603324 1.68966388105 0.286181371244
08 4.81239021529e+17 0.185029470004 2.31512842857 0.250604068219
09 6.48378724986e+17 0.183293668354 3.08993658962 0.359728285231
10 8.22222057098e+17 0.186140430663 3.97926796302 0.467928847163
11 1.03773077112e+18 0.193300322014 5.21543599778 0.469031067867
12 1.14796662951e+18 0.202622808354 6.04770978153 0.561363520337
13 1.33868161199e+18 0.210636971029 7.33137183797 0.600685597302
14 1.29043179454e+18 0.214528333802 7.19768875198 0.645315769799
15 1.26608237881e+18 0.213814798815 7.03838587681 0.565481486648
16 1.02481096127e+18 0.21044176795 5.60723879312 0.534264910663
17 8.70992183176e+17 0.207442038315 4.69769023969 0.491102355212
18 6.53004622378e+17 0.207060388084 3.51549615379 0.377497273406
19 3.86671717539e+17 0.209785563661 2.10907174961 0.376098666354
20 3.12729609886e+17 0.214756607891 1.74617950536 0.274756533077
21 2.05751729506e+17 0.220614219812 1.18018568927 0.325434547301
22 1.94693150923e+17 0.226056370556 1.14430230381 0.221678228476
23 1.48690982455e+17 0.230053615189 0.889379349553 0.276960788337
