00 1.43087553923e+17 0.208620306804 0.776125204382 0.189687698071
01 1.17152419613e+17 0.21811407561 0.66436738444 0.258691747535
02 1.02895592679e+17 0.224375543589 0.600268618048 0.164221529609
03 8.78397880721e+16 0.226145258222 0.516478340449 0.222015394105
04 8.6484239683e+16 0.222915062524 0.501244632103 0.146196749582
05 1.13671786756e+17 0.214789816696 0.634804098258 0.216770364082
06 1.68283682359e+17 0.202413961609 0.88563713733 0.138632166209
07 2.41330459486e+17 0.186946955836 1.17301586353 0.201497994771
08 3.3413643061e+17 0.17008693501 1.4776382753 0.148502688306
09 4.68886613148e+17 0.154220634735 1.88011176856 0.240842660001
10 6.65217413805e+17 0.142895406652 2.4714693343 0.271009706556
11 9.19144803082e+17 0.141941214888 3.39207778019 0.335367431223
12 1.35616424825e+18 0.160168035679 5.6475682562 0.484067747249
20 8.73374427069e+17 0.215412468421 4.89152927095 0.589275168787
21 4.57618930154e+17 0.194686100027 2.31639316506 0.501051879045
22 3.24717928725e+17 0.191616934158 1.61775780318 0.297647927999
23 2.001809427e+17 0.198905652892 1.03524514871 0.308108559931
