00 1.25544061627e+17 0.199273415572 0.650457443096 0.220812160227
01 1.40609042839e+17 0.178798802731 0.653658941331 0.320324182666
02 1.55940173224e+17 0.149042423757 0.604284235839 0.209685900231
03 1.76153788899e+17 0.113434208075 0.519528504123 0.291836617091
04 2.02214857619e+17 0.0779907099412 0.410042887966 0.235120104962
19 2.36897157716e+17 0.185831382735 1.144596086 0.711884454873
20 1.6266939099e+17 0.187455464171 0.792824921055 0.498984152599
21 1.89376626167e+17 0.199124814004 0.980449222015 0.45873213843
22 1.67494059132e+17 0.208164793573 0.906525522341 0.301830804463
23 1.52406148351e+17 0.208602618481 0.826600362084 0.350039074109
