00 9.11502825424e+16 0.208068665269 0.493103458315 0.13484688029
01 1.05715027634e+17 0.179205510686 0.49256260337 0.20916115106
02 1.24905478384e+17 0.141049379389 0.458063845419 0.135175305449
03 1.47165219268e+17 0.097429209039 0.372792963694 0.165131499229
04 1.92532010751e+17 0.0758817585249 0.379851356251 0.150374684216
05 2.38480468707e+17 0.0734758014566 0.45558613282 0.218285413447
17 6.57418107349e+17 0.161578267243 2.76183644463 0.373337453082
18 4.64217859462e+17 0.153024353546 1.84695258406 0.234238999686
19 2.85109587066e+17 0.167527561823 1.24185656332 0.257027753927
20 1.87959243029e+17 0.198975174265 0.972379801549 0.175300416929
21 1.40199585309e+17 0.220265343297 0.802908854496 0.256536368809
22 1.28140885214e+17 0.229047213465 0.763108129916 0.165776558404
23 1.12402283202e+17 0.224369311604 0.655710195525 0.228140767076
