13 8.01214033919e+17 0.158775487739 3.30754187449 0.421001541821
14 5.77639418814e+17 0.182823891439 2.7457634463 0.276872345915
15 4.98266338791e+17 0.206560453299 2.67597514091 0.310934145053
16 4.1829281914e+17 0.222170972825 2.41624558641 0.202783949635
17 3.5302778523e+17 0.226093135112 2.07524612735 0.281593126836
18 2.97083193093e+17 0.217066467101 1.67665677816 0.177789935805
19 2.50728484368e+17 0.195423660425 1.27395523289 0.251348801993
20 2.24741231486e+17 0.162891626499 0.951820083189 0.1622504547
21 2.33246698801e+17 0.122676867717 0.743963334769 0.230908074281
22 2.99227209177e+17 0.0799752741146 0.622200229987 0.155532821693
23 3.45867114483e+17 0.0421600427103 0.379126080286 0.137514074484
