09 9.7362456689e+17 0.186699338366 4.72615162384 0.457514295204
10 8.05520978555e+17 0.171577888126 3.59344929688 0.289332270969
11 6.55681617697e+17 0.176049277609 3.00123915356 0.283893773818
12 5.53148249967e+17 0.186537377233 2.68275341801 0.176996039341
13 4.57229689404e+17 0.196061139432 2.33076932105 0.22713956014
14 3.71358429667e+17 0.208732941368 2.01538317048 0.143855680491
15 3.47963386149e+17 0.217231842918 1.96530691867 0.20178329752
16 3.41393782631e+17 0.213026550192 1.89087443405 0.139161807557
17 3.25808737919e+17 0.196514882033 1.66468290813 0.195599892123
18 3.12565719958e+17 0.169097487994 1.37420603002 0.12580194443
19 2.83051257428e+17 0.145006436273 1.06715060718 0.177258079462
20 2.86761065702e+17 0.12454424048 0.928575417304 0.143969974467
21 2.86464536063e+17 0.107787900712 0.802812685234 0.220663312461
22 3.00314671895e+17 0.101933715128 0.795916945552 0.294002775161
