00 1.52971223786e+17 0.194156299843 0.772208496608 0.332532009266
01 1.42705367116e+17 0.209382553457 0.776880368125 0.373788178962
02 1.18324150745e+17 0.216531623617 0.666143932322 0.220504323292
03 1.07377887708e+17 0.212512236367 0.593296991383 0.316921492395
04 1.10119656799e+17 0.196598629211 0.562883712972 0.199745842996
05 1.63196583419e+17 0.169731823963 0.720190997974 0.289574413202
06 2.83459681706e+17 0.134426459579 0.990716517573 0.178124148189
07 4.3083756976e+17 0.0952100196761 1.06652139084 0.237832761767
08 5.65349927477e+17 0.0592213391984 0.870500275343 0.176007486961
22 2.3129424374e+17 0.1756778968 1.05646544334 0.715368449335
23 2.15322254149e+17 0.179191447651 1.00318156724 0.499786900543
