00 1.79196783722e+17 0.0705553272284 0.328725480559 0.116666573758
01 2.3936256867e+17 0.0613545985469 0.381835852006 0.173998264947
14 7.95356818025e+17 0.148122692147 3.0630702207 0.285193893479
15 6.19522971194e+17 0.156506117113 2.52093750178 0.271938205128
16 4.76432124844e+17 0.189668668507 2.34947041558 0.193448026526
17 3.58176605631e+17 0.214922483735 2.00148534815 0.265382823827
18 2.76616318602e+17 0.228677895577 1.64465697813 0.167518892556
19 2.10164622074e+17 0.229217676293 1.25250960408 0.237403515612
20 1.71603322946e+17 0.216244688222 0.964815983779 0.154932174338
21 1.51585466492e+17 0.190727085103 0.751697808369 0.231081766197
22 1.68243062731e+17 0.154853043182 0.677376706715 0.142886676
23 1.94931003625e+17 0.112128360719 0.568289641136 0.185362321742
