09 8.68433803096e+17 0.180973675582 4.08625509098 0.411890908185
10 6.94867759647e+17 0.179185320125 3.23726265089 0.248418677724
11 5.80942009475e+17 0.188298654091 2.84415556072 0.272371151592
12 5.06328767909e+17 0.199214224435 2.62256521301 0.16955711902
13 4.34933660063e+17 0.207519693006 2.34668978997 0.226852103685
14 3.6342550803e+17 0.211054528286 1.99426757827 0.139790582912
15 3.44789380444e+17 0.209477473943 1.8778658199 0.190893449016
16 3.45210879081e+17 0.201694695384 1.81030728059 0.131721243755
17 3.35128500511e+17 0.187497335712 1.63372822514 0.189289316894
18 3.27151483949e+17 0.170083027348 1.44671578458 0.132211427629
19 2.98144842273e+17 0.150445690705 1.16621977487 0.1900039655
20 2.9999886793e+17 0.131326438762 1.0243423569 0.163954531647
21 2.96058943232e+17 0.117022120532 0.900781578829 0.2475922982
22 3.0521802463e+17 0.115236411751 0.914477978961 0.348206333682
