09 8.94664039093e+17 0.176071978506 4.09565695401 0.402146008089
10 7.25958293148e+17 0.169478545514 3.19889324629 0.249035402449
11 5.97538948383e+17 0.177155187466 2.75228523489 0.265932252056
12 5.13997048558e+17 0.187647098418 2.50770142369 0.163093176409
13 4.33964261752e+17 0.200579459333 2.26315224179 0.221941055626
14 3.6016372875e+17 0.216190789046 2.02446609831 0.144661796934
15 3.44728772977e+17 0.219187163271 1.96456316802 0.202619632627
16 3.4509984901e+17 0.209367165902 1.87856701085 0.138187884984
17 3.38576289671e+17 0.187569751158 1.65117343045 0.193207936091
18 3.34383014493e+17 0.155654414737 1.35325300289 0.125288505001
19 3.14465384217e+17 0.131684373211 1.07666460245 0.176003072693
20 3.2582294038e+17 0.112060171003 0.949306134804 0.151856317354
21 3.28683550179e+17 0.0990385228176 0.846360665388 0.231909059138
22 3.07457974718e+17 0.102328371412 0.818003519596 0.336213461569
