00 1.12997715156e+17 0.163156307836 0.479343539968 0.137956626305
01 1.45893095377e+17 0.144575619983 0.548407202599 0.212641497798
02 1.97239319497e+17 0.129464919111 0.66392488615 0.226240547016
03 2.52204859727e+17 0.123902427207 0.812468651112 0.295862291501
04 3.43112651236e+17 0.13860378247 1.23647449314 0.421308737518
14 9.35752407256e+17 0.18490131165 4.4985680345 0.354457095207
15 7.0226215193e+17 0.184814927665 3.37450174909 0.316198698289
16 5.60834667789e+17 0.194180365549 2.8314801009 0.215325050149
17 4.03568668783e+17 0.205079266457 2.15185273054 0.256518501054
18 3.03136121845e+17 0.213515926715 1.68283413939 0.156697062542
19 2.09122369577e+17 0.217457809207 1.18235760096 0.21310642793
20 1.66631356428e+17 0.215970286684 0.935672967272 0.14469473719
21 1.30610371421e+17 0.20888947725 0.709361437452 0.209947412072
22 1.35258339009e+17 0.196699821481 0.69173756956 0.133386888063
23 1.30861451748e+17 0.180479145627 0.614061838182 0.198517562339
