00 1.36307624219e+17 0.159834752521 0.566454079978 0.172505003532
01 1.85120372114e+17 0.14608712064 0.703136255484 0.255025861938
02 2.49187938628e+17 0.140041636062 0.90731385192 0.342116828072
03 3.16143794392e+17 0.149581290426 1.22951911485 0.398308150129
12 1.07962771682e+18 0.200918266105 5.63984015149 0.526222249245
13 9.316092948e+17 0.190866885797 4.62314748683 0.411498620902
14 6.85711978871e+17 0.194944352046 3.47556761269 0.244755188939
15 5.36026053196e+17 0.204744341012 2.85345582669 0.274511651759
16 4.5891129775e+17 0.214899868569 2.56411941685 0.187107940118
17 3.58270193697e+17 0.222473670263 2.07234780838 0.242810462111
18 2.87081852128e+17 0.22587114319 1.68593115936 0.154870176762
19 2.08218417644e+17 0.224347940332 1.21454770158 0.212826676423
20 1.75388732679e+17 0.217810935423 0.993241182113 0.149491389014
21 1.40782933535e+17 0.206727442866 0.756696092069 0.218920061012
22 1.51182560666e+17 0.192085344193 0.755038809237 0.150453337163
23 1.54014994668e+17 0.175399977991 0.702369893549 0.220707098513
