00 3.82483574724e+17 0.213163388469 2.11981886537 0.589841401911
01 2.95394371792e+17 0.208201389466 1.59903948484 0.54242413449
02 2.2876461205e+17 0.206221760892 1.22658226929 0.400759374849
03 1.82888511999e+17 0.208143264992 0.989742312443 0.386418821897
04 1.69145002426e+17 0.213031784489 0.936864804314 0.26997268806
05 2.01542436821e+17 0.219270811565 1.14900171585 0.316292046038
06 2.31510462369e+17 0.225311161656 1.35620917151 0.209713786031
07 2.80371204016e+17 0.229943455077 1.67620760724 0.256265324655
08 3.12200781831e+17 0.232339010188 1.88594693639 0.175274679553
09 3.53337836666e+17 0.232035904243 2.13166367529 0.260527430568
10 3.83592362715e+17 0.228916771612 2.28307885748 0.182916753131
11 4.1648965744e+17 0.223186492249 2.41682650826 0.241808301372
12 4.57985916841e+17 0.215347124806 2.56427471023 0.177881180446
13 5.27560664329e+17 0.206181567384 2.82810540121 0.26700071825
14 5.67302495973e+17 0.196730233132 2.90174435952 0.210740316607
15 6.09839159199e+17 0.188277293946 2.98529053254 0.284111097174
16 7.16468846091e+17 0.182323366441 3.39635431121 0.278106215163
17 7.9845571598e+17 0.180463423955 3.74639336194 0.367448471874
18 8.28935404062e+17 0.183954716598 3.96465101065 0.437335972752
19 7.06919933842e+17 0.192712923717 3.5420477894 0.501136941688
20 7.24684736494e+17 0.20424641182 3.84837068538 0.623600304692
21 7.36932270603e+17 0.214205523749 4.10422903779 0.610893878359
22 6.53209946527e+17 0.218959592251 3.7186911722 0.708521042314
23 4.15778305494e+17 0.217739905753 2.35381975536 0.615956731137
