04 3.57222364437e+17 0.204021871741 1.89491056092 0.542648742012
05 3.81654501195e+17 0.189038174511 1.8758290252 0.403486960407
06 3.58935406275e+17 0.19107214229 1.78314648253 0.261123878321
07 3.61195958697e+17 0.200588396301 1.88374467074 0.268490325633
08 3.48060887651e+17 0.211154186757 1.91085735552 0.176957088059
09 3.51832227862e+17 0.219343898066 2.00647856044 0.244529464191
10 3.49377237323e+17 0.223334945235 2.02873180026 0.148563350219
11 3.57206957443e+17 0.222259447002 2.06420814149 0.210261245305
12 3.78396862601e+17 0.215950188524 2.12458671921 0.136541971281
13 4.04711556645e+17 0.204836477674 2.15539193317 0.206100708304
14 4.14034807261e+17 0.189894020472 2.04419108832 0.138429511533
15 4.56705340157e+17 0.172646528184 2.05006337591 0.203221546293
16 5.48193623108e+17 0.155265957456 2.21301100183 0.170285183227
17 6.70155510653e+17 0.140921475295 2.4554218842 0.251697587099
18 8.01890854185e+17 0.134764027988 2.80971707944 0.305953131153
19 8.65689059841e+17 0.145577549981 3.2766472018 0.397650179916
