00 3.00812136915e+17 0.0687928459165 0.5380367976 0.216835097773
12 1.0027875289e+18 0.165750610973 4.32152878536 0.3906250976
13 7.94079003409e+17 0.150204116785 3.10112231947 0.308799081336
14 5.560193155e+17 0.163208449716 2.35942331287 0.192939012162
15 4.5914477029e+17 0.195613356211 2.33518608708 0.247914190937
16 3.89677044983e+17 0.218562757458 2.21439112621 0.170427976767
17 3.21815507913e+17 0.229306827604 1.91865682303 0.243536738977
18 2.69595733139e+17 0.226630170055 1.58856169803 0.152804686234
19 2.18228983447e+17 0.210610158842 1.19499226256 0.217294117963
20 1.94002469907e+17 0.182525787968 0.920671795879 0.143393406955
21 1.82972895037e+17 0.144844188099 0.689066571071 0.203177903459
22 2.16975680834e+17 0.101332459499 0.571653664152 0.127797898005
23 2.85662574889e+17 0.072376333154 0.537555451934 0.164120977533
