00 1.17554972066e+17 0.147849831581 0.451892553357 0.133456644699
01 1.56856186056e+17 0.128822299174 0.525370937709 0.205279812816
02 2.21681254571e+17 0.11508713386 0.663329165696 0.235732589295
03 2.83870401914e+17 0.114816072154 0.847414998264 0.309479531578
14 9.12472545301e+17 0.179182148218 4.25096856229 0.337420025449
15 6.84165530306e+17 0.179267017263 3.18885616224 0.302041230172
16 5.41154536673e+17 0.188930522288 2.65825584056 0.204178785956
17 3.8986866367e+17 0.19968679074 2.02414217872 0.245150060008
18 2.92957260969e+17 0.20745670094 1.5801746188 0.149681351647
19 2.05024896392e+17 0.21025340477 1.12078674575 0.204189544423
20 1.6351066903e+17 0.209980952144 0.892687275184 0.139401692115
21 1.30560428345e+17 0.200519550655 0.68067787905 0.2030824419
22 1.36493038997e+17 0.184334428482 0.654169524716 0.127936944172
23 1.35536193096e+17 0.166394739463 0.58636524799 0.190066336296
