00 1.17065942831e+17 0.218533527817 0.665153670326 0.210192383806
01 1.14750625329e+17 0.223921050727 0.668072095476 0.304776334263
02 1.06824998871e+17 0.216747769084 0.602006084882 0.180496018116
03 1.05511539911e+17 0.197043488145 0.540549408452 0.271750641714
04 1.14483415218e+17 0.166296544477 0.494993105118 0.173601749476
05 1.61434519842e+17 0.12748385472 0.535087666731 0.242187293147
06 2.93939532188e+17 0.0855713940769 0.653973204135 0.154912665871
07 4.31833340215e+17 0.0479108116739 0.537926631776 0.153109593008
21 2.48518953992e+17 0.16158596276 1.04408653557 0.486494291578
22 1.87735459492e+17 0.181285667484 0.884877450196 0.329567048714
23 1.59000894279e+17 0.203638335629 0.841845614338 0.338869935855
