00 2.28934549032e+17 0.153557546901 0.914020321508 0.31604242647
01 3.37205850298e+17 0.161527142078 1.41616532956 0.41733757939
02 3.80193007924e+17 0.186847294232 1.84698890523 0.615392166537
09 1.03625562449e+18 0.213705881876 5.75780197412 0.642013270515
10 9.05559711562e+17 0.198989230067 4.68511237436 0.434657734067
11 7.78831520967e+17 0.197561849447 4.00055228794 0.355814368514
12 6.56605352015e+17 0.204255423301 3.48699530705 0.244823977798
13 5.68064482131e+17 0.213716666581 3.15652603564 0.29388394799
14 4.57129710744e+17 0.22249647841 2.64445352125 0.179198175376
15 4.00823190623e+17 0.228541357459 2.38172157823 0.233448486505
16 3.79449550982e+17 0.230692963378 2.27594487558 0.164691799574
17 3.34220288881e+17 0.228442790832 1.98510560416 0.228019163395
18 2.95860083591e+17 0.221820990635 1.70632739761 0.154456525117
19 2.325880405e+17 0.211342944891 1.27805187707 0.215772819005
20 2.13054451193e+17 0.197971723378 1.09664767878 0.166497795803
21 1.82590959753e+17 0.183129659216 0.869383326119 0.245163479681
22 2.07081545941e+17 0.168764572548 0.908648743166 0.209267306811
23 2.38287160657e+17 0.157591058808 0.976350074657 0.284334988725
