13 7.94626622829e+17 0.16806453615 3.47226242424 0.483888570635
14 5.82573740455e+17 0.187400781561 2.83854413124 0.310095137045
15 5.12885988671e+17 0.207493427011 2.76693225783 0.332100166981
16 4.3123605012e+17 0.219942978114 2.46603086947 0.214144655225
17 3.68383227114e+17 0.221079018299 2.11748685741 0.294228499237
18 3.10995416528e+17 0.209711322981 1.69570076627 0.186529271284
19 2.66736690204e+17 0.186316143419 1.29213113711 0.264224418359
20 2.3953093539e+17 0.152829092051 0.951789679719 0.168936051651
21 2.57677985123e+17 0.112829043341 0.755912574337 0.24111020194
22 3.40713461264e+17 0.0722240196253 0.639800088536 0.172294516234
