13 8.30830206115e+17 0.180694097238 3.90327896535 0.684728716132
14 6.62442797852e+17 0.185376320454 3.19283141781 0.452907022598
15 5.82768856419e+17 0.199516280369 3.02306873824 0.405809595014
16 4.76810365431e+17 0.210543025406 2.61011651895 0.251056815749
17 4.00412737295e+17 0.212565492702 2.21296220047 0.331613213531
18 3.27878549666e+17 0.203389112937 1.73386011156 0.216520372496
19 2.78397641658e+17 0.182930160427 1.32411045652 0.29835458103
20 2.38396550568e+17 0.152741255645 0.946737700352 0.195843260978
21 2.57766427109e+17 0.116141163539 0.77836961191 0.279606141332
22 3.29532733676e+17 0.0789284804158 0.676247465825 0.211290046361
