00 1.38679533698e+17 0.22681230213 0.817809831706 0.208748557066
01 1.31046911792e+17 0.227642544125 0.7756281624 0.285875935246
02 1.26088785956e+17 0.226855174457 0.743701231915 0.217903847729
03 1.19292097461e+17 0.224440994636 0.696124962162 0.272216655713
04 1.17394834178e+17 0.220580091635 0.673269045292 0.206986937912
05 1.60314967157e+17 0.215622601533 0.898755787362 0.286216158061
06 2.24767848474e+17 0.210068887349 1.22763502786 0.213997642605
07 3.26505315091e+17 0.204532678565 1.73630617319 0.285221269369
08 4.32014225384e+17 0.199687495355 2.24296380425 0.22527214746
09 5.56306509741e+17 0.196189086103 2.83767290922 0.336347735923
10 6.71485083901e+17 0.194543678728 3.39646263926 0.352750336446
11 7.94254864306e+17 0.194937172761 4.02557474018 0.380206190097
12 8.51974734038e+17 0.197062833127 4.36520642591 0.394481052941
13 1.00456929228e+18 0.200119336232 5.22687723922 0.483798753579
14 1.00639739401e+18 0.20309059104 5.31413588083 0.478257958913
15 9.86035730596e+17 0.205240076207 5.26172526076 0.461152352936
16 9.11781114872e+17 0.206485760009 4.89501522812 0.436616109176
17 8.05682255708e+17 0.207368357926 4.34389816578 0.448104052479
18 6.41608699721e+17 0.208641859675 3.48052723963 0.371439385851
19 4.01405993576e+17 0.21082147656 2.20025011091 0.387325405148
20 3.34019735873e+17 0.213961865793 1.85815463338 0.302043956107
21 2.26557844194e+17 0.217712019707 1.28243351184 0.349665692633
22 2.2161013626e+17 0.221507494085 1.27629595462 0.252624101482
23 1.68578310445e+17 0.224746016322 0.985069896481 0.301847159781
