00 9.27248484915e+16 0.220611013585 0.531859193065 0.136668239587
01 9.92037129372e+16 0.210324703193 0.542489778457 0.21377693532
02 1.06664665983e+17 0.196478120866 0.544889101515 0.158522468405
03 1.14829083225e+17 0.180479439877 0.538831504174 0.219212441507
04 1.28598761807e+17 0.164301828315 0.549354303785 0.184362226698
05 1.84493854386e+17 0.150750346347 0.723125323634 0.263513555384
06 3.20663069733e+17 0.144152592036 1.20183472948 0.293384878686
07 5.10726333202e+17 0.151490212026 2.01162105311 0.375959936125
08 6.77142095948e+17 0.180102564757 3.17083073281 0.548228905953
16 9.99968333683e+17 0.20130044396 5.23364580742 0.527319319577
17 7.3581562499e+17 0.192681101061 3.68622188483 0.405952134917
18 5.07633202182e+17 0.196987791413 2.59993612699 0.263673448565
19 2.95063046103e+17 0.206597218849 1.58493932246 0.287655581823
20 2.1970286791e+17 0.216537687019 1.23692272207 0.190179169132
21 1.49767283538e+17 0.224013447271 0.872297022321 0.255499821117
22 1.3919206596e+17 0.227479377752 0.823246438367 0.161113920999
23 1.1505390966e+17 0.22619935881 0.676653135435 0.221013344846
