05 4.86485989434e+17 0.211216537069 2.67160103655 0.601024727196
06 4.89787042147e+17 0.194941557789 2.48247607351 0.39201187895
07 4.92308739911e+17 0.19435754492 2.48778186882 0.333653776022
08 4.5734801124e+17 0.202254323031 2.40501592248 0.222051983657
09 4.34893629666e+17 0.212432663924 2.40202591912 0.282642936512
10 4.04615824322e+17 0.221275583176 2.32782166471 0.171505116535
11 3.92689017033e+17 0.226750990136 2.31510820912 0.231107511759
12 3.93209402034e+17 0.227782493275 2.32872166734 0.150456759264
13 3.94693178152e+17 0.223981872151 2.29850704116 0.219663593357
14 3.77005211547e+17 0.215528374406 2.11263833007 0.141368165068
15 3.88444634084e+17 0.203116403044 2.05138639828 0.203706644361
16 4.3373171903e+17 0.187931645305 2.11930980503 0.155686401123
17 4.74526953773e+17 0.171681367993 2.1181533509 0.229410467684
18 5.20286313748e+17 0.156749660683 2.12042228159 0.207977887067
19 4.97119894052e+17 0.146650712471 1.89547765281 0.287335757993
20 4.45477494041e+17 0.147030756954 1.70297122203 0.388249527529
21 6.56579242008e+17 0.165837010329 2.83101360201 0.460391919391
