08 8.32897269369e+17 0.173281853267 3.75247554284 0.381356458345
09 7.00342385029e+17 0.162223450905 2.95391092138 0.324736012775
10 5.66392164394e+17 0.168199707984 2.47694191304 0.189030263243
11 4.90230715668e+17 0.181312698028 2.31101139656 0.232332632453
12 4.46099945005e+17 0.20769417512 2.40896136257 0.153202319448
13 3.98393013251e+17 0.222395277289 2.30361884095 0.228005969964
14 3.48835309346e+17 0.224101396163 2.03253647623 0.144963835298
15 3.52600090638e+17 0.212642369881 1.94942069123 0.202905589807
16 3.72796064012e+17 0.188959988654 1.83153204067 0.135815809414
17 3.96314519345e+17 0.15507971502 1.59796891068 0.185113140164
18 4.28421669005e+17 0.116729233334 1.30024265714 0.124727049044
19 4.53979453194e+17 0.0973469557496 1.14903146127 0.177924403803
20 4.77149141282e+17 0.0863032791788 1.0706679243 0.205447857011
21 4.71365527372e+17 0.0943988509769 1.15690546853 0.288117502231
