07 7.54015246936e+17 0.183369652411 3.59485135733 0.413005953972
08 6.78396638058e+17 0.166683492436 2.94001554309 0.290572504524
09 5.64881167634e+17 0.170607666398 2.50569950286 0.288108198261
10 4.77000882685e+17 0.180676136385 2.24074958993 0.164981728819
11 4.3277991605e+17 0.196330791988 2.20916861554 0.223416794262
12 4.10746180842e+17 0.215438244364 2.30075133807 0.146695166117
13 3.84325488037e+17 0.222044293336 2.21876931646 0.218054705421
14 3.49657098198e+17 0.21562093429 1.96022814506 0.137272250237
15 3.6265352172e+17 0.196709633329 1.85477347336 0.191504149469
16 3.97284271596e+17 0.166910896275 1.72408792004 0.12829227314
17 4.42074567022e+17 0.13240029553 1.52180088632 0.172635577969
18 5.03077481944e+17 0.111844396951 1.46292633727 0.143017038415
19 5.53016792248e+17 0.0963762909027 1.38574038834 0.206565145308
20 5.19009670522e+17 0.0945653276706 1.27608830848 0.290005526317
