12 9.40074907386e+17 0.146227328513 3.57408070003 0.454356384099
13 7.38535098413e+17 0.165742165615 3.18256657144 0.383846647632
14 5.29787266519e+17 0.191946666418 2.64396339269 0.251312813906
15 4.65849765832e+17 0.213855193591 2.59023418826 0.295754102819
16 4.0235873365e+17 0.225780859363 2.36196741704 0.195102762701
17 3.49017317064e+17 0.225225537109 2.0437979301 0.272296066835
18 3.01389022859e+17 0.211585999649 1.65801213981 0.170556036577
19 2.60422826419e+17 0.185719825764 1.25750773063 0.243952216305
20 2.4095689366e+17 0.149860607411 0.93885860754 0.156935027894
21 2.56795717054e+17 0.10781292683 0.719833344176 0.218015939309
22 3.38801109441e+17 0.0655986472483 0.577847256105 0.151523716523
23 3.06799520713e+17 0.0414437961652 0.3305883568 0.145116689919
