10 8.88598819265e+17 0.151924598611 3.51000049252 0.398290572142
11 7.33370154096e+17 0.175149685057 3.33968833953 0.363614969572
12 6.04767371938e+17 0.200670110236 3.15532711504 0.232663732571
13 4.87820527887e+17 0.219387388537 2.78256346388 0.3006434633
14 3.98459297258e+17 0.226977283395 2.35147142972 0.193434951187
15 4.01317541036e+17 0.221699214223 2.31326637104 0.260808268309
16 4.04268288166e+17 0.203496609753 2.13894787788 0.170259699814
17 4.20104620911e+17 0.173718006181 1.89747316543 0.238479673001
18 4.37359740411e+17 0.135119154018 1.53648763127 0.157424746672
19 4.68724215063e+17 0.0922147034829 1.12380487719 0.199936900433
20 5.45721094487e+17 0.0519003381641 0.736400843026 0.135587724769
