00 9.99367991872e+16 0.217535183171 0.565234017834 0.165261030461
01 1.12541393646e+17 0.195080194569 0.570819521208 0.255136587171
02 1.26661828926e+17 0.161782166628 0.532782252929 0.158402093072
03 1.44392254137e+17 0.120927248158 0.453984906651 0.219469020563
04 1.79376405128e+17 0.0777616670147 0.362663815432 0.149239588687
05 2.02960013992e+17 0.0398142812272 0.21009838395 0.127284311282
18 4.3563025033e+17 0.152925968849 1.73209863038 0.488375814673
19 3.36492246609e+17 0.159290938931 1.39360431354 0.387244968833
20 2.00876967443e+17 0.18593687209 0.971111310033 0.257983517023
21 1.65061111235e+17 0.209874635466 0.9006956543 0.32253140779
22 1.43219363448e+17 0.224580337804 0.8362705786 0.211361141676
23 1.24488491434e+17 0.227083702619 0.735001996777 0.274307376195
