00 8.81395343633e+16 0.201920715783 0.462727144552 0.121666486101
01 9.65969645666e+16 0.186770247593 0.46907741371 0.190695529122
02 1.06714187561e+17 0.169259921601 0.46962331053 0.136267577136
03 1.17972626381e+17 0.149555850495 0.458730908314 0.193319552858
04 1.39493155813e+17 0.130425692603 0.473030777964 0.163228415533
05 1.95063817074e+17 0.11622515538 0.589454383658 0.239059264731
06 3.58657723058e+17 0.114787158966 1.07040182785 0.318649072551
17 7.38554552016e+17 0.179917086148 3.45484315696 0.397103439631
18 5.09973731053e+17 0.179271339036 2.37701551462 0.251045754364
19 2.95009947629e+17 0.18872728555 1.44758709228 0.274866245708
20 2.07804708991e+17 0.199556594758 1.07818880263 0.173400222066
21 1.43573559732e+17 0.207553941542 0.774780713812 0.234574956263
22 1.30768717746e+17 0.210659090683 0.716238098423 0.145437520181
23 1.09694815496e+17 0.209744273657 0.598204344405 0.200796498658
