03 2.44896250244e+17 0.213182341972 1.35739646034 0.614034231065
04 2.97232161932e+17 0.196205216982 1.51628102147 0.424776393984
05 3.06127935851e+17 0.194722125418 1.54985694029 0.363324213477
06 3.02383551058e+17 0.202107859924 1.58896640189 0.234834686388
07 3.21737428238e+17 0.212150735776 1.77467763532 0.258787235957
08 3.23120763798e+17 0.221140527391 1.85783249905 0.172024514383
09 3.38290888731e+17 0.22696630582 1.996296466 0.244358847974
10 3.45662425155e+17 0.228491167672 2.05350108974 0.153455977826
11 3.60535494826e+17 0.225266120075 2.11162723379 0.2147255527
12 3.882072315e+17 0.217412973076 2.19443349762 0.142789627865
13 4.25769214549e+17 0.205561999424 2.27557124693 0.217051101601
14 4.45083912644e+17 0.19082979416 2.20831705728 0.152086000847
15 4.930759383e+17 0.174835470638 2.24138625706 0.219866076913
16 5.97683224868e+17 0.15982728916 2.48367832978 0.193834669203
17 7.27577243238e+17 0.149073021463 2.82001558793 0.28320962147
18 8.53728280051e+17 0.147720342447 3.27893888103 0.357783982201
19 9.03548943878e+17 0.16326005248 3.83534964789 0.451325294557
