00 1.00242288842e+17 0.22247785338 0.579843920229 0.160267312963
01 9.69807374382e+16 0.230025243335 0.58000846093 0.247742308143
02 9.27109849222e+16 0.224053095953 0.540076763217 0.150293258806
03 9.09290285097e+16 0.204929558835 0.484485188143 0.223110943054
04 9.7181821267e+16 0.17421997246 0.440206369843 0.138165513042
05 1.34796320573e+17 0.134692482194 0.472057326223 0.195927553774
06 2.43568467227e+17 0.0904875413851 0.573037705716 0.117643513164
07 3.97076586569e+17 0.0691198435788 0.713592660364 0.163624572256
08 5.82387683662e+17 0.0709890391889 1.07492169456 0.23502348019
20 3.50778245013e+17 0.157569706023 1.43707264859 0.35873960762
21 2.43235757232e+17 0.149528691901 0.945638839663 0.296074042306
22 1.77665429491e+17 0.174126178271 0.804341258449 0.203164850173
23 1.35038548838e+17 0.203980850868 0.716177230389 0.25504085659
