00 1.23428710355e+17 0.214383187738 0.687987049992 0.22627111259
01 1.20568618886e+17 0.220721129546 0.691913085458 0.320605615293
02 1.10419669516e+17 0.215059065081 0.617415523212 0.189521538794
03 1.08187919018e+17 0.197107436933 0.554440729043 0.284395604348
04 1.16790768543e+17 0.168112131899 0.510482572232 0.183153510577
05 1.66555117122e+17 0.130847300781 0.566625475175 0.256044864577
06 3.03314950127e+17 0.0900896584165 0.710464046489 0.165088295374
07 4.4516135259e+17 0.0531301635493 0.614938882192 0.172297818305
21 2.39336816629e+17 0.16658060071 1.03659063784 0.570273803616
22 1.92580909263e+17 0.179538158429 0.898966166739 0.384442880467
23 1.68602123089e+17 0.199591695359 0.874941173299 0.365213303934
