10 9.75087097488e+17 0.160124303332 4.0595136965 0.459110011726
11 8.49037811608e+17 0.148281651134 3.27331494309 0.346530389396
12 6.78936939725e+17 0.178209532331 3.14581889728 0.238684496732
13 5.18521938522e+17 0.205501460991 2.77048241398 0.295277091821
14 4.04455802481e+17 0.223731386858 2.35272589791 0.189881822735
15 3.88147783682e+17 0.229776933393 2.31887259338 0.255747055898
16 3.73278008001e+17 0.222478663466 2.15920620036 0.169362054077
17 3.62516737548e+17 0.202138675089 1.90524497866 0.237198063088
18 3.51876072411e+17 0.170376708127 1.55873865904 0.152882192849
19 3.42332443658e+17 0.130166112397 1.15856216679 0.206503927314
20 3.69658260669e+17 0.08617255558 0.82821432234 0.133791254584
21 4.05547829186e+17 0.0469505904717 0.495058461165 0.137408521587
