00 8.81100630305e+16 0.204386184389 0.468220469315 0.124200265299
01 9.80832083254e+16 0.181969176465 0.464051136744 0.190382506365
02 1.10396713156e+17 0.1567529181 0.449930180334 0.131389848795
03 1.24214935329e+17 0.13621813808 0.43992850752 0.186820576706
04 1.50826901226e+17 0.117184740743 0.459539894249 0.162652173866
05 2.06632321699e+17 0.104992243627 0.564064567587 0.237865492033
06 3.77035851035e+17 0.109423074015 1.07266696769 0.338856318104
17 7.12354561627e+17 0.175004439537 3.24129548104 0.377742708317
18 4.9099622864e+17 0.174516431255 2.22785964913 0.239329202413
19 2.88215890343e+17 0.184027620718 1.37903179838 0.264981133823
20 2.00211516941e+17 0.194505237819 1.01249690663 0.165771120121
21 1.40677298821e+17 0.201733536911 0.737862555409 0.226044692876
22 1.28562477184e+17 0.214030508345 0.715423600992 0.14741268028
23 1.09238714971e+17 0.214888555761 0.610327892028 0.206419465962
