00 9.29998710475e+16 0.209340369846 0.506184312418 0.130558169627
01 1.03886666941e+17 0.195426807853 0.527858232167 0.208521993915
02 1.17486246962e+17 0.178884730094 0.546428885017 0.16302202727
03 1.32374972695e+17 0.161676491662 0.556449950398 0.223450621358
04 1.54752676738e+17 0.146604913557 0.589875072691 0.210953190721
05 2.26410608151e+17 0.138046439567 0.812634636723 0.292598567908
06 4.05586183579e+17 0.143425412853 1.51245551151 0.409351610273
15 1.18473668112e+18 0.207102513893 6.37941056899 0.561017617832
16 9.02433126048e+17 0.190913825086 4.47946095943 0.406064985463
17 6.22109075114e+17 0.191764754533 3.10176344613 0.348986728398
18 4.31913714261e+17 0.200735309736 2.2542086635 0.221979867634
19 2.60935244773e+17 0.211275727257 1.43336137376 0.261093755286
20 1.96011487263e+17 0.21981614248 1.12024871431 0.173493875087
21 1.39061468323e+17 0.224429101872 0.811445451459 0.239447835773
22 1.32223324032e+17 0.224157284923 0.770609354284 0.150050924732
23 1.13522553323e+17 0.218748344235 0.645654634892 0.211498731767
