09 7.91586404706e+17 0.149626551236 3.07950093728 0.346958424377
10 6.42153023672e+17 0.15342273893 2.5615427683 0.211013452246
11 5.43097422398e+17 0.187157741584 2.64276706293 0.271717874604
12 4.83169306951e+17 0.213246237689 2.67888495872 0.170137417178
13 4.19204914498e+17 0.227995590625 2.48499867392 0.251085530442
14 3.612650035e+17 0.229594761096 2.15655835645 0.158505696518
15 3.68981375321e+17 0.217660532831 2.08812975169 0.222331337041
16 3.87708493161e+17 0.193069590549 1.9462227207 0.147630406588
17 4.17259981161e+17 0.157915316948 1.71318529655 0.202961874205
18 4.57012399208e+17 0.115582047502 1.37338314969 0.133729742165
19 5.06291794705e+17 0.0710648250001 0.935467982533 0.148521446559
20 5.66626708875e+17 0.0624257065959 0.919673889618 0.176104771214
