00 1.30205627753e+17 0.173119487219 0.586069419252 0.173197330303
01 1.69558690011e+17 0.159304581443 0.702298379697 0.256072620104
02 2.19106312389e+17 0.150659550816 0.858271923744 0.314522299823
03 2.76230914246e+17 0.152576951229 1.095808239 0.364795965643
04 3.13139192089e+17 0.171914229347 1.39966015504 0.539401788374
12 1.07404339516e+18 0.204816100129 5.71951586874 0.54333307769
13 9.53525347779e+17 0.195361613275 4.84333850625 0.436986225412
14 7.13065908734e+17 0.198366045698 3.67764968058 0.258987088715
15 5.59588399263e+17 0.207172322885 3.01421194191 0.287125324132
16 4.81663627573e+17 0.216930416707 2.71667477749 0.197864469683
17 3.74968291638e+17 0.224776443258 2.19138501215 0.253800217641
18 2.98869204991e+17 0.229067189304 1.77998934768 0.164517202715
19 2.13185802407e+17 0.228960418443 1.26908887365 0.22191276957
20 1.78545670245e+17 0.224225398164 1.04089632403 0.157222836392
21 1.40969325425e+17 0.215158038532 0.788597772341 0.227932987116
22 1.4994287149e+17 0.202537003579 0.789593477391 0.155844874029
23 1.47918433806e+17 0.187610046735 0.721525591263 0.227300078349
