00 1.06686490813e+17 0.210702064894 0.584455661678 0.155433182222
01 1.21844081297e+17 0.198185802702 0.627841943461 0.23787231579
02 1.39325719254e+17 0.185059894149 0.670373674291 0.207615321854
03 1.58718875349e+17 0.173216795955 0.714812151186 0.270960678243
04 1.78572475422e+17 0.165192954182 0.766971783517 0.290292065978
05 2.70105652557e+17 0.164413183092 1.15463218281 0.36513026354
06 4.31660505006e+17 0.17478060347 1.96159297254 0.506141079419
07 5.69558984142e+17 0.197357982465 2.92258231212 0.529767178113
13 1.35349341982e+18 0.216917118223 7.6334931962 0.653434907336
14 1.03524423123e+18 0.204050498366 5.49229463413 0.455136517702
15 8.19126703466e+17 0.200982587411 4.28038531128 0.391506932505
16 6.79498406989e+17 0.205470965524 3.63004703766 0.279157536406
17 5.02495413884e+17 0.21350490862 2.78941617301 0.311281544968
18 3.77137724205e+17 0.221915860908 2.17601391145 0.205774523914
19 2.4437186621e+17 0.228601949065 1.45246100772 0.255792923201
20 1.95261266459e+17 0.232262335828 1.17914778396 0.179780900274
21 1.43038264118e+17 0.232201658127 0.863556774695 0.249756737032
22 1.42872363839e+17 0.22822390616 0.847779112896 0.165673651995
23 1.26271031826e+17 0.220580846939 0.724177249747 0.232148448305
