00 1.57585300777e+17 0.16801664029 0.688400772687 0.212465009756
01 2.1213773479e+17 0.15978105629 0.881285374936 0.303348076466
02 2.65958677792e+17 0.16001916793 1.10652064443 0.429392771433
03 3.25337327355e+17 0.173660646017 1.46895555148 0.453201872368
04 3.04904584417e+17 0.201592440881 1.59812794463 0.633822106864
10 1.15739663945e+18 0.220557189689 6.63707590395 0.637668351443
11 1.07628199594e+18 0.203884283334 5.70536156861 0.497925797075
12 8.44990581332e+17 0.198880976111 4.36936634212 0.357936049093
13 7.40162601421e+17 0.203058959325 3.90771283698 0.356446523724
14 5.75310117815e+17 0.211483696958 3.16338647593 0.213712570613
15 4.75694386076e+17 0.220432917494 2.72632623531 0.263118099904
16 4.29829417674e+17 0.227546593606 2.54296171541 0.184971900632
17 3.55041864221e+17 0.231409840824 2.13616471342 0.245468158951
18 2.96638028987e+17 0.231280275636 1.78376965281 0.163733336926
19 2.1953432748e+17 0.226957310639 1.2954479345 0.222760955376
20 1.91080548928e+17 0.218713720556 1.08659038233 0.163379625696
21 1.54522855547e+17 0.207262520741 0.832696710371 0.238322944705
22 1.68993923322e+17 0.193735600783 0.851243620846 0.1766908719
23 1.7460357062e+17 0.179708744184 0.815822498559 0.250424195562
