00 1.43956950361e+17 0.134897225649 0.50490422363 0.166677595872
01 1.91938746244e+17 0.094434224822 0.471265254586 0.225738373681
02 2.62974419349e+17 0.0570014894158 0.38973827311 0.172427106472
16 6.15631066427e+17 0.167712340507 2.68447210302 0.596228277507
17 5.16126365105e+17 0.177795089096 2.38588305978 0.458958614381
18 3.52251858354e+17 0.197186893058 1.80594568759 0.300102231954
19 2.55111861289e+17 0.213308148081 1.41485340581 0.337545241825
20 1.71660896823e+17 0.220039527726 0.982076749317 0.215989938674
21 1.53593330955e+17 0.21492150966 0.858273274625 0.311023742968
22 1.58822999968e+17 0.197560129652 0.815804404099 0.197096922796
23 1.63349184025e+17 0.169123555643 0.718281065157 0.268508009353
