02 2.70464234072e+17 0.212746407741 1.49604764975 0.566972473217
03 2.22735704256e+17 0.200750452668 1.16257162982 0.475065572335
04 2.21884789511e+17 0.199977988638 1.15367392181 0.317886846247
05 2.38537030122e+17 0.206306685266 1.27950638394 0.329180770189
06 2.5317335406e+17 0.215225547762 1.41672371896 0.2098129771
07 2.86447053191e+17 0.223631047883 1.66551982137 0.249550275739
08 3.02374655435e+17 0.229593541714 1.80500496971 0.167517890388
09 3.29674435428e+17 0.231985476786 1.98847170826 0.244597400215
10 3.48860254865e+17 0.230284023964 2.08876052557 0.160121299336
11 3.73323554252e+17 0.224474067009 2.17883786986 0.221075754757
12 4.10156433262e+17 0.214993620533 2.29270643086 0.152608098905
13 4.65022694301e+17 0.2027089428 2.45087072723 0.233025789776
14 5.00746793229e+17 0.188900763278 2.4593777377 0.173926291191
15 5.57286904252e+17 0.175315952619 2.54023339703 0.245289704052
16 6.81002169897e+17 0.164314580238 2.90936322788 0.235720438307
17 8.2146840787e+17 0.159222211122 3.40069642297 0.330661229356
18 9.42530856047e+17 0.164599990978 4.03365483044 0.437913006549
19 9.61262050942e+17 0.18447480125 4.61054427071 0.518827943682
