00 3.16131922638e+17 0.139063241462 1.14302057718 0.400428038117
09 1.09063594498e+18 0.210697976604 5.9746644573 0.626088045308
10 9.12606739547e+17 0.19027840039 4.51488311523 0.398942445785
11 7.55043662629e+17 0.188939534204 3.70909754593 0.329587398843
12 6.3278925306e+17 0.197418815839 3.24803713038 0.219486913408
13 5.27181587543e+17 0.208175865721 2.85340856786 0.269689376126
14 4.19525199421e+17 0.217164352944 2.36875388038 0.163312215301
15 3.73662186965e+17 0.222243050255 2.1591394291 0.213906084802
16 3.55499552655e+17 0.222342966661 2.05511345478 0.148393234694
17 3.19115740605e+17 0.217147618466 1.80167580027 0.209590978371
18 2.88623479183e+17 0.206958390695 1.55305931998 0.138550929421
19 2.36998444563e+17 0.192638452985 1.18703035673 0.19982466346
20 2.22391695732e+17 0.175596494402 1.01533125602 0.154741860446
21 2.00957790574e+17 0.157862387451 0.824815591522 0.231084023541
22 2.3157347215e+17 0.142367413152 0.857181420797 0.213894648521
23 2.92912048979e+17 0.133770199562 1.0187554844 0.29026418197
