00 1.80872483461e+17 0.129054322209 0.606901769743 0.207937425001
01 2.68330622336e+17 0.124925639244 0.871555737625 0.298192992551
02 3.73273346447e+17 0.142144591833 1.3795284743 0.462351850929
11 1.20228602233e+18 0.202293227223 6.32357230704 0.533885349161
12 9.42644006752e+17 0.184361904161 4.5184787448 0.368966787087
13 7.56388932893e+17 0.185959821663 3.65710672779 0.331046479917
14 5.5281204913e+17 0.195790885763 2.81412457975 0.198204609346
15 4.49569930473e+17 0.206556664055 2.41440329254 0.237133598502
16 3.9544298707e+17 0.214579301371 2.20620087734 0.160697208755
17 3.23596065598e+17 0.217980757599 1.83398060392 0.218108297652
18 2.7000809211e+17 0.215922776617 1.51582332089 0.139153302424
19 2.06795792076e+17 0.208314039834 1.12004013857 0.19595987349
20 1.81650142415e+17 0.195700303808 0.924273689494 0.13826917446
21 1.54810015248e+17 0.179215908554 0.721354855935 0.206887066392
22 1.72775117452e+17 0.160601745724 0.721447622494 0.152632189851
23 1.96671072748e+17 0.142376781808 0.728036254728 0.222490722432
