00 4.38015090496e+17 0.176977887443 2.01549361998 0.572907024341
08 8.45457176356e+17 0.202553912341 4.45251712848 0.491573837593
09 7.77440396532e+17 0.193467373383 3.91064313845 0.428324970523
10 6.41748762009e+17 0.19729778737 3.29200588058 0.261606834628
11 5.58595992817e+17 0.206662964499 3.00146869965 0.284647499972
12 5.01540177933e+17 0.216582972373 2.82425162503 0.184893066963
13 4.50316735641e+17 0.224219538141 2.62521507255 0.249551202981
14 3.84377735678e+17 0.227986604498 2.27845734485 0.155396569784
15 3.60071047261e+17 0.227109433694 2.12616382246 0.210724430645
16 3.6162594345e+17 0.221436646332 2.08200813975 0.149294609542
17 3.44682912221e+17 0.211356729491 1.894127379 0.215383599993
18 3.2894084206e+17 0.197755126061 1.69129317989 0.153782574387
19 2.81177882481e+17 0.182008383543 1.33059502884 0.217514239004
20 2.72141945549e+17 0.166049344453 1.17491378307 0.188151922914
21 2.51345878142e+17 0.152605172614 0.997273709112 0.27591703209
22 2.82379499638e+17 0.145834461737 1.07069722072 0.333099637711
23 3.89994093039e+17 0.152376091297 1.54507016368 0.396953691518
