00 2.75922344843e+17 0.165602306266 1.18802779306 0.412638013463
01 3.8662527111e+17 0.181368489188 1.82316267388 0.504384796693
02 3.71561015293e+17 0.208313254308 2.01242819101 0.668006565048
07 7.15419399862e+17 0.230426903796 4.28614880787 0.650986092416
08 8.27100832339e+17 0.21203470155 4.55972603155 0.542386551658
09 8.37654314799e+17 0.201634511577 4.3914004845 0.49064116043
10 7.15656273881e+17 0.201289436564 3.74540525171 0.322881370521
11 6.33151777187e+17 0.207433332951 3.41475636855 0.315596423055
12 5.60782413196e+17 0.216023773591 3.14970065961 0.212666394486
13 5.07387551332e+17 0.224172551651 2.95730141351 0.277649746428
14 4.27993482195e+17 0.230031726625 2.55975407203 0.173451130469
15 3.88779082576e+17 0.232501391499 2.3501836198 0.230560428334
16 3.81477598111e+17 0.231057285143 2.29172263222 0.165574341589
17 3.49323868539e+17 0.225665270282 2.04958689546 0.232191371088
18 3.19789310571e+17 0.216724260295 1.80195864638 0.163750778239
19 2.56707285692e+17 0.205046701281 1.36856153528 0.227043611226
20 2.40059902447e+17 0.191843324768 1.19740113555 0.185887887948
21 2.08047185488e+17 0.178750531237 0.966902168137 0.270039702145
22 2.36347451393e+17 0.1679567272 1.03209975487 0.262542908407
23 2.76915139402e+17 0.162452580533 1.1696250536 0.328828144957
