00 1.77683173197e+17 0.138295065212 0.638890356634 0.21509017151
01 2.62776264647e+17 0.13388942712 0.91475705189 0.309013367384
02 3.57677070095e+17 0.148264853166 1.37880439524 0.489817652325
11 1.13931284299e+18 0.19948283791 5.90910733888 0.50877275768
12 8.95137681761e+17 0.187901276496 4.37313533911 0.34944591685
13 7.2960855281e+17 0.191941135736 3.641089251 0.331139200287
14 5.42853614589e+17 0.202060080638 2.8519151736 0.197509997459
15 4.45443933473e+17 0.212418309989 2.46013163613 0.240567816823
16 3.96289289259e+17 0.219934708732 2.26610200457 0.164859060256
17 3.27193468773e+17 0.222985161161 1.89694149749 0.223123992571
18 2.74686139261e+17 0.220845894435 1.57724595896 0.143415252985
19 2.0985293934e+17 0.213472446052 1.16474332707 0.202003185881
20 1.85086398256e+17 0.201406974716 0.96921997988 0.144080737581
21 1.55750366423e+17 0.185741559616 0.752162215225 0.215354049326
22 1.73498229666e+17 0.168131578271 0.758433810708 0.16105924779
23 1.94586554786e+17 0.150929659241 0.763590942576 0.232643725917
