00 1.04880012317e+17 0.232673577208 0.634472998732 0.161110654727
01 1.02156744562e+17 0.231146205831 0.613941741543 0.238059299075
02 1.010358602e+17 0.225737210905 0.592996385357 0.168879285123
03 9.92396794417e+16 0.216853207709 0.559531513292 0.228148700898
04 1.01843986092e+17 0.205302805413 0.543630257534 0.168789313745
05 1.42357852941e+17 0.192288399224 0.711717855132 0.248472564618
06 2.23440998637e+17 0.179429914135 1.04239197919 0.196295170155
07 3.54326334215e+17 0.168880249373 1.55580671173 0.276138266628
08 5.42485258435e+17 0.163557198535 2.30691159703 0.276814327534
09 7.58940078876e+17 0.167276912109 3.30078197462 0.38035045656
10 1.01097419605e+18 0.183391233237 4.82049891919 0.617908114349
11 1.33554445385e+18 0.209750117743 7.2833957676 0.609147055669
16 1.18396265889e+18 0.227278024403 6.99630604606 0.662914750746
17 1.01419738093e+18 0.21021462729 5.5431772352 0.591495677385
18 7.16962819519e+17 0.201490726871 3.75599535074 0.425952084754
19 3.99940352265e+17 0.202187233276 2.1024336658 0.377678412203
20 3.0614822572e+17 0.208697508538 1.66120167073 0.261288004643
21 1.94038834048e+17 0.217235315677 1.09595427157 0.305527505709
22 1.7602888722e+17 0.225114196652 1.03029163989 0.198595249355
23 1.33136165079e+17 0.230606651313 0.79825421514 0.254675797823
