00 2.77309450472e+17 0.181659041784 1.30976999531 0.431442595179
01 3.5012481836e+17 0.191576483944 1.74396772271 0.510767859787
02 3.15013929293e+17 0.205129913193 1.68008827923 0.660742941212
03 3.19761014534e+17 0.217197466405 1.80573333751 0.592273072727
04 2.44667771481e+17 0.223254245004 1.42020108356 0.698495843555
05 4.05894999283e+17 0.222047968391 2.34333215924 0.640887279636
06 4.99951782728e+17 0.215850451163 2.80578526441 0.574915051963
07 6.22401881059e+17 0.209096996398 3.38370146093 0.504445130036
08 6.56144873386e+17 0.205714365708 3.50943908748 0.370840508182
09 6.61692248086e+17 0.206971476839 3.56073696679 0.403872873438
10 5.97806816164e+17 0.211811835309 3.29218653119 0.271991775526
11 5.60056887629e+17 0.218352868535 3.17954072687 0.30059833099
12 5.20985448346e+17 0.224827552769 3.04542896787 0.20840221926
13 4.98528071178e+17 0.229883007221 2.97968143684 0.279514208076
14 4.40782802111e+17 0.232600988113 2.66568939818 0.179790546338
15 4.09317993757e+17 0.232466032012 2.47396577584 0.241250935302
16 4.13390849089e+17 0.229334255288 2.46492174548 0.178788421551
17 3.87348195207e+17 0.223401196119 2.24988530322 0.249810102406
18 3.60510167093e+17 0.215185505046 2.01699062188 0.186304520409
19 2.86278202244e+17 0.205500419646 1.52958755811 0.249997889873
20 2.66583222051e+17 0.19544143685 1.3546366069 0.21614935984
21 2.25890396768e+17 0.186381071171 1.09464404704 0.30466971169
22 2.5645620324e+17 0.179964372626 1.19997747277 0.311304732893
23 2.78571929776e+17 0.178022309217 1.28939247377 0.362294536058
