00 1.18243640474e+17 0.205291765352 0.631135588058 0.203479251716
01 1.32257449638e+17 0.185229140382 0.636946276347 0.30313428478
02 1.46228461041e+17 0.15521106405 0.590103150844 0.192944740767
03 1.65198043302e+17 0.11845154742 0.508767060357 0.274214451722
04 1.93759440536e+17 0.0805738716141 0.405910655431 0.209711972196
19 2.61210662785e+17 0.178618550098 1.21308381628 0.642487714406
20 1.74830859005e+17 0.185294261097 0.842274025744 0.439750119814
21 1.87013939908e+17 0.200360717029 0.974226424455 0.425398445802
22 1.61928807579e+17 0.21169185712 0.891254259938 0.276207063189
23 1.45241580553e+17 0.213697554284 0.806982034159 0.330593199017
