00 1.20709115196e+17 0.230792022825 0.724326222611 0.185880933354
01 1.1881851621e+17 0.229150168816 0.707909359247 0.264849973055
02 1.1790140603e+17 0.225295942749 0.690630418999 0.201785273294
03 1.16037969499e+17 0.219542161349 0.66235589218 0.259047563084
04 1.1595577088e+17 0.212434083692 0.640456906331 0.200296347785
05 1.63088645257e+17 0.204726722554 0.868103699559 0.283464158821
06 2.38791074381e+17 0.197346706391 1.22524043317 0.226835964992
07 3.61382344061e+17 0.191347734468 1.79789201313 0.302342896709
08 5.03692054194e+17 0.187803923701 2.45947894698 0.271348425165
09 6.69601176834e+17 0.187584643829 3.26577935485 0.377279836804
10 8.27322963628e+17 0.190927072774 4.10691714379 0.479667807419
11 1.02046120692e+18 0.196931034775 5.22497251708 0.470386945501
12 1.07328240874e+18 0.203514031884 5.67912878916 0.533836263615
13 1.2316179595e+18 0.208314599817 6.67066406141 0.577505822966
14 1.15756598372e+18 0.210066460537 6.32231051497 0.580875908136
15 1.10159476257e+18 0.20928571041 5.99424910416 0.509417112658
16 9.28607984538e+17 0.207805980976 5.01722762239 0.459816104107
17 7.78872375926e+17 0.207543032478 4.20288790514 0.442113763036
18 5.93313593068e+17 0.209456246493 3.23110419313 0.333275958462
19 3.5854980726e+17 0.213364616071 1.98904789118 0.351602428578
20 2.92944782676e+17 0.218397253405 1.66343673434 0.260736793325
21 1.97309389763e+17 0.223493333599 1.14653066498 0.31772738309
22 1.89877335806e+17 0.2276935898 1.1240801575 0.219503033915
23 1.48575115712e+17 0.230267869304 0.889513958489 0.276760685648
