12 9.05149995851e+17 0.147919732644 3.48112818012 0.299332524257
13 6.56262168675e+17 0.158644116394 2.70691542868 0.279832282829
14 4.73223962236e+17 0.191600686771 2.35742094019 0.188906061934
15 4.13526627474e+17 0.21619595675 2.32447240657 0.24877628584
16 3.67669642162e+17 0.229073269199 2.1898054598 0.16860453589
17 3.21460511499e+17 0.22865782787 1.91111601994 0.239792140382
18 2.82851998645e+17 0.214761998888 1.57939237608 0.148158561617
19 2.41866651682e+17 0.188445231124 1.18504404401 0.212659642165
20 2.27351322e+17 0.151983060729 0.898392294236 0.139250791539
21 2.29984950901e+17 0.10896772856 0.651584380271 0.186833062273
22 2.86513242864e+17 0.0680242778834 0.506736267696 0.12863921966
23 3.30748565417e+17 0.0630631641321 0.542309327751 0.191388842247
