00 1.10619658484e+17 0.231675937723 0.666325740856 0.171737479512
01 1.11859585439e+17 0.22776385834 0.662416840073 0.251041016377
02 1.1343107606e+17 0.221260697052 0.652543812864 0.190615357638
03 1.15095466829e+17 0.212758734855 0.63667671366 0.249744891921
04 1.17973327273e+17 0.203132412925 0.623069372374 0.198237628224
05 1.67776274109e+17 0.193523336898 0.844184234868 0.281020666603
06 2.54962533756e+17 0.185327159357 1.22853853521 0.240722185668
07 3.98676329299e+17 0.180171090542 1.8675786746 0.3207911746
08 5.79073013739e+17 0.179744465596 2.70621440428 0.331824695411
09 7.77065367534e+17 0.185202432527 3.74177430379 0.426193990867
10 9.7667280592e+17 0.195905902361 4.97473515124 0.624993275697
11 1.25159526489e+18 0.208449418923 6.78325194802 0.56710588042
12 1.31975247971e+18 0.217972757354 7.47942226269 0.652106225535
13 1.45124701233e+18 0.221219164403 8.34713493669 0.646712231245
14 1.28621796846e+18 0.218273848244 7.29944138707 0.640204905709
15 1.18936764046e+18 0.21220678318 6.562188906 0.547375536566
16 9.3980355219e+17 0.207214460839 5.06326304539 0.470799925311
17 7.54712240257e+17 0.206061423057 4.04344403387 0.430643783069
18 5.58613343698e+17 0.208977387119 3.03517648138 0.30606985499
19 3.32344580557e+17 0.214575025909 1.85413402158 0.32880467649
20 2.66584813333e+17 0.221084359047 1.53238104727 0.235277366017
21 1.79259501756e+17 0.226970500048 1.05785208755 0.296482005893
22 1.71065695299e+17 0.231098706959 1.02785958571 0.200082999366
23 1.36309952983e+17 0.232730472825 0.824810475017 0.260383365391
