00 1.22875721843e+17 0.229701787699 0.733844097279 0.18906519615
01 1.21763969673e+17 0.227750658492 0.721027431114 0.268297027994
02 1.21282867565e+17 0.223836543368 0.705835983986 0.207296784455
03 1.19889384185e+17 0.218293014008 0.680446390555 0.264388870103
04 1.19615250041e+17 0.211656008623 0.658249446243 0.207939367525
05 1.68807559481e+17 0.204641478291 0.898170741489 0.290087389433
06 2.44726846392e+17 0.198102581792 1.26050652271 0.234497557006
07 3.6887743845e+17 0.192967920043 1.85071931326 0.309351327464
08 5.0826341918e+17 0.190119167792 2.51239607511 0.276932037009
09 6.6910754617e+17 0.190167338909 3.30830243898 0.381752582989
10 8.14130203877e+17 0.19309711219 4.0873609742 0.470188247154
11 9.87295429135e+17 0.197970256192 5.08183335513 0.45987456023
12 1.0183175974e+18 0.20306252596 5.37633573249 0.504311290223
13 1.16024249264e+18 0.206670171245 6.23447538062 0.5552151399
14 1.08762521244e+18 0.208069130538 5.8838320399 0.530681143696
15 1.01841963348e+18 0.207877116916 5.50435956767 0.479029594755
16 8.8350928256e+17 0.20753987197 4.76744848805 0.423385599008
17 7.38909371425e+17 0.208386549041 4.00344812311 0.421546353135
18 5.70538399084e+17 0.210961479841 3.1294022494 0.318678579476
19 3.49256503256e+17 0.214983531307 1.95219430645 0.343750298778
20 2.87367718089e+17 0.219692540921 1.64144614831 0.257334958108
21 1.95803644371e+17 0.224203454228 1.14139618888 0.316604883827
22 1.90216375471e+17 0.227722426694 1.1262299001 0.221064045247
23 1.50288933414e+17 0.229655187741 0.897380463683 0.278775353613
