00 1.0097820642e+17 0.167071721918 0.438635673394 0.124892436202
01 1.26875373266e+17 0.127427283215 0.420351987178 0.175232809854
02 1.70007274927e+17 0.0972569205091 0.429893984611 0.138081315259
03 2.16390950781e+17 0.0831779337328 0.467972756276 0.199320655926
04 3.01863624631e+17 0.0851087413532 0.667972061969 0.280910299876
15 8.79599001963e+17 0.181490652835 4.15061392458 0.427631198552
16 7.73533402879e+17 0.160263142028 3.22319123383 0.301914476204
17 5.11828722221e+17 0.162169921927 2.15808382199 0.282795252111
18 3.47799697548e+17 0.175291825821 1.58512754408 0.16957796175
19 2.2792599491e+17 0.204124151824 1.20965521013 0.234908437119
20 1.65687154659e+17 0.221773935276 0.95537240015 0.159695048511
21 1.2955921982e+17 0.226556417329 0.763164289532 0.237786983929
22 1.27417628197e+17 0.217999690737 0.722202092073 0.148344442392
23 1.19424940698e+17 0.196780498549 0.611012983615 0.207723552811
