11 9.15942830221e+17 0.163614137466 3.89639109951 0.352164808084
12 7.63477079142e+17 0.160559594593 3.187172828 0.232143775332
13 5.6992719465e+17 0.168694404776 2.49973175054 0.247627190087
14 4.26342372789e+17 0.196127958827 2.17405914275 0.162630409303
15 3.79771591317e+17 0.217481104063 2.14742176926 0.224153971909
16 3.49516388245e+17 0.226357801614 2.05700979305 0.154947997309
17 3.13082742115e+17 0.221926820887 1.80651789844 0.220163887905
18 2.82289256519e+17 0.204511835508 1.50101884387 0.137480226316
19 2.42818700778e+17 0.175560569702 1.10836412551 0.193544608388
20 2.33150751315e+17 0.137627435622 0.834286440438 0.128056799395
21 2.33236484532e+17 0.102443276399 0.621231250931 0.174284528609
22 2.81605901596e+17 0.086065437397 0.630149912455 0.170545460954
23 3.38016421344e+17 0.0828720104604 0.72831461054 0.243616176247
