01 3.31173447691e+17 0.209933577851 1.80763509584 0.617177945336
02 2.48717476638e+17 0.195700555115 1.26552785437 0.396344959799
03 1.73670422553e+17 0.195958639367 0.884837712247 0.359413487967
04 1.64945593402e+17 0.203924888209 0.874549304073 0.231164025327
05 1.80666686402e+17 0.213907510693 1.00479498999 0.279840043898
06 2.07524072871e+17 0.222522348828 1.20064734747 0.175074100374
07 2.4127965663e+17 0.227834929099 1.42927027 0.221912555576
08 2.66747283302e+17 0.228815062825 1.58693070607 0.147895994834
09 3.05400848409e+17 0.225090841566 1.78731628357 0.22445532464
10 3.41952563413e+17 0.216839960338 1.92787348749 0.148773458322
11 3.84771862215e+17 0.204745072351 2.04828371196 0.210719015305
12 4.46899449747e+17 0.18996076188 2.2072273589 0.153493870316
13 5.4728704362e+17 0.17414755221 2.47802617407 0.235084001411
14 6.46255533669e+17 0.15960480706 2.68178273383 0.207465983875
15 7.73043227107e+17 0.14968175754 3.00847219109 0.282241440625
16 1.01804702177e+18 0.14963426044 3.96070254306 0.362330250507
17 1.31997998145e+18 0.16675035476 5.72278538475 0.454058617591
