03 2.45480808058e+17 0.209244623284 1.33550401935 0.583667053549
04 2.72906372153e+17 0.197992743451 1.40487051452 0.401155124561
05 2.89819868098e+17 0.19895509948 1.4991896579 0.360773622314
06 2.92078347763e+17 0.206583766784 1.5688047772 0.234200125347
07 3.17967635047e+17 0.216053264754 1.78614658659 0.261126780931
08 3.23756169841e+17 0.22432295435 1.8882744532 0.174664539942
09 3.42040652277e+17 0.229584089952 2.04170438887 0.249314517173
10 3.51208139398e+17 0.230838143031 2.10787810261 0.159308300989
11 3.67157909594e+17 0.227700594119 2.1736539279 0.220200131859
12 3.9488766563e+17 0.220303689046 2.26187544692 0.148577730274
13 4.3399843392e+17 0.209250953742 2.36117924172 0.224866105859
14 4.52929741132e+17 0.195587207756 2.30326884781 0.158831640252
15 4.96349143005e+17 0.180816874766 2.3334558216 0.227923014242
16 5.96096656593e+17 0.166991171254 2.58811485049 0.202097159588
17 7.09914041741e+17 0.156985541001 2.89760223758 0.292086393309
18 8.1343845082e+17 0.155059035966 3.27940553204 0.356344429871
19 8.18452287741e+17 0.167002354528 3.55376993716 0.446814244901
20 1.01666750402e+18 0.195759529494 5.1745811582 0.615687458747
