00 2.4205607287e+17 0.0687578293598 0.432724504002 0.273500284872
15 7.31783651207e+17 0.193268132462 3.67719195051 0.749896686124
16 5.9685862996e+17 0.19181820354 2.97669710433 0.482423055473
17 4.64237663686e+17 0.19854955827 2.39652875948 0.468240912971
18 3.36831599063e+17 0.202170582682 1.77053345686 0.324196677225
19 2.68579847163e+17 0.197556311681 1.37955074393 0.378752365993
20 1.94732432868e+17 0.183076363245 0.926923545997 0.247379798977
21 1.98836756053e+17 0.159242117133 0.82324283594 0.352608684529
22 2.35011375956e+17 0.128444844125 0.784835988359 0.25993300157
23 3.03695838233e+17 0.0954508326609 0.753688536509 0.323421464576
