08 7.60556077038e+17 0.183645045523 3.63148124015 0.356326900341
09 6.4164946068e+17 0.18392200578 3.06834985121 0.33831351989
10 5.31663054567e+17 0.193466475467 2.67433340988 0.200304779213
11 4.7145237722e+17 0.20434285747 2.50478607398 0.245718365083
12 4.36274471308e+17 0.21259367707 2.41147904575 0.153553800439
13 3.99132832826e+17 0.21622453475 2.24386008811 0.216656085898
14 3.52379137019e+17 0.214333844976 1.9636961585 0.135291745012
15 3.47547371214e+17 0.206799665027 1.86868967865 0.188850929049
16 3.6500005181e+17 0.194149877354 1.84248259762 0.13208429344
17 3.73993085163e+17 0.177515267912 1.72612655046 0.195778795636
18 3.86239171898e+17 0.158648672722 1.59318463135 0.14919633413
19 3.68983835443e+17 0.140089962366 1.34396422214 0.211727174443
20 3.70538916864e+17 0.125729225744 1.21127684926 0.218354134084
21 3.67937741722e+17 0.122356893518 1.17051269622 0.311154901091
22 4.96205531952e+17 0.141578329763 1.82655071126 0.446797531307
