00 1.1264338126e+17 0.221015535632 0.647294368358 0.198106890456
01 1.10151750984e+17 0.22671481022 0.649298866316 0.291989696709
02 1.03304010954e+17 0.219483115788 0.589510641135 0.173422270747
03 1.02030479427e+17 0.199469884664 0.529152207049 0.260991844914
04 1.10568664698e+17 0.168218141805 0.483591038252 0.16500790803
05 1.5510282643e+17 0.128712444396 0.519055261983 0.231337676609
06 2.82900830083e+17 0.0858069094855 0.631145993929 0.145801244687
07 4.26273700247e+17 0.0466984840356 0.517564725231 0.142346771324
21 2.52883898633e+17 0.15662156582 1.02978387654 0.424794361681
22 1.85142729112e+17 0.180891191477 0.870757910424 0.293889393121
23 1.52851386542e+17 0.205282417264 0.815820254901 0.318771154629
