05 4.77461086416e+17 0.207248354314 2.57277863462 0.573444290129
06 4.69840737174e+17 0.193817096395 2.36764235363 0.367670020854
07 4.71901489128e+17 0.195215782766 2.39518808331 0.323859528235
08 4.3987415831e+17 0.203864260412 2.33154011892 0.215090965561
09 4.22336290106e+17 0.214027373769 2.35017970249 0.277855611814
10 3.96295174535e+17 0.22241664497 2.29170872159 0.168896630034
11 3.87177732809e+17 0.227189180138 2.2870273838 0.228817881683
12 3.90372005509e+17 0.227399144338 2.30802676068 0.149070126038
13 3.94843656338e+17 0.22276025984 2.28684236253 0.218544942497
14 3.80083816625e+17 0.213545099608 2.1102909485 0.141037418298
15 3.94277600644e+17 0.200533442121 2.05571195462 0.204064562704
16 4.43464337582e+17 0.184999524454 2.13305798069 0.157402224074
17 4.90307629636e+17 0.168754670325 2.15128426232 0.2318023095
18 5.42463917806e+17 0.154337504487 2.17678571106 0.215428248774
19 5.21519716498e+17 0.14556083864 1.97373402982 0.296367521387
20 4.67985915073e+17 0.14857892567 1.80785395675 0.415810092835
21 7.43836158492e+17 0.171315073449 3.31318899929 0.484022393597
