00 2.18379181171e+17 0.158017937264 0.897203521502 0.287648723123
01 1.68222181621e+17 0.158792580152 0.69452329072 0.285265241743
02 1.28135091478e+17 0.17778766394 0.592301803148 0.171553899602
03 9.65638612924e+16 0.206240393089 0.51779958649 0.245230226366
04 9.27710348371e+16 0.223467561276 0.539014239714 0.161700736478
05 1.19630808775e+17 0.227743082759 0.708372318768 0.236550161637
06 1.70111239334e+17 0.218599154202 0.966840499007 0.143430489346
07 2.25236671853e+17 0.196744674938 1.15216701048 0.198511244569
08 2.93730429904e+17 0.164021133186 1.25262794706 0.125932888629
09 4.05318351319e+17 0.123426481976 1.30070247277 0.176862487721
10 5.76671435158e+17 0.0905103206219 1.35706262873 0.12992499214
11 8.11203218588e+17 0.0779985289483 1.64508910093 0.191574807032
12 1.10505047726e+18 0.0831848291082 2.39000931279 0.268646095882
23 3.20565847968e+17 0.179024110212 1.49211440812 0.417913169014
