00 9.75995201026e+16 0.222454844828 0.564498638592 0.163774475165
01 1.08138852591e+17 0.202973901278 0.570683484545 0.253211116838
02 1.18925704937e+17 0.171982990037 0.531783156508 0.155674197372
03 1.33121180957e+17 0.132369210733 0.458149787032 0.219327406049
04 1.63120984478e+17 0.0887390748994 0.376355336741 0.144870885706
05 1.91321802825e+17 0.0479625535222 0.238583337407 0.139653157908
18 4.28953497836e+17 0.162550224984 1.81288867711 0.508717582513
19 3.48708947962e+17 0.150719500092 1.36648819618 0.373810885683
20 2.09143786983e+17 0.178697105276 0.971708122333 0.254645922302
21 1.68668835549e+17 0.205146891409 0.899649069551 0.317105263872
22 1.43635160302e+17 0.223002414904 0.832805677922 0.208691990526
23 1.22858636362e+17 0.228896784173 0.731170616054 0.270740219069
