07 7.42513829699e+17 0.182873110059 3.53043114576 0.407444474662
08 6.65004063325e+17 0.16879488242 2.91848134962 0.285768768632
09 5.56271198518e+17 0.173771108995 2.51326043979 0.288931297534
10 4.71611612438e+17 0.184148224544 2.25800746873 0.165128185905
11 4.29198703387e+17 0.194392765642 2.169261197 0.218888527324
12 4.08323604108e+17 0.213410466411 2.26565380079 0.14448610195
13 3.83268585841e+17 0.220040720957 2.19270209467 0.214963271564
14 3.49273129017e+17 0.213778650854 1.94134559583 0.135437201641
15 3.61439950964e+17 0.195168894528 1.83408772736 0.188746359924
16 3.95887931015e+17 0.165789839637 1.70648911153 0.126521574891
17 4.3887737761e+17 0.136828192382 1.56132075465 0.176587294272
18 4.96646277484e+17 0.116401701505 1.50307226537 0.146612967532
19 5.39911844611e+17 0.100788320707 1.41483701185 0.211337542269
20 5.05748736958e+17 0.098254378539 1.29199272402 0.292755978231
