00 8.90767418178e+16 0.216484201911 0.501376391393 0.132601203734
01 9.15387842284e+16 0.210499701397 0.500991055404 0.206447675683
02 9.3842125688e+16 0.192414715391 0.469471753554 0.131447999167
03 9.74761024399e+16 0.16383752731 0.415226333484 0.180657465872
04 1.08754182166e+17 0.143621282991 0.406104794504 0.130730004146
05 1.48978630966e+17 0.123476202508 0.478278205773 0.198647556469
06 2.69270200591e+17 0.107738793603 0.754282010687 0.186943041379
07 4.45981081262e+17 0.104155469588 1.2077355926 0.268222435668
18 6.85385039525e+17 0.181183022372 3.2286834567 0.406075214972
19 3.89628694488e+17 0.172363700759 1.7461039363 0.338030439043
20 2.6376704626e+17 0.179287426743 1.22954298958 0.214352700826
21 1.72371870012e+17 0.190047235223 0.851728730477 0.256867968862
22 1.45919918857e+17 0.198881344514 0.754539490992 0.1566303167
23 1.14672781556e+17 0.210644044222 0.628033600195 0.213194456938
