00 1.30271334642e+17 0.11104592654 0.376118627482 0.118498003549
01 1.8216207439e+17 0.0812199933819 0.384675264386 0.16206844103
02 2.73831116131e+17 0.073234344565 0.521399900094 0.212428841667
14 8.89967541251e+17 0.169881448076 3.93091334085 0.367003699695
15 7.37495873058e+17 0.153975876512 2.95247091044 0.308198403147
16 5.59036144479e+17 0.157761232514 2.29305001049 0.192229720059
17 3.94252742779e+17 0.189984726883 1.94745199115 0.256217721972
18 2.8961490115e+17 0.214727337891 1.61689415517 0.165431036384
19 2.07882427857e+17 0.227508238364 1.22966908866 0.234509520339
20 1.6202921077e+17 0.226992461414 0.956264643716 0.155943363613
21 1.3533704628e+17 0.21310770627 0.749875555162 0.231749092424
22 1.42914658907e+17 0.186958379631 0.694696419428 0.142054589945
23 1.49515034442e+17 0.150808044785 0.586249820266 0.19475373586
