00 1.24327969787e+17 0.198459894421 0.641527009695 0.214294365177
01 1.40365312042e+17 0.176648947213 0.644679999533 0.31420113328
02 1.57782761899e+17 0.145743949918 0.597892956652 0.205749362774
03 1.79685107189e+17 0.109422064082 0.511199398149 0.284820015598
04 2.05505390856e+17 0.0739944056669 0.395362480702 0.229360414033
19 2.54551285338e+17 0.183473140223 1.21428641539 0.671696865111
20 1.65757344962e+17 0.188481162181 0.812295562479 0.457553453911
21 1.85672445648e+17 0.201077145379 0.970696619003 0.441691418843
22 1.65068780708e+17 0.209664133042 0.899834072786 0.290372553337
23 1.50396924087e+17 0.209025136479 0.817355177164 0.342241924389
