00 9.76326981133e+16 0.228211853717 0.579304414516 0.168462792631
01 1.04221639845e+17 0.216169349958 0.585767627559 0.259214936893
02 1.08993262252e+17 0.191550596125 0.54282083331 0.156086500657
03 1.17406474173e+17 0.156435300018 0.477529442293 0.228695453172
04 1.37649497796e+17 0.11435428041 0.409261041001 0.144088774062
05 1.72969668141e+17 0.070801708634 0.318410249202 0.173063043528
06 2.41523244247e+17 0.045867342715 0.288028764855 0.159150402215
19 3.58146570671e+17 0.144643286388 1.34689092175 0.407323104152
20 2.30697393245e+17 0.161438917565 0.968331973715 0.287303038116
21 1.8593774875e+17 0.19053824548 0.921134562795 0.325708809499
22 1.50877895013e+17 0.214211400069 0.840313893381 0.216781671481
23 1.25327781086e+17 0.227407095167 0.741011092651 0.275330476123
