00 8.75673613086e+16 0.216237562281 0.492319171364 0.132155476053
01 9.58771483691e+16 0.197363026448 0.491987708402 0.204677906477
02 1.05268710939e+17 0.167547476532 0.458575178765 0.131914808909
03 1.16316968548e+17 0.131332817451 0.397182115116 0.173022962506
04 1.39368907062e+17 0.11072458059 0.401220658326 0.137100981711
05 1.87144767691e+17 0.0952223871791 0.463329659717 0.207107508055
06 3.31146081821e+17 0.0934296048864 0.804410037189 0.281334117184
17 7.1651342276e+17 0.18177767565 3.3863997586 0.423119432979
18 5.45586866257e+17 0.165913816656 2.35353038175 0.280366532757
19 3.20025122344e+17 0.170181763629 1.41602343288 0.282279609078
20 2.12948087808e+17 0.180230703606 0.997874376127 0.173815955964
21 1.48161355069e+17 0.198223339433 0.763595002994 0.237949338918
22 1.31681282911e+17 0.216686592729 0.741872781528 0.157420266354
23 1.09992023915e+17 0.222562566227 0.636482784782 0.218180686277
