00 2.40675649924e+17 0.0720234701413 0.450691682638 0.213357185136
15 7.53008722919e+17 0.183813996314 3.59875210809 0.648846632299
16 5.87449179143e+17 0.189258778995 2.89067777352 0.399319170561
17 4.50037324147e+17 0.201576923318 2.35864561867 0.418729904651
18 3.2700902274e+17 0.209544178397 1.78159376196 0.280135521355
19 2.56214307672e+17 0.208173946242 1.38676573131 0.341693542948
20 1.89315787073e+17 0.195793704131 0.963737819239 0.218948978538
21 1.85417034656e+17 0.172724481119 0.83267758864 0.321015927993
22 2.14722466252e+17 0.14096275922 0.786964654044 0.219473435058
23 2.65256249978e+17 0.104493123792 0.720653808307 0.279404050756
