00 2.32418310465e+17 0.162596573518 0.982550943516 0.306934639946
01 1.75596239198e+17 0.161786703256 0.738637552741 0.298560794377
02 1.33405025425e+17 0.170470873969 0.591283453177 0.170159933316
03 9.86472182729e+16 0.198548959961 0.50924386737 0.239104941723
04 9.4286387905e+16 0.21869618332 0.536121902519 0.159308212626
05 1.2033832691e+17 0.226236945813 0.707849364154 0.233211157799
06 1.68201600819e+17 0.220467748989 0.964158736034 0.142687223401
07 2.2006010879e+17 0.201832784703 1.15479895854 0.196841342546
08 2.82425568601e+17 0.171889152735 1.26219318413 0.125382274586
09 3.83040681029e+17 0.133299750222 1.32753990476 0.178963892102
10 5.3410343661e+17 0.10141671348 1.40834239519 0.127604339242
11 7.4219670144e+17 0.085860069339 1.65685156647 0.188368504984
12 1.03274775692e+18 0.0845074328815 2.26914640554 0.254099339571
