00 1.73847861791e+17 0.166839163181 0.754120426334 0.237279802493
01 2.37650013702e+17 0.162017169943 1.00108794908 0.332550149196
02 2.88038036608e+17 0.166966534129 1.25041052942 0.490823307065
03 3.39440033754e+17 0.185108189433 1.6336613818 0.500085082298
09 1.07190161654e+18 0.227717768999 6.34636716233 0.684485141736
10 1.03289249452e+18 0.20981619433 5.63465688116 0.573260985851
11 9.32273046629e+17 0.200884139438 4.86925058602 0.428909225067
12 7.61599119343e+17 0.201784263918 3.99564666013 0.306009325372
13 6.70085267844e+17 0.208563251118 3.63363421168 0.334976559914
14 5.31909383862e+17 0.217277576689 3.00487153054 0.199545953101
15 4.50188610573e+17 0.225200965198 2.63595565017 0.255402114752
16 4.15353312243e+17 0.230607096776 2.49036895829 0.180946634895
17 3.51615686761e+17 0.232490276304 2.12542793236 0.243190395673
18 2.99803117012e+17 0.230406809087 1.79599366818 0.164536938944
19 2.25329515813e+17 0.224389983605 1.31460384533 0.224287061534
20 1.99524806865e+17 0.214911099571 1.11488248651 0.167574573092
21 1.63095071016e+17 0.202847889585 0.860170764889 0.244902450533
22 1.80298339707e+17 0.189480148325 0.88823685991 0.189209926413
23 1.89861342718e+17 0.176531257054 0.871427998895 0.263944462101
