00 2.42965753068e+17 0.151136701221 0.954747103138 0.333698633992
01 3.59118794204e+17 0.162429404174 1.51661774603 0.434594336102
09 1.03725214014e+18 0.212260567885 5.72436093597 0.633913281724
10 8.96194306659e+17 0.197479157914 4.60147212216 0.420426758793
11 7.64923663631e+17 0.196696568103 3.91190434693 0.348062287139
12 6.4617932011e+17 0.203965704002 3.42675891839 0.238358066816
13 5.56425864404e+17 0.213706248973 3.09170379214 0.288733710535
14 4.47803157382e+17 0.222463982286 2.59012191546 0.17605269496
15 3.94361873034e+17 0.228224844214 2.34008260297 0.229812051876
16 3.74313664284e+17 0.229881917553 2.23724651571 0.161747280428
17 3.31388312854e+17 0.226982529291 1.95570329316 0.224963671855
18 2.94901337072e+17 0.219626125525 1.68396898991 0.152026174142
19 2.33663838098e+17 0.208397118535 1.2660666347 0.21350409339
20 2.15175064872e+17 0.19434843522 1.08729236606 0.165392747377
21 1.86149375709e+17 0.179007098621 0.866373551054 0.243959338322
22 2.11867417434e+17 0.164476902745 0.906029711916 0.212169771966
23 2.48453661826e+17 0.153744393192 0.99315729432 0.286800223542
