00 1.06514038287e+17 0.210634277328 0.583323194474 0.158381052585
01 9.86926869215e+16 0.225754994178 0.579289540995 0.244752241819
02 9.14204127679e+16 0.227737054301 0.541315203175 0.150967174413
03 8.63322344708e+16 0.216297985911 0.485510699315 0.223170121858
04 8.96887934618e+16 0.192334041719 0.448505411729 0.137759079558
05 1.24934384573e+17 0.157887902232 0.512866325322 0.201719283207
06 2.17499471597e+17 0.116189720384 0.657051272502 0.119772187615
07 3.51583275499e+17 0.0848950200263 0.776039399575 0.159919202715
08 5.68675653636e+17 0.0748995216346 1.10743189499 0.17405496763
20 4.33965800607e+17 0.17351302273 1.95776666345 0.395865705661
21 2.84218918215e+17 0.155348028024 1.14797406027 0.328841998304
22 1.9950393681e+17 0.158355933172 0.821408434213 0.206220172639
23 1.47161795495e+17 0.185978844841 0.711593499002 0.248700941459
