02 2.84046947108e+17 0.229964189739 1.69833627703 0.66988330341
03 2.67158189464e+17 0.218609934763 1.51848929363 0.611431998072
04 2.68210382844e+17 0.208306326497 1.45261790905 0.531298196011
05 3.46896937462e+17 0.203896703714 1.839009694 0.441239603862
06 3.48754733191e+17 0.205844546196 1.86652075448 0.29906288567
07 3.90408016918e+17 0.211891783092 2.15083052179 0.308535127431
08 3.94567455269e+17 0.219417235474 2.25094740632 0.206486422187
09 4.0665685224e+17 0.226352152351 2.39323899809 0.284204662874
10 4.01615851143e+17 0.231259729636 2.41481690198 0.186609797369
11 4.05215761777e+17 0.233249402248 2.45742468961 0.243890943854
12 4.1637170342e+17 0.231890956676 2.51037364861 0.167599622737
13 4.35989772973e+17 0.227163361081 2.57506345786 0.244315133632
14 4.28387339291e+17 0.219424598569 2.44396671885 0.164697924464
15 4.38253726443e+17 0.209381775104 2.38582092291 0.233295278829
16 4.91639979653e+17 0.198078480725 2.53196580606 0.188275181153
17 5.25984053955e+17 0.186893739241 2.55588129225 0.270695289186
18 5.50374214952e+17 0.177586075955 2.54120872565 0.255045414953
19 4.78202287914e+17 0.172355824437 2.14294468911 0.334933068189
20 4.35973715223e+17 0.173752526709 1.96953989956 0.414318195217
21 5.05638316454e+17 0.183758474341 2.4157984656 0.475465183801
22 6.38998472741e+17 0.201271014577 3.34390864396 0.682727917402
23 5.53330013239e+17 0.2202202823 3.16821678473 0.626988099007
