00 9.21453091613e+16 0.21518180313 0.515527838159 0.136056874993
01 9.14940840873e+16 0.216523568359 0.515076264829 0.21256405097
02 9.09134768515e+16 0.205253712559 0.485168544781 0.135392069203
03 9.13243754906e+16 0.182337459436 0.4329482199 0.189785819652
04 9.8851617601e+16 0.153801161981 0.395290834919 0.124618314431
05 1.35782064777e+17 0.133100020317 0.469887485093 0.190364955196
06 2.42504063189e+17 0.114076940286 0.719267159922 0.154314656483
07 4.05186956424e+17 0.10228180635 1.07752459912 0.23052055962
08 6.63321235027e+17 0.10786188361 1.86022402406 0.322926433796
19 4.47851487302e+17 0.173955221203 2.02555871804 0.375647221373
20 3.09802066783e+17 0.172998892013 1.39348077171 0.248429434647
21 1.95663532495e+17 0.182360244095 0.927712488202 0.274711506331
22 1.58819220025e+17 0.192751873837 0.795930258789 0.166909618082
23 1.20570059448e+17 0.202555571984 0.63497557125 0.215710215355
