00 1.12499999324e+17 0.230729322663 0.674883264736 0.174548155768
01 1.14490423195e+17 0.226532583925 0.674331096425 0.254243286384
02 1.165453096e+17 0.220014527754 0.666683192591 0.19577100361
03 1.18819365252e+17 0.211785110466 0.654268482278 0.254709118743
04 1.21635770552e+17 0.202710046093 0.641076609036 0.206087817892
05 1.73656078229e+17 0.193892375927 0.875435329648 0.288049498104
06 2.61232953074e+17 0.186644562146 1.26770046376 0.249672414777
07 4.06742566887e+17 0.182426426767 1.92921542037 0.329009666393
08 5.82755163719e+17 0.182614119947 2.76690235555 0.339332626843
09 7.7617712323e+17 0.187889594176 3.79172572201 0.431661233215
10 9.62017309842e+17 0.197231959072 4.93325452572 0.614422613846
11 1.21430971052e+18 0.207483337387 6.55067481534 0.554902548822
12 1.24209676541e+18 0.214735589893 6.93478192222 0.629723260977
13 1.36645946161e+18 0.216732644137 7.70006567772 0.635764324625
14 1.20533579532e+18 0.214077768453 6.70892552977 0.597394688792
15 1.10093081731e+18 0.209659488756 6.00133540015 0.51297216698
16 8.9547424432e+17 0.206790941929 4.81457502386 0.433876510213
17 7.18382763365e+17 0.207280763648 3.87158012233 0.41319672236
18 5.37706127673e+17 0.21098095467 2.94958955586 0.29206456702
19 3.24950285734e+17 0.216616441265 1.83012893658 0.323252660728
20 2.62061444098e+17 0.222685714728 1.51729083952 0.232979834899
21 1.78091350439e+17 0.227895477236 1.0552415458 0.295858644878
22 1.71485456398e+17 0.231286844817 1.0312205837 0.201152628793
23 1.37855982574e+17 0.232255664185 0.832463652661 0.262193270559
