01 3.41243948993e+17 0.214382997828 1.90207942017 0.638176957335
02 2.55904466697e+17 0.19640494957 1.30678350078 0.423793561584
03 1.80286576878e+17 0.194266789801 0.910616057893 0.370819436277
04 1.72795729015e+17 0.201433535182 0.904978218558 0.238208630855
05 1.86527763662e+17 0.211494889127 1.02569138607 0.2830278012
06 2.11890457425e+17 0.220610107617 1.215374592 0.176549429011
07 2.44104674151e+17 0.226606113655 1.43820589989 0.222540139522
08 2.67769994026e+17 0.228305878357 1.58947005577 0.148128380704
09 3.04573193289e+17 0.225236093721 1.78362278402 0.223887307012
10 3.38981933729e+17 0.217498350781 1.9169282998 0.147140068445
11 3.79623676382e+17 0.205710379425 2.03040579319 0.208927585966
12 4.39291688766e+17 0.190974975343 2.18123670519 0.150372519149
13 5.34270699199e+17 0.174902862117 2.42958233532 0.230843751713
14 6.27218147378e+17 0.15973073111 2.60483634441 0.198902229628
15 7.50075562713e+17 0.148710474037 2.90014640486 0.273514454358
16 9.84234176411e+17 0.146975478782 3.76111552211 0.344051928361
17 1.28757840344e+18 0.16210335718 5.42674032759 0.435822811647
