00 1.11004098542e+17 0.156375873125 0.451317433577 0.129669095017
01 1.43880787127e+17 0.136831888015 0.511874473545 0.201814169691
02 1.9761888745e+17 0.120699467851 0.620164858367 0.21046621451
03 2.53099502095e+17 0.114451087464 0.753155344536 0.280867882237
04 3.59916816034e+17 0.129680584137 1.21352979654 0.388982921158
14 9.81812040825e+17 0.183991477873 4.69677125801 0.383040163303
15 7.41168072145e+17 0.178625430772 3.44217812019 0.323941114215
16 5.834084373e+17 0.186561222346 2.82987617092 0.218940924476
17 4.11525032812e+17 0.197580180761 2.11403894964 0.25567649337
18 3.0427417999e+17 0.206625577072 1.63464152874 0.154295259018
19 2.088443911e+17 0.211223589726 1.14693441154 0.209362960189
20 1.64253628358e+17 0.210226897802 0.897793799303 0.140594866493
21 1.29194334066e+17 0.203783843451 0.684520666652 0.204594402146
22 1.33121345217e+17 0.191063122541 0.661299077246 0.128743897021
23 1.28928846196e+17 0.174393688362 0.584593802635 0.19066888465
