00 1.17893008928e+17 0.231712196387 0.710248448972 0.178550229597
01 1.10459372357e+17 0.233215479737 0.669781723405 0.255591657763
02 1.06180851011e+17 0.231488128694 0.639069769095 0.182141507654
03 1.00414578222e+17 0.226559047975 0.591495612365 0.240169376176
04 1.00508986256e+17 0.218813498002 0.571810794446 0.173928472589
05 1.38133300893e+17 0.208973876543 0.750522535548 0.254112539947
06 2.06468227351e+17 0.198077974952 1.06331701751 0.186981223349
07 3.12885005978e+17 0.187481752075 1.52516595709 0.261474810993
08 4.49025311962e+17 0.178885928634 2.08843205768 0.222311365903
09 6.19630774334e+17 0.174363217621 2.80906120429 0.33133851129
10 8.21934797999e+17 0.17617688621 3.76495374787 0.450125904117
11 1.07707724369e+18 0.185813119128 5.20351213697 0.466377175957
12 1.31255015359e+18 0.201787152591 6.88624971129 0.607940877045
13 1.53875556707e+18 0.218456077238 8.73991313028 0.616559645132
14 1.55796134485e+18 0.229219035931 9.28497433455 0.694636990222
15 1.57745882646e+18 0.230890292048 9.46971815747 0.651728187615
16 1.22289172401e+18 0.224522866013 7.13874602217 0.673707663488
17 1.07534950067e+18 0.214547311401 5.99854694884 0.607986194007
18 7.86732717682e+17 0.206746307184 4.22900618716 0.494079082181
19 4.52668415711e+17 0.204563613531 2.40758665808 0.430102005242
20 3.55019009859e+17 0.207734325352 1.91749049701 0.309235283706
21 2.23812634197e+17 0.214093361471 1.24583677907 0.339774179104
22 2.04858607874e+17 0.221348689426 1.17897479363 0.224522778968
23 1.49686496603e+17 0.227699859911 0.886173451983 0.276695315529
