00 1.75163324316e+17 0.191768052585 0.873358969297 0.504394072132
01 1.65429001131e+17 0.200415642898 0.862018550004 0.460131814954
02 1.3432177348e+17 0.204861958451 0.715452961023 0.282639039438
03 1.22963943511e+17 0.200422352101 0.640762792334 0.372860113283
04 1.2785206334e+17 0.185670519885 0.617197335786 0.248420821906
05 1.94991660408e+17 0.16120940914 0.817296749401 0.333527241801
06 3.33622570034e+17 0.129455088459 1.12291762221 0.220989143651
07 4.86436185299e+17 0.0951325617784 1.20317393168 0.294302418881
08 5.90235419319e+17 0.0652621193683 1.00152037416 0.240776257694
23 2.13013606146e+17 0.189236862032 1.04806068633 0.708876245085
