00 2.81212282414e+17 0.184595105615 1.34967068528 0.356589221872
01 1.8641727376e+17 0.186719902544 0.905003194911 0.339184799607
02 1.45629886439e+17 0.196663191795 0.744640995483 0.203891621973
03 1.06183475413e+17 0.207373567904 0.572510799868 0.250216801462
04 9.99749912419e+16 0.21527988915 0.55958773084 0.155786773388
05 1.23137404751e+17 0.218557049597 0.699726244815 0.221200557077
06 1.6427149298e+17 0.216392289105 0.924224194413 0.136522348188
07 2.10557591767e+17 0.20871306914 1.14259915141 0.188182950856
08 2.59322452962e+17 0.196074722827 1.32201103027 0.12386712299
09 3.32316356017e+17 0.179615790005 1.55192088526 0.201277913039
10 4.2589445456e+17 0.161082663056 1.78370953596 0.151862016231
11 5.44526335726e+17 0.142991500556 2.02442858378 0.214509506033
12 7.23806175098e+17 0.129175740523 2.43095316525 0.211207846749
13 1.06424811712e+18 0.126283584843 3.49432375221 0.313827615818
14 1.54715277168e+18 0.145504384428 5.85305530313 0.480200411461
23 3.96887308197e+17 0.199592060519 2.05960444656 0.524828112725
