00 1.21209201775e+17 0.206421172889 0.650523785478 0.197558683785
01 1.1130159306e+17 0.224297085451 0.649080196166 0.284855988528
02 9.88640746818e+16 0.229880905679 0.5909010387 0.171160517616
03 9.15519051977e+16 0.22208749293 0.528645860557 0.256333526974
04 9.44470369339e+16 0.201278040024 0.494262976482 0.15661679139
05 1.33596350265e+17 0.169126280708 0.58746099975 0.23411674555
06 2.34338372712e+17 0.128654017874 0.783862902979 0.137539099031
07 3.70720786755e+17 0.0845870829183 0.815312938149 0.171618975385
08 5.53400639732e+17 0.0476936470594 0.686236064639 0.11877164453
21 2.84787245049e+17 0.155421109143 1.15081068688 0.44158341562
22 2.14297216549e+17 0.150806128993 0.840250675726 0.294447956421
23 1.74432191597e+17 0.181208106497 0.821821705938 0.308184158091
