00 9.73873895174e+16 0.207040777935 0.524242183055 0.136586637051
01 1.11063374817e+17 0.192510262322 0.555901824929 0.216792924749
02 1.2827815841e+17 0.176382048336 0.588275072765 0.179290606563
03 1.47384409224e+17 0.160815555379 0.616244346212 0.24047118867
04 1.72595594379e+17 0.148927646619 0.668310647878 0.250389642167
05 2.57050842954e+17 0.145619961396 0.973225079523 0.33135756801
06 4.40770291705e+17 0.158420501313 1.81550331497 0.483798272842
14 1.2715915159e+18 0.216646228987 7.16262317501 0.590994962426
15 1.00172616476e+18 0.196973428108 5.13014935417 0.459709329167
16 7.88266367914e+17 0.19360569465 3.96793430096 0.326796771171
17 5.48859325201e+17 0.200320741072 2.85864557598 0.322713153806
18 3.91920024716e+17 0.210376334888 2.14371815759 0.206209526604
19 2.45683686237e+17 0.219702213377 1.40340849108 0.252392876056
20 1.89381693172e+17 0.226005458785 1.11283370772 0.171260000037
21 1.37201630316e+17 0.228039589617 0.813472490272 0.238520287734
22 1.33599448527e+17 0.225281834287 0.782535749422 0.15201213183
23 1.17047670477e+17 0.217796655999 0.662807371778 0.215590825012
