03 2.30278747781e+17 0.193192984871 1.15669420454 0.476459290935
04 2.41997633425e+17 0.18859191116 1.18660870078 0.294255964313
05 2.3739536768e+17 0.195747959543 1.20821112953 0.308681609362
06 2.49398499541e+17 0.20640673749 1.33841579625 0.192856449565
07 2.70768582324e+17 0.215981490834 1.52050605411 0.229479095631
08 2.82097859756e+17 0.222037291548 1.62854236302 0.151797843384
09 3.07505426719e+17 0.223316717725 1.78544866702 0.223044315387
10 3.29250247559e+17 0.219354762381 1.87778785525 0.14034305246
11 3.57460870691e+17 0.210317445179 1.95468668395 0.20154700635
12 4.02924687238e+17 0.196937767419 2.06312829691 0.135180777414
13 4.68415058635e+17 0.180488862755 2.19813623198 0.210207976801
14 5.25561023964e+17 0.16282755252 2.22497119603 0.160646176621
15 6.2262061777e+17 0.146604390168 2.37325181532 0.229892170826
16 8.05248250561e+17 0.135900267722 2.84526977369 0.24633042932
17 1.06798236939e+18 0.137718428052 3.82410218058 0.341657663709
18 1.42715148996e+18 0.162186200743 6.01807122907 0.501074896551
