00 3.68378778713e+17 0.136910384805 1.31130688904 0.421989280422
10 9.0974951927e+17 0.186945521398 4.42191355375 0.383959972621
11 7.48698647275e+17 0.185676264417 3.61440476799 0.323018886456
12 6.25259155992e+17 0.194556996222 3.1628621245 0.213534279982
13 5.16048580598e+17 0.205483873159 2.75703118806 0.261897225516
14 4.09926884899e+17 0.214292136963 2.28394681225 0.158274590889
15 3.67286073691e+17 0.218840961129 2.08980817177 0.208380107758
16 3.5000216269e+17 0.218107672284 1.98479208196 0.14405654245
17 3.16559640698e+17 0.211850743446 1.7436482759 0.203769491134
18 2.88366231755e+17 0.200467415737 1.50300886491 0.134288857097
19 2.40689429129e+17 0.184944334645 1.15736780449 0.194562813085
20 2.28039404834e+17 0.16685359384 0.989279050074 0.150856769519
21 2.09950290928e+17 0.148463892162 0.810420971146 0.226391405929
22 2.42703436624e+17 0.133141338221 0.840160368916 0.218043318013
23 3.16670498028e+17 0.126509696695 1.0416091051 0.295177703551
