03 2.29334118192e+17 0.196059045251 1.16903873466 0.48495893862
04 2.38706652246e+17 0.192266290437 1.19327630578 0.305812256389
05 2.39892659615e+17 0.199080100649 1.24170422535 0.316560935801
06 2.51730683075e+17 0.209321457006 1.37000846721 0.198879916138
07 2.76110586282e+17 0.218755481045 1.57041830722 0.236131536975
08 2.88072226026e+17 0.225039165285 1.68551586545 0.156883165819
09 3.13339645959e+17 0.226914228848 1.84863182739 0.229747150283
10 3.33576689473e+17 0.223870098459 1.94162400421 0.14586175289
11 3.60062081941e+17 0.215993434101 2.02204718477 0.207420975393
12 4.0219553228e+17 0.203907359173 2.13227635032 0.139756562025
13 4.62880003466e+17 0.188737684953 2.27143540689 0.216802773454
14 5.11535491291e+17 0.172141842648 2.28947321332 0.163997701083
15 5.93312434371e+17 0.156432806673 2.4131517629 0.233673723813
16 7.54014782692e+17 0.145021847647 2.84306404042 0.237948684946
17 9.69473972483e+17 0.143428503813 3.61530523532 0.335705430293
18 1.2290393536e+18 0.160019368052 5.11342261751 0.502049932892
