00 9.17628480868e+16 0.194958322924 0.465138205212 0.126243544993
01 1.0801220787e+17 0.163168319975 0.458228432866 0.190957104667
02 1.31020177277e+17 0.123522046486 0.42078089113 0.12672635998
03 1.57360720928e+17 0.102026056343 0.417427238267 0.178686532515
04 2.10062223749e+17 0.0883262679716 0.482404318904 0.192423421232
05 2.69462162212e+17 0.0908880302625 0.636763013997 0.268132963157
16 8.8015427833e+17 0.177607538614 4.06437290935 0.420180301469
17 6.25948976603e+17 0.162774042739 2.64909438222 0.332162388045
18 4.17833562353e+17 0.167401292288 1.81859283578 0.198354028516
19 2.57794401314e+17 0.17716833239 1.18749810869 0.233085763232
20 1.7913677695e+17 0.204022754464 0.950247445141 0.159957933176
21 1.33471871129e+17 0.220653460277 0.76572678557 0.238986218336
22 1.25465933435e+17 0.224430871127 0.732119147177 0.153138938592
23 1.11561712349e+17 0.215015323579 0.623674419676 0.213195681422
