00 2.24801945968e+17 0.210630672986 1.23110481436 0.319815240403
01 1.92163911756e+17 0.213154144263 1.06497388838 0.375121630382
02 1.69898587663e+17 0.216107992117 0.954627508727 0.287066345033
03 1.47675380937e+17 0.219176941009 0.841542994657 0.326175457422
04 1.39997865435e+17 0.221954436789 0.807901831731 0.243788984344
05 1.79252982795e+17 0.224042775512 1.04416873039 0.306182504396
06 2.2502815608e+17 0.225120903171 1.31712208512 0.21562284562
07 2.95143736715e+17 0.224985010706 1.72647583588 0.271011655263
08 3.51000068096e+17 0.22357459411 2.04034214168 0.192564924818
09 4.162980904e+17 0.220969268362 2.39171619586 0.289294876105
10 4.66882138088e+17 0.217391736191 2.63890428348 0.228154345273
11 5.1702144585e+17 0.213181805326 2.86570869569 0.280478658398
12 5.61189935136e+17 0.20877456148 3.04621674799 0.22933926719
13 6.5233229683e+17 0.204655431393 3.4710870381 0.328141399642
14 6.87232986484e+17 0.201306889996 3.59696311551 0.275335382447
15 7.01052782977e+17 0.199125093568 3.62952722617 0.337997842299
16 7.6254669295e+17 0.198325499765 3.93204380331 0.322437748371
17 7.62446489837e+17 0.198851142307 3.94194724175 0.395737582949
18 6.98247440586e+17 0.200355027075 3.63733200645 0.395835433121
19 4.99165056614e+17 0.202301476631 2.62552752892 0.4402788726
20 4.41576919635e+17 0.204192961435 2.34433937196 0.425659971322
21 3.43717248039e+17 0.205795796966 1.83912468977 0.457559938954
22 3.4753950545e+17 0.207215110496 1.87240136261 0.414206915387
23 2.51236293248e+17 0.208774320404 1.36374384597 0.394492796171
