00 1.08597752279e+17 0.223692649079 0.631605491176 0.195310913246
01 1.12539016976e+17 0.218155163893 0.638325160013 0.290900800959
02 1.11682207361e+17 0.200021063468 0.580808641054 0.171200282117
03 1.17080145075e+17 0.17059152054 0.519294879305 0.260619175723
04 1.32933897444e+17 0.132638478487 0.458435897304 0.167904503207
05 1.77766348809e+17 0.0908311064648 0.419814568017 0.218412856131
06 2.73506332731e+17 0.0523302715367 0.372129177129 0.157698975304
20 2.24451178016e+17 0.160460123785 0.936402059014 0.498594753323
21 2.17946157545e+17 0.178408922245 1.01097201595 0.414207241248
22 1.68356647194e+17 0.200909471176 0.879435568876 0.275462705141
23 1.41247126273e+17 0.21761486313 0.799174325334 0.315854440055
