00 9.14713114979e+16 0.228903286016 0.54439017823 0.151793420451
01 9.83326989798e+16 0.215269796394 0.550369562294 0.237667372237
02 1.04430410794e+17 0.189169116085 0.513630221059 0.144322495393
03 1.12901336144e+17 0.15285399628 0.448692930791 0.206789152993
04 1.32998047585e+17 0.109902544577 0.380037420187 0.1286109741
05 1.72035233879e+17 0.0663833239396 0.29692703715 0.149439435284
06 2.69111870882e+17 0.0614433569168 0.429913555061 0.194590598805
19 3.74452620917e+17 0.146644859427 1.42770035087 0.34028555339
20 2.32504925961e+17 0.160641105962 0.971096059648 0.217116568783
21 1.7125551275e+17 0.193110723817 0.859853176644 0.283370207808
22 1.42525665401e+17 0.217165223931 0.804742069113 0.189006819118
23 1.17423326221e+17 0.229449862972 0.700511918886 0.249842209099
