12 9.76410035763e+17 0.154813117967 3.93018813332 0.397436881804
13 7.52732441085e+17 0.146173143014 2.86076093581 0.306382482053
14 5.31039892001e+17 0.179308906975 2.47572474747 0.209643801528
15 4.51652229822e+17 0.207377856316 2.43522945174 0.264558993703
16 3.87475934217e+17 0.225335585171 2.27011502579 0.17780090646
17 3.27837231613e+17 0.230645792026 1.96597122646 0.252787256722
18 2.79568066309e+17 0.222433587857 1.61681852902 0.15733299599
19 2.33420026825e+17 0.201181986413 1.22095752129 0.224463096137
20 2.12621703779e+17 0.168628357558 0.932205265924 0.146465494268
21 2.11009761779e+17 0.127814061811 0.701220383104 0.205680053765
22 2.60289377342e+17 0.0833692597686 0.564203450581 0.133150862756
23 3.31929883181e+17 0.0556739173531 0.480475758965 0.155448832772
