00 1.05665048012e+17 0.199114749003 0.547026207345 0.142898353015
01 9.67711270839e+16 0.215874905356 0.543151905411 0.22422805881
02 8.99201841368e+16 0.220056171303 0.514474777543 0.143004479916
03 8.4052655977e+16 0.211352386736 0.461882965757 0.206877563666
04 8.6315290273e+16 0.190509523044 0.427541004314 0.129927699848
05 1.19547225933e+17 0.159298109669 0.49513482479 0.188112902976
06 2.00739623869e+17 0.132360992989 0.690822494635 0.123443809881
07 3.21749299468e+17 0.112405741472 0.940328182946 0.183058908683
08 5.2675207207e+17 0.0985048958919 1.34907910852 0.176585289977
09 7.63489870022e+17 0.0999506614786 1.98409425606 0.259886978996
20 4.74424332192e+17 0.176483790817 2.17693331962 0.393113293869
21 2.81223495188e+17 0.168670384307 1.23328595025 0.328906957651
22 2.03986298846e+17 0.175937286456 0.933108693221 0.208655232776
23 1.44916066129e+17 0.186387683624 0.70227481703 0.236445599476
