00 9.61642382496e+16 0.217826911431 0.54462613421 0.14119969405
01 1.05722554359e+17 0.205980422956 0.566196188033 0.220345938175
02 1.16712634363e+17 0.191612239631 0.581452800851 0.173182021077
03 1.28808197641e+17 0.176347623751 0.590590508912 0.234181508651
04 1.45705135941e+17 0.162417805837 0.615292820446 0.214977117878
05 2.13480720917e+17 0.153029848253 0.849391980498 0.295561808048
06 3.68062404833e+17 0.153076728989 1.46488651389 0.370065064276
07 5.41832594368e+17 0.16906994579 2.38179779128 0.437639369955
15 1.15810799165e+18 0.206515873811 6.21835978046 0.540940744901
16 8.80097898857e+17 0.196289794381 4.49161012565 0.397763252065
17 6.24723114376e+17 0.198526334743 3.22462374328 0.357083435947
18 4.42318216571e+17 0.206923867485 2.37968109682 0.232428352258
19 2.67761111789e+17 0.21660993987 1.50799267643 0.27075200906
20 2.05096253591e+17 0.224644929835 1.19791967093 0.183828511647
21 1.44244754519e+17 0.229320033953 0.860033512098 0.25092637903
22 1.37937764519e+17 0.229735926162 0.823920762193 0.160791106998
23 1.17190410109e+17 0.225602266514 0.687398975493 0.223116485231
