00 1.88265600264e+17 0.105124535152 0.514574676535 0.205767371878
01 2.49267749211e+17 0.0702816407629 0.455492606499 0.240328159717
16 6.06931839507e+17 0.183065203604 2.8888106201 0.63504752253
17 4.8986353437e+17 0.189848965342 2.41800221413 0.499261610974
18 3.42100982376e+17 0.202457335766 1.80078218982 0.333408186837
19 2.59377972364e+17 0.210170676684 1.41735474318 0.367230639815
20 1.77361369423e+17 0.208302326404 0.960564432489 0.236312364673
21 1.68044959422e+17 0.19532921869 0.853426356345 0.334644571057
22 1.8444005812e+17 0.171676690272 0.823265527024 0.224352744691
23 2.05111812354e+17 0.139434622708 0.743591892385 0.293817903202
