00 3.36211818428e+17 0.208460242219 1.82225672477 0.51915894717
01 2.8334259012e+17 0.207800327254 1.53084575675 0.516369506161
02 2.27877249485e+17 0.2076090234 1.23004370374 0.417038881955
03 1.93583765366e+17 0.20902503783 1.05206020085 0.402237109228
04 1.78605219654e+17 0.212247607304 0.985621793613 0.302118737828
05 2.21044408404e+17 0.216726862993 1.24556279161 0.337589316257
06 2.52889604166e+17 0.221571754468 1.45686302532 0.232785496521
07 3.1000597822e+17 0.225881237666 1.82063788515 0.27651411399
08 3.44285866197e+17 0.228908906043 2.04906262593 0.190503697992
09 3.85482675236e+17 0.230131971631 2.30650909013 0.278063072751
10 4.10547528811e+17 0.229278921539 2.44737726081 0.198494836191
11 4.37162963996e+17 0.226326257086 2.57247789183 0.25450213966
12 4.68401715571e+17 0.221491860407 2.69742635239 0.188252603922
13 5.24074046106e+17 0.215216318531 2.93252145785 0.276830853605
14 5.42092017064e+17 0.208139176729 2.93359523972 0.206775456262
15 5.5995675953e+17 0.201066964764 2.92730895698 0.280104511884
16 6.33067879192e+17 0.19492589536 3.20843440255 0.252917673473
17 6.6991232419e+17 0.190681446461 3.32123612545 0.339720816865
18 6.6563557465e+17 0.189165136749 3.2737911571 0.347761891427
19 5.27060330229e+17 0.190775730149 2.61430830264 0.417285134084
20 4.83561232657e+17 0.195074253034 2.45258900267 0.482730715169
21 4.63845377081e+17 0.200612666535 2.41938470686 0.512061579329
22 4.85147768811e+17 0.205419042668 2.59112334576 0.598763936572
23 3.52824304201e+17 0.208055714103 1.90858492666 0.52813816967
