00 1.06954455293e+17 0.207447837668 0.576874232466 0.155133882647
01 9.84328216511e+16 0.223641314848 0.572354787116 0.240496398468
02 9.09594262157e+16 0.226823515706 0.536425157863 0.149516594979
03 8.54210283538e+16 0.216647097438 0.481161664179 0.220040881573
04 8.83208962806e+16 0.193919093885 0.445304812624 0.136234344538
05 1.22907057009e+17 0.160569210353 0.513112316358 0.199572194002
06 2.11616580293e+17 0.119667075905 0.658411971795 0.118777630039
07 3.40643305653e+17 0.091784099774 0.812906617989 0.164494309573
08 5.55978520625e+17 0.0800112803297 1.15659838505 0.169894446015
09 7.49605434618e+17 0.0866757742586 1.68928841728 0.245783189844
20 4.5552855168e+17 0.175414603669 2.07756536917 0.40038002697
21 2.88909472562e+17 0.158364646368 1.18957920782 0.331248503738
22 2.02794086817e+17 0.161966201191 0.853990484507 0.208867629406
23 1.47964251852e+17 0.181924888324 0.699877879848 0.242251766423
