00 1.65375255254e+17 0.160047518195 0.688165378534 0.218103782782
01 2.30548704296e+17 0.153170563616 0.918145149427 0.311171982517
02 2.94297428676e+17 0.157414175777 1.20449126638 0.467277394251
03 3.50982681973e+17 0.178623472053 1.63003737739 0.499486858013
10 1.17398093337e+18 0.220059597986 6.71699007826 0.624467713365
11 1.06387724805e+18 0.201433545647 5.57181472139 0.484525465103
12 8.38193308656e+17 0.196613455942 4.28480216222 0.342932265914
13 7.19147098219e+17 0.201724484762 3.77180902426 0.344484783717
14 5.54747856973e+17 0.21090447624 3.04196896172 0.204501694076
15 4.59495478468e+17 0.220162577999 2.63025643708 0.254998183901
16 4.15171424829e+17 0.227110786828 2.451537633 0.178259467902
17 3.44675714997e+17 0.230375338228 2.06452439496 0.238576292917
18 2.89692018359e+17 0.229285702825 1.72697818884 0.157776617484
19 2.1707759689e+17 0.223740545668 1.26279555949 0.217186241954
20 1.90227252167e+17 0.214129898332 1.05906689633 0.158783838322
21 1.55904960081e+17 0.201310339706 0.81601729237 0.233337014288
22 1.71747148524e+17 0.18658864341 0.83319775377 0.175058403308
23 1.82307279386e+17 0.171775469703 0.814213882217 0.248687412356
