12 9.33935191875e+17 0.146827491936 3.5653114082 0.427915014039
13 7.16883045434e+17 0.168473798556 3.14017625441 0.372640024543
14 5.15415463865e+17 0.194953366555 2.61253147623 0.24384047513
15 4.5630154901e+17 0.216051460736 2.56320002119 0.291081314333
16 3.97771212268e+17 0.22666544415 2.34418570097 0.192641392059
17 3.4813162397e+17 0.224598044842 2.03293173437 0.269209497916
18 3.03238924238e+17 0.209445155473 1.65131001444 0.168133832648
19 2.64123342285e+17 0.182233840145 1.25143748435 0.241305379616
20 2.47076223453e+17 0.145364584835 0.93381944877 0.154995517184
21 2.6560104032e+17 0.102853178267 0.710265689845 0.213161324628
22 3.53379044932e+17 0.0609856183279 0.560327028541 0.149658257391
