00 3.86823398598e+17 0.198594717612 1.99734817387 0.633448464506
01 4.26166113431e+17 0.219303622229 2.42995408101 0.63210317923
04 2.38406180763e+17 0.233828113118 1.44939775249 0.672230257921
05 4.35489119818e+17 0.221793837606 2.51130888113 0.650913524563
06 4.99724308878e+17 0.209811593563 2.72604679329 0.511715502482
07 5.74291688724e+17 0.203726666097 3.04196180889 0.430389538058
08 5.70785086105e+17 0.20467764191 3.037500582 0.291515676103
09 5.53323395949e+17 0.210403312198 3.02694795583 0.346555537906
10 5.03334574597e+17 0.218049355122 2.85354626444 0.222897621768
11 4.76142666916e+17 0.22534212605 2.78967002251 0.270088468171
12 4.57595174964e+17 0.23070911317 2.74485580217 0.183423625155
13 4.45560174522e+17 0.23316347211 2.70109729046 0.255597465049
14 4.05864395628e+17 0.232207164929 2.45036013702 0.165527412774
15 3.91573134352e+17 0.227770054469 2.31890448763 0.227639409357
16 4.10207931205e+17 0.220171816733 2.34822186175 0.169736947581
17 4.04582009586e+17 0.21009585607 2.21002609502 0.243690969489
18 3.96273090918e+17 0.198570549126 2.04589229695 0.192203928966
19 3.32612905621e+17 0.186975938095 1.61695586133 0.260102527395
20 3.13378671304e+17 0.177084535501 1.44285742754 0.248677645221
21 2.83788357931e+17 0.17115043803 1.26283304596 0.343218071021
22 3.31206430678e+17 0.171894462061 1.48024633205 0.441210834567
23 3.92909521578e+17 0.18169639839 1.85614636906 0.465106227967
