00 1.50503051379e+17 0.185858241124 0.727278042739 0.18997120079
01 1.20370905411e+17 0.196579696036 0.61522437593 0.246411743295
02 1.02062447324e+17 0.204347620786 0.542261675336 0.147811487559
03 8.51667362318e+16 0.210339983399 0.465763217015 0.2090180822
04 8.37824166842e+16 0.212854951461 0.463671058151 0.137183744784
05 1.10791528212e+17 0.203014544637 0.584799582891 0.202839701894
06 1.66430499585e+17 0.181680907257 0.786168348154 0.121368459417
07 2.37009874823e+17 0.162108130763 0.998951922277 0.175190435769
08 3.31630825197e+17 0.141902857313 1.22354340338 0.125302788239
09 4.7985711646e+17 0.122847096498 1.53267539077 0.203363602508
10 7.11697365447e+17 0.109869467274 2.03303907045 0.233007957677
11 1.00640405782e+18 0.111991457203 2.93042508122 0.309136767607
22 3.73055732493e+17 0.177019496632 1.71699158753 0.34069358108
23 2.29496704813e+17 0.176944729225 1.05581403957 0.307274623644
