00 2.66475381023e+17 0.207600124947 1.43832838229 0.385600542945
01 2.24454805691e+17 0.209131364873 1.22045403653 0.41875056647
02 1.92122765023e+17 0.211475099565 1.05635870241 0.330254724949
03 1.6439064977e+17 0.214619106848 0.917315735124 0.353006298514
04 1.5422376444e+17 0.218215767044 0.875005483398 0.264250181448
05 1.94216482342e+17 0.221744629883 1.11972801185 0.318181546502
06 2.34784812738e+17 0.224665997296 1.3714522667 0.222271096569
07 2.99316021579e+17 0.226518610154 1.76281687933 0.272940860171
08 3.45727968781e+17 0.226987343346 2.04037270201 0.191217004232
09 3.99907516407e+17 0.225922262434 2.34904828264 0.283812978105
10 4.3826585149e+17 0.223353033265 2.54508818997 0.213446327173
11 4.76788381896e+17 0.219480537822 2.72079003263 0.267605903223
12 5.15302683127e+17 0.214665782199 2.87606419212 0.208771327593
13 5.89171725284e+17 0.209399842147 3.20768412308 0.303164108198
14 6.16153644529e+17 0.204267623475 3.27236625725 0.240965505807
15 6.30654713869e+17 0.199896226981 3.27770294359 0.31021596939
16 7.02301485041e+17 0.196862506931 3.59467760513 0.289768301776
17 7.21225512192e+17 0.195574074356 3.66737831066 0.370929348924
18 6.84222531119e+17 0.196113575647 3.48881850502 0.37616076492
19 5.10214270186e+17 0.198119738535 2.62817146296 0.434371754597
20 4.62153076101e+17 0.200838772874 2.41327467378 0.451417293408
21 3.85546118555e+17 0.203417895105 2.03910147747 0.484423527215
22 3.96504518111e+17 0.205317751964 2.11664482386 0.488125873851
23 2.87541833697e+17 0.206570419984 1.54433857109 0.441988128668
