00 2.30737780446e+17 0.197436129001 1.18445532883 0.343395959159
01 2.49915086492e+17 0.19888209431 1.29229453083 0.423493730362
02 2.32012984241e+17 0.20104673043 1.21278174938 0.452277255145
03 2.34943657411e+17 0.203264444374 1.24164799155 0.439208047357
04 2.11836392674e+17 0.205091523201 1.12959205951 0.444512762294
05 3.09332630471e+17 0.206504154086 1.66084030285 0.437921170881
06 3.56591892457e+17 0.20784223005 1.92698620779 0.36133396526
07 4.5825864343e+17 0.209550663637 2.49673847405 0.374823580262
08 5.09896556455e+17 0.211903224961 2.80926684244 0.27753205706
09 5.54396761144e+17 0.214873224992 3.09725051979 0.359208654343
10 5.5069935034e+17 0.218169529646 3.12379127423 0.268914247631
11 5.51383598235e+17 0.221351537875 3.17328979313 0.302324700814
12 5.39348060048e+17 0.223956708875 3.14055602812 0.2251258296
13 5.52220899399e+17 0.225587294094 3.23892447938 0.303805860311
14 5.13156371631e+17 0.225965647343 3.0148485043 0.207184011877
15 4.82473519786e+17 0.224964882604 2.8220295672 0.271150706807
16 4.96103965598e+17 0.222612146586 2.87140798651 0.21256466277
17 4.66168004091e+17 0.219094318957 2.65550379577 0.287539267838
18 4.27624348764e+17 0.214734792059 2.3874714659 0.22792895664
19 3.20713678014e+17 0.209975668315 1.75089379085 0.293026880965
20 2.9205800699e+17 0.20533804983 1.5592361614 0.253479838354
21 2.33155230434e+17 0.201368141407 1.22070092071 0.338363341965
22 2.6273074233e+17 0.198559051004 1.35635673853 0.322662228245
23 2.41509082486e+17 0.197248993091 1.23857300691 0.361764503681
