00 2.3892447771e+17 0.123861767723 0.769433812201 0.281098555229
01 3.63427196881e+17 0.135391207122 1.27932601905 0.375470419507
11 9.66799704021e+17 0.186152926267 4.67928744447 0.400798352106
12 7.95181493228e+17 0.184168955689 3.80764137497 0.273620484235
13 6.29110808676e+17 0.192926822927 3.15568108927 0.294171112222
14 4.74011388587e+17 0.203904431423 2.51297858962 0.175856357079
15 4.03329069511e+17 0.212771037429 2.23123535818 0.220536572179
16 3.67259388002e+17 0.21732091187 2.07514177243 0.151248886522
17 3.14320984707e+17 0.216510751948 1.76940069154 0.209453729857
18 2.72365736408e+17 0.210095851226 1.48779569212 0.135226037922
19 2.16433724911e+17 0.198484901883 1.11692949298 0.192634542952
20 1.97279961686e+17 0.182681932686 0.937026601703 0.140393383159
21 1.73958758176e+17 0.164296680325 0.743102008524 0.21086666701
22 1.9898489645e+17 0.145652800723 0.753550394207 0.170476394041
23 2.43233032403e+17 0.130230332339 0.823584284786 0.244053935824
