00 2.09395488206e+17 0.148624536131 0.809153989867 0.307861096924
01 1.72430787188e+17 0.154756802648 0.693805769887 0.295364282606
02 1.28939530729e+17 0.18807923308 0.630522049384 0.190540935504
03 9.82114380494e+16 0.21384694682 0.546057620412 0.267047827537
04 9.4900524256e+16 0.228289077891 0.563283582518 0.172972549103
05 1.24009230636e+17 0.229580712659 0.740223316192 0.251282033715
06 1.79710931333e+17 0.217342281155 1.01552837787 0.15028724815
07 2.39214783436e+17 0.192468233082 1.19707241407 0.209969286998
08 3.1639552721e+17 0.157079741481 1.29218251812 0.132565871831
09 4.45711234879e+17 0.114607805493 1.32813164934 0.185046268277
10 6.47268360388e+17 0.0701401064377 1.18038626397 0.123411279085
11 8.95870710845e+17 0.0606718454469 1.41320736203 0.178948125337
