00 1.51991733484e+17 0.223728250638 0.884125960736 0.221014590816
01 1.34895493653e+17 0.227401698231 0.797562072852 0.294465063587
02 1.25155356443e+17 0.229543610692 0.746943922803 0.215013687905
03 1.1296591456e+17 0.229760982163 0.674834146484 0.268061156644
04 1.10134835573e+17 0.22790762732 0.65261479558 0.194045857241
05 1.45847468462e+17 0.224078679048 0.84971400996 0.271707129745
06 2.02444181317e+17 0.218594720518 1.15058396012 0.191193770519
07 2.86925087509e+17 0.211984442854 1.58141502523 0.258985914326
08 3.73450113558e+17 0.204957683079 1.99007822053 0.193949730035
09 4.8132646809e+17 0.198364037035 2.48242439489 0.300747831931
10 5.89997360883e+17 0.193131067779 2.96261732764 0.292115505175
11 7.09105388972e+17 0.190151391507 3.50577178739 0.338002010903
12 8.01109023652e+17 0.190057934967 3.95868529468 0.35191112151
13 9.90431812086e+17 0.192876455509 4.9668054108 0.454658010472
14 1.06531253635e+18 0.197711244108 5.47623094007 0.507856813646
15 1.12076979182e+18 0.202857752974 5.91127788078 0.496312967012
16 1.06466587466e+18 0.206575500393 5.71828103104 0.529206438853
17 9.8534745903e+17 0.208075153341 5.33068441443 0.529212301874
18 7.9585701215e+17 0.207917768176 4.3022931576 0.495551409977
19 5.07350450833e+17 0.207537597982 2.73765164143 0.474433913211
20 4.1440332078e+17 0.208294774733 2.24426920511 0.382354808686
21 2.77175386262e+17 0.210783655076 1.51902506635 0.40170287477
22 2.62682659496e+17 0.214753563129 1.46671296457 0.283929801003
23 1.86372155849e+17 0.219457461465 1.06341976547 0.321807582684
