12 9.6523407116e+17 0.154069012129 3.86652915525 0.354267342085
13 7.21435127759e+17 0.146364564172 2.74540598937 0.282917213101
14 5.10739702191e+17 0.17943848837 2.3828053629 0.194370050801
15 4.34765026322e+17 0.20784115425 2.34941368736 0.25122799255
16 3.7759747914e+17 0.225544199991 2.21428795513 0.17086904683
17 3.21350130536e+17 0.230376579989 1.92482014535 0.243550828484
18 2.76034739481e+17 0.22164942942 1.59075650516 0.151377364098
19 2.30101073e+17 0.199952629468 1.19624217933 0.216307491981
20 2.10441216623e+17 0.167087417871 0.914214066979 0.142238462788
21 2.06370352057e+17 0.126105999077 0.676638025076 0.197079402697
22 2.52632918119e+17 0.0815552943422 0.53569235194 0.127145711001
23 3.25658782527e+17 0.0636381457718 0.538832347932 0.171245652935
