00 1.58194138497e+17 0.0851397651647 0.350183906853 0.118495179607
01 2.20124338111e+17 0.0649997934146 0.37200894907 0.163284668931
14 8.43719600932e+17 0.154552723229 3.39037821111 0.326397319887
15 6.63319313196e+17 0.14716337802 2.53802408172 0.273034644036
16 5.03599866923e+17 0.17876691491 2.34070185853 0.19528843723
17 3.69769223586e+17 0.207367943862 1.99363537356 0.264708111975
18 2.80124678569e+17 0.225272909057 1.64071703224 0.168145650505
19 2.08670840828e+17 0.230317187098 1.24957250831 0.237916427932
20 1.67167391459e+17 0.221803299428 0.964035253539 0.156110358605
21 1.44701674809e+17 0.200309353208 0.753612571119 0.232763232192
22 1.57672620028e+17 0.16761816339 0.687148669638 0.143498944824
23 1.75800960662e+17 0.126756992255 0.579384026235 0.190716957842
