00 8.75019004207e+16 0.218137829517 0.496274340547 0.132809286825
01 9.40415328831e+16 0.202932526782 0.496186233151 0.206019003779
02 1.01068939803e+17 0.176303976208 0.46329025492 0.132084781329
03 1.09569012785e+17 0.140562730336 0.40043430953 0.17461271603
04 1.28437216154e+17 0.119551611938 0.399226781827 0.133640396584
05 1.7444218519e+17 0.101870842768 0.46203488291 0.20212136383
06 3.13658959042e+17 0.0945476256513 0.771048455884 0.248228944223
18 5.81173277296e+17 0.168721445238 2.54946627725 0.312392964753
19 3.38192851934e+17 0.169971373866 1.49456069555 0.298016520622
20 2.25623132207e+17 0.179662772887 1.05393801655 0.183473778886
21 1.53803297215e+17 0.189494774542 0.75776794937 0.234923381047
22 1.3482605029e+17 0.211275157948 0.740620271837 0.156772344953
23 1.10729779901e+17 0.220874903943 0.635893166979 0.217622697109
