00 9.88787183617e+16 0.206421073346 0.530676930558 0.151391298987
01 1.16101434796e+17 0.176529121496 0.532877391511 0.235089671904
02 1.39377741828e+17 0.137569162215 0.498526058542 0.148937942505
03 1.6589123312e+17 0.0938781986077 0.404912823383 0.190871256027
04 2.13366754872e+17 0.0519890122266 0.288410897523 0.132251739898
18 4.56313622537e+17 0.145964453679 1.73174478411 0.311449505266
19 3.03626206455e+17 0.175012203907 1.38159558044 0.323763719186
20 1.87980111626e+17 0.202756778564 0.990970288551 0.213224161298
21 1.49277432532e+17 0.222092096051 0.861986784987 0.294764523739
22 1.35637290692e+17 0.229541812606 0.80949516862 0.191096797652
23 1.21031505965e+17 0.223732321037 0.70404515345 0.255926051347
