00 1.72231633641e+17 0.188383363807 0.843584936982 0.248695651689
01 2.10711430233e+17 0.184089586665 1.00853428253 0.34131624721
02 2.31726149887e+17 0.183818696131 1.10748556702 0.416340255428
03 2.64670090419e+17 0.188187236986 1.29499585875 0.427800638874
04 2.40015311204e+17 0.196334617404 1.22520617171 0.563276879232
05 3.65638356607e+17 0.205541202624 1.95399743611 0.549727169013
06 4.76240511739e+17 0.212337422051 2.62921574601 0.60939693925
07 6.32895698985e+17 0.214596270553 3.53124347292 0.569157504644
08 7.437181683e+17 0.212720805367 4.11331252089 0.539426381094
09 8.58650519229e+17 0.209201016089 4.67039458829 0.537168801852
10 8.19733408474e+17 0.206969716949 4.41115977966 0.446235158697
11 7.83755057537e+17 0.207693430934 4.23230019971 0.384434710844
12 6.8601282152e+17 0.211314754922 3.76908041257 0.283421141608
13 6.52377397617e+17 0.216728736367 3.67611215452 0.34198275938
14 5.50883856578e+17 0.222561687816 3.18774666367 0.216862279864
15 4.80440093701e+17 0.227598127095 2.8430289032 0.272775359383
16 4.58086998522e+17 0.230921086126 2.7503306282 0.20030330137
17 3.96108971345e+17 0.231940100904 2.38871242435 0.266076716284
18 3.41485306528e+17 0.230386005458 2.04550932804 0.190271240167
19 2.51049251532e+17 0.226296588441 1.47710131796 0.248600206147
20 2.22713217857e+17 0.219995889415 1.27389580361 0.193135428002
21 1.75933039799e+17 0.212073932496 0.970081101759 0.274698055733
22 1.92771097887e+17 0.203367729708 1.0192889338 0.217393135498
23 1.88249987005e+17 0.194929821487 0.954083945408 0.2893328188
