10 9.0128895741e+17 0.149338158041 3.49951765182 0.338750232719
11 7.33603133845e+17 0.152698636235 2.91252514997 0.297046513273
12 5.99200029402e+17 0.185724096021 2.8934329787 0.20199256395
13 4.76124430637e+17 0.212109421071 2.62575241084 0.270054092751
14 3.82189932748e+17 0.227588219461 2.26153008354 0.172849881725
15 3.70729293171e+17 0.230076542209 2.21769896058 0.239117683876
16 3.6494776273e+17 0.219027785858 2.07827621104 0.15885411108
17 3.61565022987e+17 0.195200892334 1.83502319322 0.222750089293
18 3.60320338422e+17 0.160605341188 1.50460364312 0.143204655532
19 3.56701530348e+17 0.11856877907 1.09963528859 0.187973903003
20 3.89593312053e+17 0.0740928616315 0.750518167425 0.122251177868
21 4.07592131498e+17 0.0571785328607 0.6059435222 0.169869801143
