04 2.98894802625e+17 0.21119206492 1.64122947456 0.584873276581
05 3.84291569083e+17 0.199843119671 1.99674867676 0.458089368608
06 3.71609833683e+17 0.19989041474 1.93131233818 0.299686770442
07 3.94701658074e+17 0.206739195884 2.12160788851 0.300004985267
08 3.85996978118e+17 0.215836869723 2.16612186647 0.197973766705
09 3.90427638582e+17 0.224150669889 2.27538003501 0.271894927768
10 3.81758828132e+17 0.229818398082 2.28111526071 0.172017176946
11 3.83718682768e+17 0.231771889959 2.31231531226 0.231494013868
12 3.95815649423e+17 0.229545450173 2.36229971724 0.154902235522
13 4.1342556611e+17 0.22317934869 2.39896926298 0.228483904037
14 4.08578532346e+17 0.213171984481 2.26453491047 0.151736890696
15 4.27207875167e+17 0.200448206347 2.22645936018 0.21914424571
16 4.87564641358e+17 0.18636321195 2.36246692751 0.17672618915
17 5.42492683242e+17 0.172754289297 2.4366663865 0.257074791196
18 5.94424949711e+17 0.162133836806 2.50578634254 0.25480409435
19 5.50782839641e+17 0.158083193257 2.26380726212 0.337409185506
20 5.07250210238e+17 0.165493303672 2.18260934009 0.481524407576
21 7.74985080986e+17 0.188122112799 3.79058760139 0.529664158093
