00 3.37125843417e+17 0.12387503605 1.08579837617 0.370425594524
10 1.02669854883e+18 0.191633489198 5.11549545693 0.45716892484
11 8.38497498617e+17 0.180190018014 3.92831086389 0.342090901792
12 6.94384384345e+17 0.185576674411 3.35040016505 0.2284998481
13 5.53264442377e+17 0.196375518047 2.8248373787 0.268236630468
14 4.2715209764e+17 0.206452067009 2.29284727061 0.16021497107
15 3.76154391923e+17 0.212786485141 2.08105484412 0.208464683084
16 3.51190298075e+17 0.213900719812 1.95311629627 0.142852896413
17 3.1155493431e+17 0.209258404755 1.69508270223 0.200371401847
18 2.78749187415e+17 0.1990476202 1.44259342208 0.130208459307
19 2.30022017263e+17 0.184094071557 1.10098793235 0.187847611542
20 2.16684092551e+17 0.165838556446 0.934299004955 0.140708256176
21 1.98685033687e+17 0.146418835477 0.756372012736 0.212393371678
22 2.30840722025e+17 0.128986428313 0.774158326326 0.190857065244
23 2.98946145131e+17 0.118716010465 0.922732036044 0.267000706032
