00 1.93738103727e+17 0.202623492088 1.02065316932 0.247948776283
01 1.45038129389e+17 0.211920020161 0.79914856591 0.299977774506
02 1.22310988925e+17 0.221021907947 0.702868611513 0.192255020616
03 9.87064116912e+16 0.227664897362 0.584271612253 0.247155624567
04 9.47647937492e+16 0.230552953138 0.568055879362 0.162553168348
05 1.20563059179e+17 0.229074009367 0.718064447042 0.232458336863
06 1.66904699948e+17 0.223170134228 0.968451751561 0.148351780531
07 2.25784607822e+17 0.213273758372 1.25200222921 0.207025030938
08 2.89562860286e+17 0.200276217411 1.50780641338 0.143831210827
09 3.80103963615e+17 0.185520716794 1.83344615444 0.23319221764
10 4.93415043002e+17 0.170860832751 2.19193793362 0.202319447379
11 6.33095721776e+17 0.158860788112 2.6149262181 0.266353434695
12 8.25700529157e+17 0.153285192352 3.29075927537 0.294673974078
13 1.16191156404e+18 0.159689101838 4.82415996599 0.406713452242
14 1.59707901879e+18 0.183377555238 7.61457959565 0.616579699813
21 7.22726271054e+17 0.216235842271 4.06326242278 0.657815478296
22 4.66701351202e+17 0.199851014137 2.42503919676 0.452753670547
23 2.665687621e+17 0.197078997879 1.36591271701 0.377184222006
