00 2.7919174697e+17 0.187927811267 1.36416524223 0.351973478867
01 1.84275140808e+17 0.191319716126 0.916642158339 0.342208557053
02 1.45329534791e+17 0.201287198136 0.760577346475 0.207624647692
03 1.07130439593e+17 0.211743849157 0.589789502675 0.254892355807
04 1.00850656515e+17 0.219483284947 0.575510867903 0.160437296195
05 1.23861644994e+17 0.222815903876 0.717556954007 0.226253173078
06 1.64941856388e+17 0.220969898693 0.947626817705 0.140164227027
07 2.11931612785e+17 0.213867054313 1.17845493329 0.193193831304
08 2.60592510227e+17 0.202019295734 1.36876260013 0.127487320404
09 3.32673432262e+17 0.186489454028 1.61304225556 0.208039369701
10 4.22332723877e+17 0.168901219976 1.85464531976 0.158185212181
11 5.33865556351e+17 0.15156800841 2.10384041751 0.220794738918
12 6.98822993673e+17 0.137918352896 2.50589342259 0.212603632552
13 1.01309221799e+18 0.133662876022 3.52073330783 0.319277390543
14 1.43942521564e+18 0.148385009679 5.5533172384 0.501620490969
23 3.91986611961e+17 0.199301799894 2.03121456975 0.516916279976
