00 1.37215277776e+17 0.118367790621 0.422288601015 0.135260569018
01 1.95383110191e+17 0.102140513313 0.518869810358 0.205426256594
02 2.90924789634e+17 0.098099782253 0.742031121393 0.291883508348
13 1.04895422853e+18 0.183184308395 4.99595082717 0.411520546767
14 8.0111239143e+17 0.169043243108 3.52098855528 0.277385545056
15 6.0460485364e+17 0.173991470636 2.7350982786 0.270684681021
16 4.8047810588e+17 0.184384097095 2.3034055649 0.176695062188
17 3.56936829171e+17 0.193878067443 1.79925778861 0.223477037692
18 2.75203820036e+17 0.213027963652 1.52427884366 0.14715086022
19 2.00672364379e+17 0.219813107286 1.14687081497 0.210296449455
20 1.63688494851e+17 0.213722323172 0.909581020301 0.142473248758
21 1.36096632687e+17 0.195287360904 0.691026757858 0.20720561643
22 1.46692243079e+17 0.166070920466 0.633394211666 0.128341172933
23 1.56231342476e+17 0.137545059795 0.558710082912 0.179719178444
