00 1.91354658259e+17 0.11198953444 0.557172696375 0.235505917875
01 2.51757586829e+17 0.0790428183845 0.517390359528 0.282916373948
16 5.72621195965e+17 0.194439698091 2.89484760407 0.875885448976
17 4.9816844544e+17 0.189146386706 2.44989579707 0.617794709224
18 3.48641148688e+17 0.19678655259 1.78380513328 0.414788644665
19 2.68673808716e+17 0.203883772023 1.42423396868 0.414044157592
20 1.75243490988e+17 0.203570621007 0.927535083486 0.270088677585
21 1.71625584044e+17 0.193265641446 0.862402543312 0.365622285145
22 1.87696576395e+17 0.172772870126 0.843150781631 0.251254660277
23 2.06297107217e+17 0.143713175322 0.770837920786 0.321347844773
