00 2.07971954908e+17 0.168976150966 0.913699811678 0.296228084796
01 2.84928520427e+17 0.170795001535 1.26527354417 0.394990660157
02 3.12774874928e+17 0.182577863781 1.48474998122 0.582310736835
03 3.43923702836e+17 0.203218420977 1.8171824275 0.5591673628
08 8.27618201428e+17 0.221998876336 4.77698807957 0.615944140635
09 9.27305129351e+17 0.209028800145 5.03967044247 0.573685031217
10 8.28663966311e+17 0.202952432116 4.37266355162 0.415340770547
11 7.427402318e+17 0.204407426694 3.94736210658 0.356462907435
12 6.41161238077e+17 0.210638641088 3.51138662958 0.249329587203
13 5.79866754771e+17 0.21858316091 3.29547681228 0.306632744593
14 4.79630036346e+17 0.225923693237 2.81735451917 0.188943385428
15 4.21937876385e+17 0.231102153656 2.53527955049 0.24668217666
16 4.03434356425e+17 0.233169884789 2.44578730259 0.177414078077
17 3.55695555266e+17 0.231675744878 2.14255685061 0.242736129783
18 3.13872877733e+17 0.226605689667 1.84925987809 0.169376754404
19 2.41453536113e+17 0.218345628831 1.37072842858 0.230384658463
20 2.19523062802e+17 0.207650890007 1.18518814356 0.180071920303
21 1.82370240635e+17 0.195634625215 0.927626275603 0.26158663288
22 2.04506746441e+17 0.183783791984 0.977210659028 0.221517344588
23 2.20196933399e+17 0.174021607583 0.996294632705 0.293964287173
