13 8.0597342341e+17 0.175978261249 3.68767884327 0.584353298055
14 6.09612645236e+17 0.188378268484 2.98578213844 0.3730879975
15 5.43998718764e+17 0.204651523218 2.89458432702 0.367566373082
16 4.5412298935e+17 0.214860676017 2.53690248465 0.231855399926
17 3.88997712631e+17 0.21469572705 2.17141981508 0.312773039561
18 3.25794863132e+17 0.20273522769 1.71730248969 0.199794167374
19 2.8130369842e+17 0.179384127913 1.31199688412 0.283096358681
20 2.48480669371e+17 0.146609517924 0.947170409896 0.183206626731
21 2.72326728794e+17 0.108183138528 0.765990165874 0.261692441854
22 3.55928044586e+17 0.0704477542072 0.651932616412 0.198674292912
