00 4.17097377138e+17 0.223624744234 2.42510565136 0.704525084703
03 2.75675156616e+17 0.234029605762 1.67741985376 0.645204987522
04 2.67204982481e+17 0.220892515503 1.53461309912 0.654018106781
05 4.19086617989e+17 0.208732476774 2.27440168165 0.55121098747
06 4.25376099351e+17 0.203207963929 2.24743508738 0.381634823733
07 4.70165644481e+17 0.204858519771 2.50425338736 0.351151673556
08 4.64108570875e+17 0.211063873827 2.54687037398 0.23379692216
09 4.60418155774e+17 0.218894650265 2.62035985078 0.306132920317
10 4.35954120702e+17 0.226109675662 2.56290956572 0.197171136918
11 4.26607442165e+17 0.231193245683 2.56434773885 0.25226824317
12 4.24974744177e+17 0.233215163003 2.57687441012 0.171356220258
13 4.29129103346e+17 0.231732838253 2.58552593248 0.245326141951
14 4.06652078679e+17 0.226734971216 2.39725843121 0.161553427258
15 4.05754500015e+17 0.218600406802 2.30615056789 0.226443897525
16 4.41670197786e+17 0.208075873371 2.38942371581 0.174272784676
17 4.56528658575e+17 0.196255564566 2.32950353036 0.251937408752
18 4.66853760213e+17 0.184599803887 2.24070892707 0.216953424432
19 4.03223655567e+17 0.174986964371 1.83453096971 0.292052432655
20 3.73195584858e+17 0.16982460305 1.64782259352 0.318974948768
21 3.76780257422e+17 0.171997631076 1.68493810453 0.407487877857
22 4.77826796131e+17 0.183804623462 2.28349613292 0.596523417245
23 5.19794107653e+17 0.203844439646 2.75488560375 0.578791439539
