00 2.93421342822e+17 0.199339499483 1.52075205401 0.388020945946
01 1.96413120144e+17 0.201807595718 1.03057914814 0.376778573116
02 1.58618806019e+17 0.209549192423 0.864199510313 0.238527602564
03 1.19805912863e+17 0.218558858951 0.680800733883 0.281782163946
04 1.12259308218e+17 0.22622627623 0.660296137026 0.18358610121
05 1.36867669091e+17 0.230954585491 0.821865610333 0.251296807452
06 1.76297751086e+17 0.231857525439 1.06277496799 0.16022401845
07 2.24584543736e+17 0.228610961494 1.33490470048 0.214792201559
08 2.70013687024e+17 0.221370400464 1.55409898871 0.145197260739
09 3.3331602933e+17 0.210736633879 1.82628934901 0.230773667143
10 4.01912808867e+17 0.197727339189 2.06619790736 0.173077700969
11 4.80766810061e+17 0.183784547641 2.29729527841 0.234896839309
12 5.87334046796e+17 0.170853320025 2.60904726833 0.204755801764
13 7.81835910649e+17 0.161599510568 3.28495181313 0.306970865053
14 9.90252360127e+17 0.159797838541 4.11424485571 0.388048838229
15 1.24282545347e+18 0.170244382937 5.50118536303 0.435972178396
16 1.62955647196e+18 0.195205345718 8.27055149636 0.61654352215
22 6.22030894241e+17 0.223841432672 3.62014344986 0.650999133531
23 3.70825385272e+17 0.206032463802 1.98645376197 0.539521586461
