00 1.11901461464e+17 0.156701161427 0.455912313394 0.135703776223
01 1.46936447872e+17 0.114181865392 0.436214420515 0.187781375714
02 2.1046819016e+17 0.0698873289801 0.382435550785 0.130138810374
03 2.68661931027e+17 0.0556895372953 0.389003124322 0.174511484166
16 7.24893220512e+17 0.145647640564 2.74505366794 0.323472221652
17 5.08522933792e+17 0.15879105156 2.09947117638 0.306766410374
18 3.44335277227e+17 0.190781950652 1.70801685256 0.204568950368
19 2.34050212422e+17 0.215468753333 1.31119319468 0.26752517477
20 1.66068660195e+17 0.228876054198 0.988237631458 0.175407666039
21 1.35903718195e+17 0.229144149695 0.809680090599 0.261680539751
22 1.3534855723e+17 0.215921184159 0.759840139531 0.161167533804
23 1.31677659505e+17 0.190164149446 0.651049623143 0.22634324707
