00 9.2727053442e+16 0.183498093996 0.44239617678 0.11765441505
01 1.08365723662e+17 0.165438415998 0.466124195451 0.188786926221
02 1.30708546474e+17 0.145529581931 0.494570963201 0.150431623078
03 1.56167515451e+17 0.126738119372 0.514601807598 0.209135738709
04 2.00585035272e+17 0.113831525966 0.593655416923 0.230624124802
05 2.74510017256e+17 0.115518150941 0.824483129814 0.311096929292
16 8.69707590954e+17 0.178254805004 4.03076848293 0.36389008208
17 5.75698304576e+17 0.179624148029 2.68864225451 0.31556281224
18 3.91093875202e+17 0.189622371583 1.92816385131 0.194298761428
19 2.43931110885e+17 0.200231495651 1.26990997038 0.235892614066
20 1.78644953201e+17 0.207609179348 0.964296635348 0.153726327016
21 1.31299716698e+17 0.209889310888 0.716518583495 0.216957945285
22 1.25896225894e+17 0.209935488488 0.68718222773 0.138008548782
23 1.11862443453e+17 0.19934929683 0.579792185544 0.193630260923
