00 3.30834748129e+17 0.0437117017939 0.375995096185 0.168747770582
13 8.73868948972e+17 0.145245175445 3.30005646904 0.41789772313
14 6.44032069595e+17 0.168049488439 2.81396075568 0.289312798695
15 5.3391005271e+17 0.195062324946 2.70778914103 0.313479107882
16 4.33651323702e+17 0.21640135028 2.439911032 0.203623428805
17 3.51849597682e+17 0.227120278166 2.07771664095 0.283087074934
18 2.87167215657e+17 0.225083905892 1.68055468215 0.179406262342
19 2.34094572396e+17 0.209913604286 1.27763052132 0.251045860152
20 2.02595432372e+17 0.182648991853 0.9621001384 0.162686120826
21 1.99836836767e+17 0.145693825419 0.756989823412 0.237054150879
22 2.44977370545e+17 0.103046918851 0.656348243791 0.153177045753
23 3.20628203003e+17 0.0609477750414 0.508080965303 0.165227535524
