00 1.05558343401e+17 0.213448774082 0.585813773822 0.175938224941
01 1.18979738003e+17 0.191231258768 0.591568771721 0.269408405726
02 1.33813491322e+17 0.158480737267 0.551378379787 0.167498480923
03 1.52827398861e+17 0.118539597547 0.471018557235 0.234852554074
04 1.86624684924e+17 0.0769115675325 0.373193523501 0.164909397439
05 2.05307180859e+17 0.0410367377995 0.219053560682 0.140737357081
19 3.25451871123e+17 0.165006541473 1.39624387942 0.454891594093
20 1.9368820895e+17 0.186251787894 0.937944155484 0.297471883527
21 1.71743466709e+17 0.207655103183 0.927248589815 0.350468025269
22 1.48741234482e+17 0.221126108795 0.855154830358 0.228678655568
23 1.30717050342e+17 0.223089315401 0.758201009074 0.291045763399
