00 9.18325962123e+16 0.218036159618 0.520593491752 0.138198271992
01 9.15825015104e+16 0.218594165622 0.520504413084 0.215745549127
02 9.12050823286e+16 0.206393360586 0.489427209551 0.136525018663
03 9.20084998577e+16 0.182468603609 0.436505224719 0.192336239158
04 1.00107587639e+17 0.148871854662 0.387483258177 0.122636207178
05 1.37398642946e+17 0.127155580913 0.454246110774 0.186317556504
06 2.46805107862e+17 0.10826300528 0.694716430085 0.153217204167
07 4.11494248883e+17 0.0974366327604 1.0424599643 0.228672146236
08 6.5422884188e+17 0.105479898485 1.79420778752 0.319190217177
19 4.42675805881e+17 0.17195011561 1.97907205597 0.371816453017
20 3.05163770696e+17 0.170279220069 1.35103927055 0.246882579674
21 1.94726258601e+17 0.179373679167 0.908147901323 0.271211194571
22 1.57481036924e+17 0.18955818868 0.77614732288 0.165179974507
23 1.2013363241e+17 0.205974527554 0.643356172655 0.219747301482
