00 4.15670998858e+17 0.200706549287 2.16912518731 0.651955555997
06 5.48020473902e+17 0.215434323801 3.06962292582 0.571218156633
07 6.28076431036e+17 0.203200698098 3.31826480039 0.466622127147
08 6.1651918464e+17 0.200961950277 3.22131934094 0.314069746292
09 5.80160440416e+17 0.205999290964 3.10732862364 0.352587472486
10 5.15370436338e+17 0.214248486082 2.87085072968 0.222113394426
11 4.79642217871e+17 0.222613534399 2.77614608355 0.268669695206
12 4.55248155994e+17 0.229068811452 2.71136200424 0.17963464563
13 4.35947238232e+17 0.232374658371 2.63388035435 0.249806678821
14 3.92584471147e+17 0.231888126515 2.36692761534 0.160069961437
15 3.78368321408e+17 0.227463643007 2.23769095644 0.22049338616
16 3.94539111919e+17 0.219399340994 2.25060214993 0.16210133391
17 3.8929180506e+17 0.208402917036 2.10936824158 0.234243278912
18 3.82503571099e+17 0.195575476273 1.94501627044 0.181854782532
19 3.27304720493e+17 0.182428940794 1.55245619039 0.248232403228
20 3.11277955826e+17 0.170971091533 1.38370782882 0.237229867688
21 2.85482564531e+17 0.163913231831 1.21665361438 0.332734539554
22 3.32368656174e+17 0.164906661579 1.42505494308 0.443246724035
23 4.29126032096e+17 0.177815565094 1.98393748524 0.473704247176
