00 8.94100400249e+16 0.201301854707 0.467958579047 0.122330268916
01 9.93805504551e+16 0.186839127885 0.482772559768 0.194693917043
02 1.11980311635e+17 0.168946849953 0.491886743594 0.144407290288
03 1.25868759501e+17 0.149670220193 0.489808928701 0.202934510196
04 1.49911265682e+17 0.132006616427 0.514521252623 0.181915680253
05 2.13247497698e+17 0.120785486583 0.669687272073 0.261452267085
06 3.91180160185e+17 0.124790720626 1.26920700619 0.366664458737
16 9.75982679096e+17 0.192099648935 4.87463418055 0.498663379473
17 6.86037817352e+17 0.18099069416 3.22832798034 0.367131324979
18 4.66438791361e+17 0.186429041703 2.26090115905 0.231318929831
19 2.75212791062e+17 0.197220820763 1.41122000598 0.263824476163
20 1.9877701538e+17 0.207318012346 1.07146144894 0.168548839098
21 1.39389164345e+17 0.213726183378 0.774568966595 0.232721354679
22 1.29414153477e+17 0.214966407912 0.723312088355 0.144878731778
23 1.10196358449e+17 0.210495763091 0.603092530602 0.200977219361
