00 2.47670252348e+17 0.0663613501252 0.427329040622 0.191729352805
15 7.47606297715e+17 0.179011301332 3.47957938219 0.554243613962
16 5.67040680965e+17 0.191418847102 2.82209910867 0.331815743028
17 4.30923648724e+17 0.206119984715 2.30937137309 0.380442265336
18 3.18632616417e+17 0.214091554594 1.77363035702 0.250176200957
19 2.50076359831e+17 0.211530074011 1.37536544349 0.318467061203
20 1.90016005861e+17 0.197333882985 0.974911502914 0.201520435611
21 1.84728631983e+17 0.172179097713 0.826966638591 0.302266533256
22 2.14770882244e+17 0.138340396029 0.772498711532 0.201552996229
23 2.67453859907e+17 0.100060441519 0.695800334019 0.258024249068
