10 9.50582184935e+17 0.154896949988 3.82829931013 0.497523377981
11 8.0244502325e+17 0.171619439669 3.58059429665 0.403110718549
12 6.50813654268e+17 0.195441561419 3.30709695635 0.259665735175
13 5.1346993732e+17 0.214935217262 2.86943208592 0.31724736228
14 4.12156930068e+17 0.224445462043 2.40517556768 0.205162348076
15 4.12399438423e+17 0.22159569806 2.37603447736 0.271885447586
16 4.08877792888e+17 0.20593215619 2.1892282232 0.176918531962
17 4.18398262694e+17 0.178490627805 1.9416843831 0.24825144548
18 4.26228917522e+17 0.141728013563 1.57062302289 0.164019769728
19 4.46832661325e+17 0.0998301162288 1.15979126939 0.214322541075
20 5.07409196561e+17 0.0594149806514 0.783840397496 0.146991534236
