00 1.73032361284e+17 0.120928416036 0.544037763698 0.208211695808
01 2.27956304608e+17 0.0848015595731 0.502607303778 0.263408205149
16 5.76369685505e+17 0.187971602817 2.81686947358 0.820699900392
17 5.0511880748e+17 0.185740159809 2.43934204862 0.575564417438
18 3.52309472558e+17 0.196690606629 1.80169506084 0.383249891162
19 2.65937293499e+17 0.206950627124 1.4309331313 0.391161542958
20 1.7441238093e+17 0.209414325426 0.949635728557 0.252023306945
21 1.65837880737e+17 0.201321696564 0.868055851115 0.347687036374
22 1.77074395582e+17 0.182282166175 0.839215114419 0.231655646904
23 1.89564822652e+17 0.153636487181 0.757225909582 0.303428901893
