00 1.38387503508e+17 0.145071426248 0.521977885228 0.16286332385
01 1.93282263571e+17 0.130639865668 0.656509592675 0.242953386367
02 2.74696513562e+17 0.126239031876 0.901612970229 0.343772029391
03 3.44985189059e+17 0.142627589077 1.27931455035 0.419190204516
12 1.14350028574e+18 0.202188573983 6.01126999518 0.551505381503
13 9.66072325062e+17 0.184936509212 4.64521312952 0.404822749099
14 7.01782064972e+17 0.186768762619 3.40784516548 0.243452145314
15 5.41164911689e+17 0.196616855979 2.76645573106 0.268461012691
16 4.54218932481e+17 0.207355757125 2.44880767678 0.180164784139
17 3.50567000937e+17 0.215366295218 1.96300822166 0.23348914501
18 2.78682705558e+17 0.21879419503 1.58532811402 0.146637132188
19 2.03294009953e+17 0.216806601208 1.14596256694 0.203408049273
20 1.70255196635e+17 0.209311797777 0.9265469535 0.140861826444
21 1.38907724598e+17 0.196844025779 0.710922048763 0.207349868343
22 1.50034705658e+17 0.180522112029 0.704199130521 0.139935951801
23 1.56393913678e+17 0.162068793628 0.659010895932 0.207844756043
