00 1.50790864817e+17 0.198593703463 0.778599023603 0.338649548287
01 1.42853563305e+17 0.209786835927 0.779188723214 0.382718401065
02 1.21367319185e+17 0.21226799791 0.669822344234 0.229687577224
03 1.131851013e+17 0.203670536231 0.599364227153 0.326766536384
04 1.18704673773e+17 0.183805261227 0.567282132865 0.213268584587
05 1.77102718424e+17 0.154136930087 0.709749802522 0.298240389022
06 3.13576348649e+17 0.117886283273 0.961125106879 0.193224332798
07 4.73752994321e+17 0.0807214626371 0.994292900388 0.243126973745
22 2.20586469623e+17 0.181387028643 1.04029963137 0.721686660637
23 2.08531287243e+17 0.185683756476 1.00674269171 0.507603470515
