00 9.51969782206e+16 0.230337742949 0.57011388457 0.160112971603
01 9.74944394212e+16 0.226869501409 0.575081386403 0.248829548569
02 9.77514356369e+16 0.210040329522 0.533825337564 0.147730800541
03 1.00916652589e+17 0.18116988412 0.475359514638 0.221170082355
04 1.13285854285e+17 0.142818592778 0.420662483558 0.136852945816
05 1.53308690708e+17 0.0989652951962 0.394478235634 0.18135816195
06 2.73517011446e+17 0.0612101382784 0.435292366395 0.124751747217
07 3.97748597623e+17 0.0613872343209 0.634833845441 0.192607952872
19 3.97063519041e+17 0.163876379381 1.691802629 0.429150497589
20 2.74871028956e+17 0.143417058847 1.02495105791 0.273694135055
21 2.02332572697e+17 0.169501395258 0.891686987832 0.295867392206
22 1.57109202049e+17 0.200104188059 0.817393442131 0.203621642864
23 1.2490766755e+17 0.221430998291 0.719119167517 0.259123630667
