00 3.73023542703e+17 0.0929090945114 0.901089269184 0.302722348535
11 9.65978727596e+17 0.173014931583 4.34534733011 0.377504267181
12 8.43004813033e+17 0.161977157455 3.55023560674 0.268453741221
13 6.24661407063e+17 0.167950124836 2.72771099371 0.265361880749
14 4.56957249411e+17 0.181786079921 2.15978014361 0.162206983498
15 3.95604085479e+17 0.208062467579 2.14006941744 0.221681286636
16 3.56352768714e+17 0.2226370244 2.06277032164 0.155236124467
17 3.10297823918e+17 0.224198262503 1.8087740575 0.221436239621
18 2.7264685774e+17 0.212589097745 1.50700548674 0.139531469349
19 2.27394471137e+17 0.188761397487 1.11600575197 0.196388572973
20 2.12002716395e+17 0.154753456536 0.853011982087 0.13084809625
21 2.04172991314e+17 0.116051618657 0.616059759328 0.175413136743
22 2.4564974701e+17 0.0967216803541 0.617751064043 0.150609468363
23 3.19245446561e+17 0.0858577765736 0.712652309798 0.218424819457
