00 1.26984714057e+17 0.210976761241 0.69656141617 0.189717262222
01 1.43750856846e+17 0.202634625177 0.757351425895 0.275103438001
02 1.57523895519e+17 0.194758373552 0.797656539857 0.25795461559
03 1.74407071353e+17 0.188533386164 0.854920449064 0.314756482241
04 1.8177487755e+17 0.185196744937 0.875267006471 0.33324948186
05 2.77147358621e+17 0.18576724073 1.33860740225 0.394262697162
06 3.93497499398e+17 0.190486086084 1.94885076215 0.452324608996
07 5.66076247072e+17 0.198143014305 2.91626540195 0.481366392436
08 7.13108790003e+17 0.206042767804 3.82020362978 0.559086570137
09 9.06712707756e+17 0.211291238867 4.98109173427 0.572622466568
10 1.00284229894e+18 0.212528155148 5.54143781616 0.647697141523
11 1.10032366771e+18 0.210644956804 6.02621841784 0.528116279434
12 9.27452145006e+17 0.208060794818 5.01712719158 0.461901344773
13 9.34481912253e+17 0.207140022024 5.03278370101 0.473435066429
14 7.75962212549e+17 0.20893560817 4.21527955669 0.310720237298
15 6.50978985874e+17 0.213098692087 3.60679203212 0.333596942782
16 5.88257492643e+17 0.218531104097 3.34236654338 0.250035521831
17 4.74543266159e+17 0.223998188674 2.76371763374 0.304314060773
18 3.8116886212e+17 0.228435511878 2.26388510739 0.214048561467
19 2.57795571116e+17 0.231061154085 1.54873009668 0.265335913557
20 2.15999571655e+17 0.231395037665 1.29951195449 0.19696291552
21 1.60285261282e+17 0.229258480992 0.955415643702 0.271514303259
22 1.65512700126e+17 0.224759311767 0.967213534792 0.192402219379
23 1.47349274337e+17 0.218276803312 0.83623614289 0.26203175076
