00 1.63154750216e+17 0.115537317449 0.490112016393 0.165875590538
01 2.37231167497e+17 0.105779971706 0.652451960823 0.2459715042
02 3.43086309768e+17 0.115209285397 1.02769494302 0.372019904306
12 1.10226673355e+18 0.191565888417 5.49007435823 0.48760547497
13 9.09180819551e+17 0.174066729324 4.11471142221 0.354581135481
14 6.48974611958e+17 0.177329703999 2.99214437188 0.220048396371
15 5.06036892768e+17 0.187706632466 2.46964850718 0.244963293272
16 4.23636021194e+17 0.197747373534 2.17809567366 0.161283243747
17 3.31548267044e+17 0.203956164277 1.75815413329 0.214775008847
18 2.66949851859e+17 0.214264232061 1.48714293019 0.140365785974
19 2.01041576446e+17 0.212426262875 1.11036927994 0.199408508407
20 1.70842927683e+17 0.198303289173 0.880846576777 0.134906839241
21 1.45317697487e+17 0.173103473274 0.65402995224 0.192274630191
22 1.60861843616e+17 0.152693714627 0.638627403531 0.131734419979
23 1.80479205276e+17 0.132298519333 0.620805422339 0.194262527833
