00 9.94006619768e+16 0.179328256122 0.463459031613 0.125835984356
01 1.20379251931e+17 0.160589074406 0.502621408778 0.199905337913
02 1.51817126896e+17 0.141860884478 0.559959709411 0.176928181704
03 1.87432247105e+17 0.126853989968 0.618189738239 0.241243634758
04 2.45741896394e+17 0.121956300441 0.779214086236 0.314836967425
05 3.0543175026e+17 0.138372442189 1.09884676735 0.400975355297
15 8.96933514261e+17 0.183949849242 4.28976040293 0.392454226198
16 7.13681031626e+17 0.183737786744 3.409384503 0.27110739898
17 4.8296992186e+17 0.193135110176 2.42523967583 0.287388484754
18 3.43543544078e+17 0.2040441922 1.82254968836 0.174555042029
19 2.24535158171e+17 0.212419987918 1.24008964523 0.225824181716
20 1.71503353229e+17 0.216221203182 0.964149196008 0.150819633295
21 1.29358449514e+17 0.214519578473 0.721497921602 0.215543594798
22 1.28356359974e+17 0.207168363294 0.691375802366 0.135751554253
23 1.17502439632e+17 0.194676363301 0.59474863829 0.195938525286
