00 1.13971553649e+17 0.232675930238 0.689479368915 0.17609545211
01 1.11749940006e+17 0.231022394118 0.671235205753 0.254562703906
02 1.10799489321e+17 0.226553169374 0.652651362235 0.188903584097
03 1.09045571545e+17 0.219620988606 0.622666101873 0.24731774867
04 1.10085649895e+17 0.210875244435 0.60357279659 0.187698851062
05 1.54340761293e+17 0.201240056092 0.807548129959 0.270554244212
06 2.32478586056e+17 0.19189864157 1.15992044631 0.216142572492
07 3.57950660969e+17 0.184282081347 1.7150612134 0.293767293722
08 5.16236389303e+17 0.180024590848 2.41631636389 0.274621516079
09 7.01719459936e+17 0.180732111696 3.29740423513 0.380429205554
10 8.9749901237e+17 0.187257425419 4.36964721369 0.537781796942
11 1.15267528729e+18 0.198420833454 5.94658457135 0.519578935329
12 1.2798884254e+18 0.210406362383 7.00171336393 0.626836708087
13 1.45414542161e+18 0.218572816636 8.26375317556 0.631645535487
14 1.36058363269e+18 0.220374800984 7.79579702917 0.668166870197
15 1.31660591289e+18 0.216605826717 7.41479731779 0.587195823492
16 1.02490818854e+18 0.210693572301 5.61448075564 0.540372245308
17 8.54455651804e+17 0.206612177266 4.59006450752 0.483965242803
18 6.30720600517e+17 0.206515213918 3.3865883932 0.358774023208
19 3.69444891222e+17 0.21017630781 2.01886264258 0.359700862125
20 2.96379818409e+17 0.216078516221 1.66507409639 0.259131808487
21 1.94959856785e+17 0.222509198434 1.12788939796 0.31314931824
22 1.83701407689e+17 0.228040721405 1.08917643985 0.21028926546
23 1.41890596461e+17 0.231637750292 0.854547682348 0.268273324806
