07 7.27490751951e+17 0.195404057311 3.69602075928 0.476792889367
08 6.78186260653e+17 0.184702153867 3.25682403971 0.309120926713
09 5.81631280305e+17 0.189786271699 2.870026437 0.32185542258
10 4.94368664022e+17 0.200368284449 2.57545082848 0.19119297599
11 4.47897952474e+17 0.210610659264 2.45263415939 0.241502261307
12 4.22084832392e+17 0.217529604549 2.38721461359 0.152315116228
13 3.94361039518e+17 0.219604197733 2.25168683221 0.216760388238
14 3.5415492937e+17 0.216217599707 1.99093774758 0.135982966033
15 3.52520223189e+17 0.207446089934 1.90135249001 0.191191295267
16 3.75275591972e+17 0.193974298702 1.89263931409 0.1354581538
17 3.8966855271e+17 0.177057803064 1.79384030451 0.201668275489
18 4.07695917218e+17 0.158569152836 1.68084790141 0.158936660293
19 3.91645479268e+17 0.141205911239 1.43786907635 0.224319607211
20 3.8414396822e+17 0.129163826743 1.29005512885 0.244389943386
21 3.91452105049e+17 0.129829679117 1.3213746309 0.336362627558
