00 1.09266805133e+17 0.140926376887 0.400362948994 0.116855362893
01 1.42475471369e+17 0.115642811489 0.428382866011 0.175555590154
02 2.01653250171e+17 0.098051940945 0.514084807005 0.17585272312
03 2.58327300025e+17 0.0912807565543 0.613088096008 0.248832431994
15 8.24558627403e+17 0.167353928701 3.58782126925 0.346984095062
16 6.46463272526e+17 0.167502548964 2.81539039495 0.231285785786
17 4.37360894719e+17 0.176833700081 2.01084377739 0.255060690467
18 3.1156001904e+17 0.191172445729 1.54860396161 0.154482706259
19 2.1233296447e+17 0.212960974294 1.1756845097 0.221949952118
20 1.61660353402e+17 0.222484475245 0.93513989126 0.151534589999
21 1.2863648993e+17 0.218949019338 0.732285666354 0.224264354642
22 1.31021471422e+17 0.202655864678 0.690359009145 0.137696427877
23 1.27351631893e+17 0.174971383661 0.57935517234 0.193015149752
