00 3.09148435734e+17 0.18722466298 1.50488550397 0.408583614287
01 2.0103493756e+17 0.184903638971 0.966474379395 0.360264270674
02 1.56247429592e+17 0.193471054827 0.785963230448 0.214699519824
03 1.11342389993e+17 0.204436317457 0.591823132861 0.258323862731
04 1.04296911595e+17 0.213432415208 0.57876888525 0.159921937466
05 1.26919819122e+17 0.218224434818 0.720122150674 0.224678922113
06 1.66537025911e+17 0.217737643484 0.942795868943 0.138559740315
07 2.10379724005e+17 0.211696004545 1.15795022224 0.189666176285
08 2.55456111567e+17 0.200468554407 1.33148385241 0.124858060382
09 3.22771796536e+17 0.185021832038 1.55271555726 0.201050985147
10 4.06647162219e+17 0.166908916407 1.76469896736 0.147089560065
11 5.12288141554e+17 0.148376791134 1.97630343508 0.209556847601
12 6.69377935267e+17 0.132756566923 2.31047223316 0.193453143793
13 9.75600496579e+17 0.125596823642 3.18584041136 0.293506146482
14 1.3814649227e+18 0.136782208837 4.91295541253 0.461008892243
