00 9.27229800941e+16 0.20147308048 0.485710795201 0.133572702887
01 1.09478313185e+17 0.169759526829 0.483209652753 0.205166178695
02 1.32816434e+17 0.129646263817 0.447698015481 0.133726033895
03 1.59593694408e+17 0.0859216176514 0.356526258153 0.157685293525
04 2.13158043279e+17 0.0725592049344 0.402131031788 0.167001053646
05 2.64110869414e+17 0.0759703197401 0.521679267101 0.23634501494
17 6.43160791445e+17 0.156466631905 2.61646327308 0.355373862182
18 4.36744085113e+17 0.153235801526 1.74004557854 0.21374751525
19 2.71582974781e+17 0.177029014685 1.2500297272 0.256705624277
20 1.81750366942e+17 0.206029270495 0.973593283346 0.172179728423
21 1.37446592344e+17 0.224102339779 0.800854676415 0.255486698833
22 1.27421967521e+17 0.22928112138 0.759601741644 0.16383294526
23 1.13396042519e+17 0.220950265789 0.651427029084 0.226282838446
