00 1.21772377364e+17 0.202359651504 0.640687212 0.211918695152
01 1.36286307001e+17 0.182096040326 0.645247118243 0.311513255711
02 1.50926308427e+17 0.152196750499 0.597232836391 0.201097460488
03 1.70531413939e+17 0.115974322942 0.514208897073 0.282833862447
04 1.97586961682e+17 0.0792467602309 0.407111291007 0.220940215573
19 2.48220188873e+17 0.182247775419 1.17617700814 0.677793050805
20 1.69000171923e+17 0.186368722073 0.818904997858 0.468936680481
21 1.88291140461e+17 0.199756727143 0.977922971182 0.44175948716
22 1.64684778063e+17 0.209968867864 0.899045586513 0.288700082517
23 1.48737170751e+17 0.211213923663 0.816799397149 0.340105096566
