00 9.08723002612e+16 0.219021374266 0.517477378235 0.143175159799
01 1.02612600728e+17 0.195433576358 0.52140263603 0.224060879326
02 1.16367884921e+17 0.161074785261 0.487342233951 0.140700855855
03 1.32660729345e+17 0.119204399647 0.411157307555 0.18655170986
04 1.67028045912e+17 0.0746279072053 0.324088791286 0.121902363667
05 2.03841021704e+17 0.063945863179 0.338904542187 0.177653930343
18 5.06743249232e+17 0.150457339009 1.98232426185 0.30797872114
19 3.21226981176e+17 0.152348769778 1.27240192044 0.27895258406
20 2.02338368996e+17 0.186407128441 0.98065017279 0.193601750515
21 1.50030655316e+17 0.212738645193 0.829850277081 0.270336444266
22 1.32684615744e+17 0.227718051541 0.785581736333 0.177053081784
23 1.13901011378e+17 0.229551101253 0.67979866749 0.239777918396
