00 1.04755386546e+17 0.156373634225 0.425905492973 0.120689618677
01 1.32545918842e+17 0.135951091505 0.468513820871 0.188910404517
02 1.79101459546e+17 0.117441551335 0.546882784642 0.179961101681
03 2.28880228266e+17 0.106429714561 0.633351091438 0.249525784642
04 3.2618362549e+17 0.113176470864 0.959824101252 0.349091069394
15 8.34345302161e+17 0.174751376197 3.79087773418 0.353879268641
16 6.59577070375e+17 0.176695730108 3.03015575232 0.240660184161
17 4.46981833448e+17 0.18680744843 2.17098793082 0.266556867451
18 3.19977128479e+17 0.197087341513 1.63964948151 0.157866502476
19 2.14545293696e+17 0.203782458536 1.13673475284 0.210832085897
20 1.64227383956e+17 0.213563350883 0.911896711036 0.14521962152
21 1.27893504869e+17 0.213009627842 0.708306244765 0.214219015784
22 1.29169518572e+17 0.200116264189 0.672071959097 0.132964099944
23 1.22647179033e+17 0.17599140447 0.5612060816 0.185660617695
