00 1.01497576971e+17 0.222475756539 0.587099505809 0.163343305036
01 9.80424423442e+16 0.230415035501 0.587351773667 0.251915721122
02 9.33744712884e+16 0.224836672825 0.545844141733 0.151923444809
03 9.14164222294e+16 0.206044461386 0.489732034483 0.226812763768
04 9.76287329927e+16 0.175561559437 0.445636167862 0.139874171017
05 1.35498774699e+17 0.13613624425 0.479603651487 0.199813371081
06 2.45450669134e+17 0.0919204424844 0.586610286988 0.120082225955
07 3.98997642145e+17 0.065483753166 0.679324440913 0.156932388371
08 5.72143637033e+17 0.0675627875321 1.00504609366 0.228309234087
20 3.48844165618e+17 0.158046081031 1.43346978492 0.377275599504
21 2.48030116517e+17 0.146636580054 0.945627488947 0.300625481659
22 1.79582868081e+17 0.173814106801 0.811564931121 0.210400743795
23 1.37248746582e+17 0.203701222011 0.726901172354 0.26050457766
