00 8.76397401671e+16 0.214469157808 0.488696552867 0.131084372151
01 9.652755994e+16 0.19436405494 0.487798687048 0.202735894927
02 1.06830940024e+17 0.163572956036 0.454340969053 0.131189736885
03 1.18818139624e+17 0.129829472634 0.401078506574 0.174183491628
04 1.43435420593e+17 0.109511026733 0.408401764656 0.141372256002
05 1.9200023267e+17 0.0949482737066 0.473982356726 0.21182760021
06 3.40856961166e+17 0.0952476490423 0.844111429479 0.295085635225
17 7.14274720866e+17 0.178538571033 3.31566528769 0.406398541363
18 5.3236889074e+17 0.166144577286 2.29970531211 0.268514566675
19 3.12370534887e+17 0.17176688798 1.39502778153 0.276644806588
20 2.0883264979e+17 0.181968380416 0.988024415566 0.170700093918
21 1.46097771978e+17 0.200467822806 0.761485458896 0.237002337048
22 1.30639807037e+17 0.217609795306 0.739141043372 0.156334881342
23 1.09736774519e+17 0.222078450024 0.63362449269 0.216932255429
