00 2.06939551272e+17 0.0614698928416 0.330734353075 0.123855504701
01 2.60137745507e+17 0.0613750205945 0.415114946685 0.192069886832
13 9.40958339394e+17 0.164286003207 4.01924340384 0.406664780777
14 7.34862016836e+17 0.143578823106 2.74327621158 0.253534917864
15 5.75286737713e+17 0.169071985598 2.52888664686 0.274846998812
16 4.518502173e+17 0.199775807816 2.34698729649 0.190000446525
17 3.48206968e+17 0.221240591677 2.00297540629 0.264449400035
18 2.74390081975e+17 0.230495234718 1.64438576507 0.166343382074
19 2.12543129507e+17 0.226297931118 1.2505498325 0.236137517254
20 1.77405655354e+17 0.208780030798 0.963007712904 0.153309638964
21 1.60224506352e+17 0.179325602224 0.747041258407 0.228128929141
22 1.81524451148e+17 0.140566265531 0.663421569209 0.141430251194
23 2.1899377187e+17 0.096563847486 0.549818910868 0.177338495771
