00 3.24000044884e+17 0.189254542572 1.59428048748 0.441031289191
01 2.0866973938e+17 0.184224402481 0.999493509381 0.370895684241
02 1.62196918713e+17 0.191817720314 0.808918322924 0.220236429174
03 1.14202118562e+17 0.202776658402 0.602095623596 0.262613059395
04 1.06727312552e+17 0.212251306561 0.588978299911 0.162073234112
05 1.29057059718e+17 0.217769350542 0.730721474023 0.226449366428
06 1.67915007454e+17 0.218112111077 0.95223171569 0.139583482166
07 2.10567080469e+17 0.212892945787 1.16553439722 0.190392300754
08 2.53893331867e+17 0.202393042377 1.33604234077 0.125345413467
09 3.18629371424e+17 0.187488390386 1.55322200743 0.200962714117
10 3.98093632884e+17 0.16964117503 1.75585986302 0.144904271289
11 4.97919868989e+17 0.150984205955 1.95462893725 0.207288074244
12 6.45996434641e+17 0.134639678458 2.26139555837 0.185685674142
13 9.35008919636e+17 0.125708778754 3.0560095647 0.28386490913
14 1.30839048175e+18 0.133348032234 4.53625369951 0.443916796474
