00 2.34991265715e+17 0.191783559614 1.17175399684 0.286965996649
01 1.63168169984e+17 0.199614848208 0.846840526573 0.317545041801
02 1.32112661595e+17 0.210073659952 0.721588149029 0.196228365066
03 1.01486866878e+17 0.21919449939 0.578379437479 0.248396139624
04 9.64306835808e+16 0.22480870595 0.563639886931 0.159023927292
05 1.20430495199e+17 0.225787352876 0.706983750631 0.226425061654
06 1.63733910705e+17 0.221728415041 0.943915973238 0.1411669657
07 2.15597307642e+17 0.212827458156 1.19301070124 0.196550352246
08 2.7089074771e+17 0.199814645431 1.40732640631 0.13250135393
09 3.51528904274e+17 0.183937796883 1.68114575701 0.216064378985
10 4.5360198734e+17 0.166997724527 1.9695129929 0.174255510078
11 5.7958525605e+17 0.151537027607 2.28354430061 0.236637194648
12 7.64533548922e+17 0.141401558725 2.81076212338 0.245909909553
13 1.10691067232e+18 0.142990765092 4.11522810203 0.358460437422
14 1.58739795192e+18 0.165323615293 6.82329357633 0.555770302223
22 5.69678070599e+17 0.211087180095 3.12654517461 0.574940176823
23 3.34272199945e+17 0.192993857401 1.67732451353 0.436351142768
