00 1.45504677671e+17 0.112203583004 0.424479800643 0.139434351528
01 2.09169441166e+17 0.0978151393688 0.531958389024 0.210777798821
02 3.10361860625e+17 0.0982608640024 0.792907039038 0.310064504933
13 1.01397113394e+18 0.177668397311 4.68391628348 0.389343894022
14 7.60858466024e+17 0.167896674852 3.32138576843 0.257635575199
15 5.77232931619e+17 0.174488178548 2.61872839374 0.260947456896
16 4.62545664129e+17 0.184887512067 2.22349184352 0.170076233712
17 3.48438512805e+17 0.199861380963 1.81062446109 0.225351050884
18 2.71594835498e+17 0.216533789614 1.52904593322 0.147521265342
19 2.00431650577e+17 0.220585776678 1.14952165414 0.210390181905
20 1.65170549507e+17 0.211716920733 0.909204403574 0.141977828333
21 1.3890975166e+17 0.190680676426 0.688672540627 0.20606169243
22 1.51154598593e+17 0.159266785049 0.625921581045 0.127940040201
23 1.64508803223e+17 0.130969290107 0.560185630535 0.179203591006
