00 1.33393687768e+17 0.160426596157 0.556397277211 0.182775760364
01 1.6899490903e+17 0.123627704156 0.543203768054 0.261679807801
02 2.28504677745e+17 0.0846828132517 0.503110892768 0.187673575184
03 2.90912700128e+17 0.0510215484262 0.385913226852 0.185656313734
17 5.33020378012e+17 0.175413952302 2.43097949028 0.647083411933
18 3.82575122786e+17 0.183175641396 1.82203953096 0.432077911243
19 2.79148011985e+17 0.199654453965 1.44906174161 0.398918144836
20 1.72833219988e+17 0.21252515106 0.955016560842 0.249850841885
21 1.58466979044e+17 0.216023533538 0.890047515819 0.340426734112
22 1.56174754069e+17 0.207961117761 0.844435186976 0.219558390635
23 1.52394262437e+17 0.188201681286 0.745702266635 0.290051465004
