00 1.46595920674e+17 0.146252699807 0.557441278661 0.194000858591
01 1.89034603198e+17 0.109047708059 0.535958545786 0.267547134268
02 2.54167179313e+17 0.0726220436951 0.479911640051 0.202030272639
17 5.20206838918e+17 0.180204904121 2.43733941179 0.644168874661
18 3.68743543878e+17 0.188663374124 1.80877843054 0.425871189025
19 2.74034939826e+17 0.202827830582 1.44512972106 0.403764999505
20 1.72320714187e+17 0.211931024248 0.949522741874 0.255772532723
21 1.61107964928e+17 0.211245132207 0.884865107122 0.347509188207
22 1.63608697699e+17 0.199186094252 0.847303014486 0.226548474814
23 1.64869526995e+17 0.176093953895 0.754845699019 0.298282201063
