00 2.2066783723e+17 0.177406857696 1.01784767754 0.722965472879
01 1.99334702103e+17 0.182667357317 0.946710524625 0.505320256983
02 1.47137841638e+17 0.198263522322 0.758473735501 0.31130894795
03 1.18128292999e+17 0.211189868231 0.648634964451 0.367257853971
04 1.1702740905e+17 0.215184563486 0.654744790242 0.237204052408
05 1.66291724229e+17 0.207821992868 0.898536015694 0.319871730081
06 2.5019030657e+17 0.188827565799 1.22831349098 0.19540494508
07 3.37386267542e+17 0.159545630446 1.39954112373 0.269666187101
08 4.53645043412e+17 0.122984333311 1.45057206382 0.181788727666
09 6.37840587015e+17 0.0844336959126 1.40023619228 0.233749159689
10 7.74433913115e+17 0.051300914351 1.03295836403 0.189872266495
