00 1.57157873587e+17 0.092163042849 0.376587843774 0.126577794386
01 2.17919391838e+17 0.0549247340263 0.311198280533 0.140674335554
14 8.54492735088e+17 0.159713423108 3.54832295328 0.397729071039
15 7.2180498053e+17 0.14251915729 2.67464697638 0.304682807544
16 5.39059094557e+17 0.175263355699 2.45640995164 0.216853337536
17 3.89545158514e+17 0.204177304856 2.06794329521 0.284179679115
18 2.8895179336e+17 0.223595497259 1.67981631793 0.180093775185
19 2.14137559842e+17 0.230647159493 1.28414571788 0.251795019553
20 1.67708451306e+17 0.22423108578 0.977741651403 0.164181524681
21 1.45971508731e+17 0.204642098728 0.776669813434 0.245580276171
22 1.58488981934e+17 0.173447437797 0.714727203723 0.151207194059
23 1.75596276777e+17 0.133510050846 0.609540563866 0.203950202669
