00 2.35920662239e+17 0.178901441384 1.0973702097 0.28468539
01 1.64230049e+17 0.185687077927 0.792880345572 0.304872204856
02 1.29529469536e+17 0.196665544353 0.662323574536 0.180844718355
03 9.748275829e+16 0.206242615717 0.522732575483 0.231872291781
04 9.29821459904e+16 0.211682189947 0.511749271519 0.146412905997
05 1.17208326264e+17 0.211676251773 0.645065698686 0.209572470283
06 1.61713499527e+17 0.205828133949 0.865414883896 0.128861473737
07 2.12757431731e+17 0.194456354263 1.07567289744 0.179946142094
08 2.70381982453e+17 0.178517597286 1.25496648828 0.120643022598
09 3.5806176181e+17 0.159602879866 1.48583989723 0.194633680823
10 4.8054855453e+17 0.140052080673 1.74984744809 0.156192525126
11 6.41096093248e+17 0.123389043213 2.05671007238 0.220140766656
12 8.91352109401e+17 0.115601803976 2.67908970744 0.256925377529
13 1.32408954981e+18 0.127579274824 4.39208599873 0.35278406918
23 3.60478352125e+17 0.185981733856 1.74310211259 0.431208909166
