00 1.23100467864e+17 0.181916703944 0.582244815562 0.158740235257
01 1.0685234763e+17 0.208342922274 0.578810189282 0.240474157897
02 9.39499719176e+16 0.223084059516 0.544927269297 0.151693124487
03 8.34524338063e+16 0.224792530082 0.487746577157 0.224170504419
04 8.40519676666e+16 0.213286315836 0.466105497582 0.140731776109
05 1.1516600318e+17 0.189505527286 0.567439448106 0.209687305394
06 1.87090385569e+17 0.155482299473 0.756320327297 0.125087242696
07 2.84967118361e+17 0.114637356202 0.849364803389 0.15959269548
08 4.37983966585e+17 0.0952681324844 1.08487377842 0.126887394719
09 6.66588774948e+17 0.0844065958989 1.4628767233 0.203588362689
10 9.15122340609e+17 0.0928771674405 2.20984324229 0.289806551065
21 3.88363327671e+17 0.171659182845 1.73331941835 0.389509539027
22 2.59272122114e+17 0.161080385427 1.08585498738 0.270264350666
23 1.80490776557e+17 0.16716052028 0.78444423499 0.261613395349
