00 2.53495557216e+17 0.115911042947 0.7639562949 0.286020615874
01 3.85788297768e+17 0.131393888465 1.31794583877 0.377696962782
11 9.80667674672e+17 0.18381225117 4.6867270562 0.398996265311
12 8.146631637e+17 0.179571903608 3.80355599273 0.27501582714
13 6.33329138365e+17 0.187854661471 3.09331960307 0.289948862537
14 4.72441986373e+17 0.198877892564 2.44291493183 0.173029444283
15 4.01682286222e+17 0.207804478514 2.17025582844 0.216034946068
16 3.6384927605e+17 0.212250881046 2.00791056465 0.147353654688
17 3.11465421689e+17 0.21111564525 1.7096358103 0.203984209717
18 2.69907446663e+17 0.204153807742 1.43266845733 0.130929376006
19 2.15992145635e+17 0.191809377258 1.07716229262 0.186745196749
20 1.9723950833e+17 0.175159174364 0.898256045208 0.135343651835
21 1.76910459001e+17 0.155925263442 0.717205058059 0.203442520632
22 2.03502005397e+17 0.136624260429 0.722886085561 0.164636451136
23 2.53692731518e+17 0.121110339635 0.798845134803 0.237411681964
