00 1.49990629143e+17 0.198319490535 0.773397694074 0.219560358548
01 1.76375027539e+17 0.191629567608 0.878765426867 0.308139532672
02 1.94819902847e+17 0.187258565433 0.948524083645 0.332323976708
03 2.20107860089e+17 0.186242668122 1.06583035358 0.372072963034
04 2.15784264581e+17 0.189099615092 1.06092275576 0.449874906352
05 3.32922712169e+17 0.195219860975 1.68982126521 0.473443107531
06 4.42436314983e+17 0.202580760779 2.33035621742 0.552460535683
07 6.0472414836e+17 0.208482253728 3.27793058668 0.532114999848
08 7.28544731673e+17 0.211084752324 3.9984017903 0.548927612468
09 8.78717392704e+17 0.210473557245 4.80861616184 0.55553621534
10 8.8797209362e+17 0.208452429131 4.81259843781 0.520717660189
11 8.89289799861e+17 0.207290818923 4.79288188271 0.433754417302
12 7.64437978434e+17 0.208397200436 4.14197509993 0.338845608587
13 7.44444456692e+17 0.211855471891 4.10058042341 0.382210850752
14 6.25678297822e+17 0.21684099722 3.527490357 0.243986218251
15 5.36962663699e+17 0.222214750907 3.10234663857 0.293985128087
16 5.02214255458e+17 0.226911095637 2.96290766071 0.217724303996
17 4.23026926222e+17 0.230091466418 2.53070703051 0.279877620499
18 3.54898340655e+17 0.231198910716 2.13335485414 0.199787943722
19 2.52241478873e+17 0.229961743885 1.5081531494 0.255559111553
20 2.18558059059e+17 0.226389945971 1.28646302673 0.195016964483
21 1.68115959656e+17 0.220761486387 0.964951757614 0.273531384129
22 1.80292393745e+17 0.213597284098 1.00125910683 0.2035042051
23 1.68032480505e+17 0.205641237252 0.89841458693 0.277184699488
