00 9.0190762477e+16 0.210909219409 0.494573646109 0.129457108738
01 9.1406723377e+16 0.20767348358 0.493551569324 0.201803109096
02 9.27637989589e+16 0.192519214338 0.464329156059 0.130062066298
03 9.49665563026e+16 0.1750900589 0.432320198351 0.186569514867
04 1.04270009562e+17 0.155839943387 0.422485242067 0.134380835518
05 1.43964169582e+17 0.135942876956 0.50884348818 0.204128560505
06 2.56090738675e+17 0.119041189082 0.792618997162 0.17975321843
07 4.28613615951e+17 0.111385406738 1.2412738506 0.26345580076
08 6.7857436364e+17 0.124316952517 2.19331572054 0.36884544273
18 7.29365369891e+17 0.185969566587 3.52663380477 0.440490805705
19 4.01424001204e+17 0.176667953746 1.84388767881 0.348753538502
20 2.76849969586e+17 0.183244246818 1.31901026812 0.224401723346
21 1.77507953092e+17 0.194173626457 0.896151437398 0.266098683079
22 1.50271826666e+17 0.203649286899 0.795671508884 0.161376320421
23 1.16468757169e+17 0.20887101576 0.632500637967 0.212771602441
