02 2.64738211526e+17 0.221564302478 1.52506996657 0.603331473733
03 2.3506757644e+17 0.202550246727 1.23793788574 0.524741246427
04 2.48030288091e+17 0.196943941221 1.27004962445 0.346165145843
05 2.59082253793e+17 0.201504464942 1.35736200409 0.338654079274
06 2.67811172035e+17 0.210458756085 1.46544335944 0.216534142265
07 2.96297259409e+17 0.219744192366 1.6928496512 0.25124719435
08 3.07118080638e+17 0.226902687247 1.81183386277 0.168061995308
09 3.30158137813e+17 0.230503838097 1.97867066657 0.243200932331
10 3.45311263093e+17 0.229831280116 2.06344657051 0.156506029146
11 3.66462612419e+17 0.224734434437 2.14127596656 0.217639344042
12 4.00303529216e+17 0.215560143871 2.24352664509 0.147875414093
13 4.4901328866e+17 0.203113032366 2.37121171644 0.225808402835
14 4.79324859645e+17 0.188646985139 2.35100293153 0.164757800458
15 5.34288481141e+17 0.173899605468 2.41572645798 0.234661970795
16 6.53564349168e+17 0.161261204125 2.74025892193 0.219453044885
17 7.95635567444e+17 0.154184339676 3.18953815931 0.313174131941
18 9.28140525497e+17 0.157804611955 3.80808624212 0.412437414603
19 9.72938744314e+17 0.17783506265 4.49858818629 0.502685933464
