00 3.86558194393e+17 0.204927674645 2.05962826919 0.570567421066
01 2.46044653918e+17 0.19244808825 1.23112140504 0.445721299726
02 1.91991909162e+17 0.19481102882 0.972455675075 0.268550756377
03 1.32833233558e+17 0.203948104055 0.704368239632 0.295206732477
04 1.23391188201e+17 0.214178674978 0.687121791017 0.185744602853
05 1.45002250798e+17 0.222317879925 0.838151417528 0.24930853542
06 1.79702949063e+17 0.226607769592 1.05877419638 0.155127421064
07 2.1939884882e+17 0.226172786318 1.29017327277 0.205984470258
08 2.55691564895e+17 0.220797756685 1.46785922223 0.136825355531
09 3.08526684559e+17 0.210831174505 1.69122312507 0.215366902897
10 3.66046226196e+17 0.197133014406 1.87615469552 0.149936484345
11 4.34255062833e+17 0.181071991486 2.04441715504 0.212707342053
12 5.3202203718e+17 0.164584726888 2.27663024389 0.171373845986
13 7.09312219984e+17 0.150415684709 2.77398376427 0.260302923593
14 9.12733249179e+17 0.142791825083 3.38860200806 0.309213351354
15 1.18237753823e+18 0.148644487964 4.56960149753 0.377528767971
16 1.70353618126e+18 0.176012501876 7.79593529779 0.543766287516
