00 1.74209496983e+17 0.104429614316 0.473008395083 0.170730075826
01 2.33034655778e+17 0.0657985752227 0.39866705652 0.19896436044
15 7.55682292487e+17 0.170113310454 3.34234202708 0.611044642957
16 6.21460136934e+17 0.174347356447 2.8170982323 0.418962351831
17 4.67776078982e+17 0.192103957622 2.33640253739 0.400976446295
18 3.28229302184e+17 0.209477339277 1.78767162325 0.261925074852
19 2.44875759571e+17 0.218746708062 1.39270992355 0.320537334848
20 1.74689062098e+17 0.216667024723 0.984083342749 0.204816564394
21 1.59490748726e+17 0.202366879712 0.839166774227 0.300978759232
22 1.73490375509e+17 0.17662087694 0.796692578836 0.193217335394
23 1.91586481783e+17 0.141716789918 0.705926550941 0.259509815113
