00 9.81380279022e+16 0.197013496136 0.502697415503 0.142862367911
01 1.18230195251e+17 0.1630348842 0.501166800983 0.217719527352
02 1.47705952404e+17 0.121368071171 0.466096450138 0.139507249296
03 1.80622117276e+17 0.0769579236735 0.361407880992 0.165998233727
04 2.37127878072e+17 0.0541482690718 0.333841667803 0.159033409318
17 6.23562789638e+17 0.148907638861 2.41418482985 0.381804833587
18 4.28061097073e+17 0.153711557307 1.7107463842 0.24609658794
19 2.7673089225e+17 0.18601482679 1.33837727372 0.289318586952
20 1.79820906008e+17 0.212124995768 0.991757232072 0.187749519426
21 1.41326758641e+17 0.22750735689 0.835974810225 0.275571349737
22 1.31474210777e+17 0.229970557939 0.786115137784 0.176190826761
23 1.19151003139e+17 0.218919632406 0.678196839009 0.240926351199
