00 1.15613289777e+17 0.218019858054 0.655355818684 0.200792706382
01 1.11141834583e+17 0.226806120287 0.655398855887 0.294267663242
02 1.02534447496e+17 0.222810990365 0.593990846623 0.175229561872
03 9.9638958956e+16 0.205830132431 0.533226203048 0.262708388703
04 1.06566750068e+17 0.177081486775 0.490645962113 0.165323846168
05 1.508267346e+17 0.139174887335 0.545773638674 0.235631721527
06 2.74652537087e+17 0.0964208783384 0.688538210459 0.145788601972
07 4.28970660748e+17 0.0554977893847 0.618980007943 0.155964105019
21 2.58886617928e+17 0.151323627866 1.018567218 0.434448575535
22 1.91974278081e+17 0.174295989973 0.869969018036 0.305790053532
23 1.58931075393e+17 0.199933432273 0.826166520352 0.32293951024
