00 2.18123639892e+17 0.196570635427 1.11479426488 0.272059678224
01 1.56209876165e+17 0.205230626728 0.833535320445 0.31231330101
02 1.2864089868e+17 0.21522254939 0.719846976413 0.195454283649
03 1.0085598512e+17 0.223427331451 0.585883574023 0.249476278657
04 9.61658923014e+16 0.228073972418 0.570256363776 0.161756573702
05 1.20904348654e+17 0.228249668933 0.717505816374 0.230282367745
06 1.65166891213e+17 0.223680083144 0.960558142939 0.145169855469
07 2.19565113502e+17 0.214637026635 1.22529688098 0.201896360208
08 2.77510878237e+17 0.201888500605 1.45668263283 0.137648806708
09 3.60838135622e+17 0.186682372546 1.75141510084 0.223904495572
10 4.64911465383e+17 0.170789918035 2.06445696772 0.185175067862
11 5.92799088622e+17 0.156676757146 2.41482380996 0.248256975971
12 7.72518803091e+17 0.148002068021 2.9726938915 0.259369464814
13 1.10576895552e+18 0.150562094932 4.32865915181 0.375552381874
14 1.55179910414e+18 0.171767222137 6.93025375725 0.585321976491
22 5.38741161479e+17 0.205181417634 2.8740315565 0.53162446076
23 3.0506528996e+17 0.19438460193 1.54179986874 0.407706514964
