00 2.54417672923e+17 0.207200034508 1.37059911584 0.341455212688
01 1.89576960548e+17 0.21100338314 1.04003588107 0.375853731607
02 1.5965792601e+17 0.216749395781 0.899749733852 0.255217816834
03 1.29008140289e+17 0.222890728992 0.747622679305 0.299645650922
04 1.21672227216e+17 0.228116413847 0.72164123557 0.20422789532
05 1.5061897394e+17 0.231466647351 0.90644499206 0.273968578789
06 1.92863207827e+17 0.23233962149 1.16505388235 0.181788195753
07 2.49798262164e+17 0.230479652644 1.49690883406 0.238338439742
08 2.99748920986e+17 0.225949453942 1.76093073043 0.164919836883
09 3.64415976609e+17 0.219119007442 2.07611214435 0.256933019588
10 4.26173426804e+17 0.210634559074 2.33393814794 0.197605540469
11 4.92557970119e+17 0.201401401609 2.57924850445 0.257627568796
12 5.70073956386e+17 0.192565321833 2.85418834688 0.21950361568
13 7.10040291642e+17 0.185487936663 3.42430162475 0.32200139348
14 8.19138460841e+17 0.181674678956 3.86923463924 0.329304824963
15 9.1633314096e+17 0.182517475699 4.34841710646 0.385839876888
16 1.06376745479e+18 0.188599676846 5.21628115352 0.466929416589
17 1.13260463721e+18 0.198626445874 5.84909607543 0.523168142162
18 1.08413962173e+18 0.209107544515 5.89424612949 0.640330123226
19 8.87725434152e+17 0.216046713298 4.98654422136 0.611497890318
20 8.06827892118e+17 0.217408061878 4.56068309565 0.646106802297
21 6.06644839049e+17 0.214143559032 3.37763620746 0.617555699493
22 4.87427400314e+17 0.209418388646 2.65398277965 0.546807122457
23 2.94872547951e+17 0.206605481791 1.58397940574 0.450410674856
