00 8.8983357605e+16 0.205491885224 0.475419305603 0.12761748151
01 1.01269988997e+17 0.179174827799 0.471770853835 0.196068322526
02 1.17130642023e+17 0.143508211158 0.437039431621 0.128750490926
03 1.35302421412e+17 0.116904874461 0.411255327326 0.176761396026
04 1.71201031428e+17 0.0989095125408 0.440268674691 0.163630230777
05 2.26253996365e+17 0.0911211794661 0.536029806201 0.236712220898
17 6.81749348398e+17 0.168011176439 2.97807926158 0.362291766798
18 4.67511360351e+17 0.167032750514 2.03033241881 0.227729805321
19 2.80678491234e+17 0.176109837059 1.28518632729 0.252015904928
20 1.91300112397e+17 0.189391605924 0.941996523008 0.159065767466
21 1.3816412455e+17 0.21192545012 0.761292851427 0.236965598609
22 1.26899025514e+17 0.222284206526 0.733398879077 0.154001513691
23 1.09749717752e+17 0.219600519858 0.626628471886 0.214140397795
