07 7.18629396168e+17 0.192217447594 3.59146081574 0.454840351306
08 6.6020736696e+17 0.183034620497 3.14186092639 0.293828522631
09 5.65233936937e+17 0.189047942125 2.77826412753 0.312815606975
10 4.8272477285e+17 0.199868030228 2.50851248678 0.185121803626
11 4.39086483242e+17 0.209871880199 2.395949551 0.236804522759
12 4.15961822744e+17 0.216220591397 2.33842729412 0.149146222958
13 3.90381445952e+17 0.217499122493 2.20759817023 0.213014865454
14 3.52539394013e+17 0.213182802435 1.9540387356 0.13368674368
15 3.5359292912e+17 0.203445951619 1.87036329871 0.188557519374
16 3.79022866681e+17 0.18907068249 1.86321491415 0.134042877732
17 3.98420226143e+17 0.171433307161 1.77586492219 0.199389612394
18 4.22512533919e+17 0.152559490226 1.6759157165 0.159366375592
19 4.13394034562e+17 0.135407012018 1.45538772616 0.225337183036
20 4.0185714273e+17 0.124714756076 1.30305540386 0.256438633872
21 4.32448522415e+17 0.129021584674 1.45067503495 0.347645112366
