00 1.47701753457e+17 0.183156584786 0.703366266983 0.24674620751
01 1.30113692815e+17 0.208303852632 0.704682770832 0.314451662898
02 1.07307536718e+17 0.22434369288 0.625917995588 0.188144582045
03 9.35888215635e+16 0.228208414452 0.555301671066 0.277351880466
04 9.42946824301e+16 0.218850681961 0.536547844433 0.173012659503
05 1.32559992421e+17 0.196721372504 0.678011974854 0.256012964121
06 2.18836293181e+17 0.163615176964 0.930928409707 0.15265047307
07 3.27518065994e+17 0.12275777876 1.04534014742 0.204703378997
08 4.8609895706e+17 0.0792581058853 1.00170934784 0.129679797602
09 6.84436315841e+17 0.041871279981 0.745113839854 0.126712872004
22 2.56341263751e+17 0.153126456478 1.02056836355 0.472699081683
23 2.23171007949e+17 0.157180059245 0.912028838531 0.365121583917
