00 1.12339832419e+17 0.146528034197 0.427984304965 0.127401070772
01 1.48967745706e+17 0.103179606092 0.39963126638 0.168661466941
02 2.16072734547e+17 0.0733501092541 0.412072925833 0.143702988305
03 2.73213819411e+17 0.0693249357491 0.492453792386 0.214269008507
15 8.34648804878e+17 0.164941970389 3.57938407993 0.391012231969
16 6.90672347842e+17 0.150437307883 2.70147510461 0.256200425117
17 4.64879073243e+17 0.16395859224 1.98174387867 0.269799676568
18 3.22456076548e+17 0.196213683568 1.64502765878 0.179065545188
19 2.20739082484e+17 0.218902702479 1.25632992416 0.246454012895
20 1.62852197751e+17 0.229334373186 0.971037774024 0.163786548908
21 1.32260598976e+17 0.226334699539 0.778314236183 0.244574642715
22 1.33716096846e+17 0.210012627476 0.730133789698 0.149202276174
23 1.31287764123e+17 0.181677494098 0.620152831782 0.210969321726
