00 2.23728209238e+17 0.156656026221 0.911257677529 0.377193478736
01 1.90983608175e+17 0.143039949776 0.710275428753 0.302090770803
02 1.40679839797e+17 0.176425175275 0.645306100237 0.201367294079
03 1.03411591134e+17 0.205481336666 0.552477951296 0.272612811706
04 9.92852821886e+16 0.224420591202 0.579323204887 0.178330028211
05 1.2819387812e+17 0.230730395387 0.769033828808 0.255959670771
06 1.80771938042e+17 0.223502366745 1.05047685583 0.15476321555
07 2.3481805636e+17 0.203157125934 1.24032899763 0.214893429852
08 3.02669174645e+17 0.171355029658 1.34846102034 0.136941150845
09 4.1655858623e+17 0.131018094828 1.41899452115 0.196443947512
10 5.91980029099e+17 0.0865786734359 1.33257398612 0.12786521551
11 8.24629738389e+17 0.0599335471442 1.28499761786 0.157762163701
