00 1.00432621719e+17 0.215086700603 0.561644752197 0.142786187184
01 9.44522468425e+16 0.216471524676 0.53160176896 0.214558088965
02 9.04886279035e+16 0.212215800672 0.499281032179 0.138750561688
03 8.62712032877e+16 0.202477697563 0.4541678598 0.196303037569
04 8.92193034585e+16 0.188037576947 0.436191122621 0.132924089871
05 1.22858297986e+17 0.170272838025 0.543905207898 0.20373573509
06 2.04592630891e+17 0.151222710211 0.804415355448 0.14811772178
07 3.30317697142e+17 0.133869218833 1.14970367416 0.217690242505
08 5.41998541721e+17 0.123006057811 1.73339670287 0.220152985999
09 7.7837840469e+17 0.127313947605 2.57655911322 0.315749504085
19 5.76433929022e+17 0.191219590728 2.86586195973 0.482541780188
20 3.9212557196e+17 0.18217497609 1.8573221341 0.317513838363
21 2.330941239e+17 0.188358622757 1.14153749191 0.312298764158
22 1.86011196682e+17 0.199230883052 0.963538549282 0.195944542391
23 1.33365931851e+17 0.209166345493 0.725287279038 0.238912950558
