00 2.1073677919e+17 0.147676672855 0.809143566372 0.325246827283
01 1.76256574416e+17 0.15548787854 0.712549781701 0.305922116426
02 1.30934176167e+17 0.188182085136 0.640626123454 0.196469922474
03 9.95005787199e+16 0.213801568875 0.553107875691 0.272768809999
04 9.62177972533e+16 0.228285221505 0.571092630126 0.176814475116
05 1.2613803953e+17 0.229685370643 0.753273621404 0.255711431709
06 1.82494231594e+17 0.217561715601 1.03229771093 0.153170258044
07 2.42254470647e+17 0.192777287021 1.21423015012 0.213532488785
08 3.19909193121e+17 0.157439399723 1.3095240946 0.134672800059
09 4.50928719122e+17 0.114994317624 1.34821024917 0.188783398867
10 6.54696899731e+17 0.0706079250265 1.20189652989 0.126636136414
11 8.98128379726e+17 0.0572458745445 1.33676775832 0.172410554982
