01 3.18537989448e+17 0.206211613648 1.70784205312 0.588959717373
02 2.40612949839e+17 0.195552526358 1.2233642256 0.373183439988
03 1.67265555614e+17 0.197832379479 0.860354114674 0.349946847029
04 1.57746057643e+17 0.206394304062 0.846505082429 0.224429987919
05 1.75207946012e+17 0.216203445157 0.984894600216 0.276713988032
06 2.03456045583e+17 0.224270613855 1.18635951812 0.173618938326
07 2.38687584616e+17 0.228875946313 1.42037601685 0.221276321541
08 2.65937652645e+17 0.229124464784 1.58425338053 0.147656010709
09 3.06482782766e+17 0.224742113194 1.79086929467 0.225011048857
10 3.45272698096e+17 0.215985414479 1.93892053697 0.150442009093
11 3.90401243073e+17 0.203596771735 2.06659525205 0.212549209954
12 4.55169752772e+17 0.188788678989 2.23420330489 0.156771542936
13 5.61382143321e+17 0.173271790277 2.52906391407 0.239521047729
14 6.66877184725e+17 0.159415704255 2.76407809741 0.216749709413
15 7.98289140182e+17 0.150681673074 3.12747612423 0.291648992373
16 1.05590220527e+18 0.152439692725 4.1849966007 0.381636513087
17 1.35332386661e+18 0.171564097048 6.03672646688 0.473553513564
