05 4.72373264509e+17 0.199880789307 2.45487686489 0.520998099584
06 4.48893295554e+17 0.189026966009 2.20617638073 0.331130773354
07 4.40788378525e+17 0.19316540163 2.21377166846 0.302271075524
08 4.09262266686e+17 0.203194112754 2.16215176223 0.200309364121
09 3.95831374934e+17 0.213475392778 2.19700671419 0.26284492001
10 3.763691984e+17 0.220994727588 2.1625658203 0.157661931515
11 3.72082322991e+17 0.224147953688 2.16843877385 0.21876001615
12 3.81066097277e+17 0.222207485309 2.20156921952 0.141169190017
13 3.91089261738e+17 0.215115321211 2.18736159618 0.209470766271
14 3.83549562423e+17 0.203388395326 2.02824778076 0.134719293518
15 4.07534307746e+17 0.188084149982 1.99291934038 0.198348277276
16 4.69065728434e+17 0.170807068041 2.0831132866 0.155648092288
17 5.4039768507e+17 0.153832456392 2.1613982864 0.230154952417
18 6.22840727992e+17 0.140511047932 2.275416088 0.231978967502
19 6.30577698802e+17 0.136360025392 2.23562536653 0.316507533483
20 5.99925483648e+17 0.150504080954 2.34757207249 0.478964139903
