00 9.47804249844e+16 0.183660783795 0.452593625668 0.120944982532
01 1.11835745082e+17 0.165375375654 0.480866837219 0.193395016732
02 1.36878961309e+17 0.145840977005 0.519026597667 0.159889745828
03 1.65280816019e+17 0.128203222637 0.550927864596 0.220116327961
04 2.1310315662e+17 0.117612413912 0.651652993222 0.258297538857
05 2.8826669671e+17 0.123508155853 0.925685490719 0.339512942452
15 1.00900570054e+18 0.190894984891 5.00796732694 0.463263417507
16 8.13428667514e+17 0.179569285351 3.79773691725 0.323383033403
17 5.39177348744e+17 0.185076915378 2.59452129423 0.305421728739
18 3.72331894582e+17 0.195900535086 1.89644045183 0.187123686473
19 2.35945084855e+17 0.205915081033 1.26320093295 0.232388898383
20 1.75956434162e+17 0.212117153537 0.970407826987 0.153246765046
21 1.3035578823e+17 0.213043617044 0.722058184306 0.217252377362
22 1.26565367943e+17 0.208177276268 0.685048872775 0.136198404544
23 1.13537202751e+17 0.197728185461 0.583687132136 0.193781074445
