00 4.00886183152e+17 0.210752032701 2.1966770275 0.595731983219
01 2.64657990033e+17 0.199878079725 1.37538260162 0.488116670554
02 2.04870057473e+17 0.200176844535 1.06626628276 0.306855466727
03 1.46845877795e+17 0.207087636702 0.790659110594 0.322716199273
04 1.3627902543e+17 0.216152040595 0.76588172536 0.205552261577
05 1.58922413593e+17 0.224393216234 0.92718889946 0.269444681094
06 1.9233504483e+17 0.22997940606 1.15006058374 0.171168451538
07 2.33681167333e+17 0.231861627494 1.40872409008 0.221861754025
08 2.67934329068e+17 0.229582735004 1.59934049779 0.149151431007
09 3.1609329759e+17 0.223192715703 1.83429275911 0.230331998596
10 3.63515265848e+17 0.21319060453 2.01494902134 0.160258974096
11 4.17341417505e+17 0.200506622534 2.17567266975 0.22275861598
12 4.910560306e+17 0.186492420958 2.38103392728 0.172950801377
13 6.1836932787e+17 0.172980912242 2.78111835137 0.261817050998
14 7.43379667676e+17 0.162476546624 3.14032579209 0.257758567744
15 8.87539567894e+17 0.158532516823 3.65830091843 0.33249494867
16 1.16333759689e+18 0.165970691669 5.0200785856 0.449890293896
17 1.39938868129e+18 0.18841741344 6.85539908887 0.535559434471
