11 9.55330666579e+17 0.150972425246 3.74994327877 0.39154789879
12 7.9263718293e+17 0.15122503004 3.11653112678 0.255464655779
13 5.81383072917e+17 0.18365006495 2.77604701665 0.29316330912
14 4.33170787464e+17 0.210421361117 2.36985805406 0.189552634996
15 3.96722679526e+17 0.226738005327 2.33875483462 0.254405223709
16 3.65250218659e+17 0.230251380701 2.18658354584 0.170265916282
17 3.34918567226e+17 0.220249503323 1.91790685022 0.240131255015
18 3.07456028743e+17 0.197370389997 1.5777506238 0.149798704018
19 2.7831484144e+17 0.163516255444 1.18323401838 0.212057828147
20 2.77939589841e+17 0.121923901704 0.881074460015 0.135548188381
21 3.00869337327e+17 0.0775184475937 0.606396022912 0.169791650947
22 3.80284778415e+17 0.0538886913633 0.532819275408 0.164320399798
