00 9.06475391738e+16 0.217489660638 0.512587465847 0.131734549787
01 9.66084800237e+16 0.20707611873 0.520138036073 0.206979147459
02 1.03739969742e+17 0.192673723215 0.519687121628 0.149921874507
03 1.11449339854e+17 0.175714643143 0.509165305505 0.210042171711
04 1.2576564604e+17 0.158252697579 0.517471571463 0.17306728193
05 1.78426551298e+17 0.143249985016 0.6645496208 0.249910152119
06 3.15928686798e+17 0.135423780227 1.11239068325 0.279055920584
07 5.04238613146e+17 0.14287833065 1.87316405369 0.360635607117
16 1.02877237828e+18 0.205999177707 5.5100828633 0.576233241771
17 7.73488842907e+17 0.189684211707 3.81468415721 0.424271880691
18 5.31891636002e+17 0.190831165552 2.63903902199 0.273615603235
19 3.04485103767e+17 0.200042552908 1.58365941448 0.290964099504
20 2.21992966349e+17 0.210655022075 1.21586226389 0.189612678532
21 1.50295954041e+17 0.219096257202 0.856161306077 0.252673197741
22 1.37763386184e+17 0.223458674283 0.800395014677 0.157026586805
23 1.13243342326e+17 0.222815204181 0.656040799506 0.215773209779
