09 8.81858661008e+17 0.165409606864 3.79256525511 0.380916198494
10 7.38829456198e+17 0.153257110413 2.94400255616 0.244441549263
11 6.03956608307e+17 0.161899041518 2.54227989609 0.254577017986
12 5.16763936213e+17 0.194617441022 2.61485314683 0.1713337061
13 4.32938910294e+17 0.217665660659 2.45013428229 0.246162752141
14 3.60868409949e+17 0.22846556023 2.14359608966 0.157537428975
15 3.54874137625e+17 0.225874061124 2.08407842899 0.220072507836
16 3.59844966743e+17 0.209994029733 1.96469766079 0.146899632596
17 3.65282137457e+17 0.182109031816 1.72955058619 0.205272959125
18 3.74580941112e+17 0.144663624614 1.40889415297 0.133814040673
19 3.77841835013e+17 0.10135632896 0.995713194433 0.163159818313
20 4.16766573377e+17 0.0774246499895 0.838968157846 0.13957383693
21 3.97989328301e+17 0.0732694049718 0.758171473013 0.215630025469
