00 1.40393002019e+17 0.179903433055 0.656686759046 0.176084006241
01 1.15907816992e+17 0.189825495319 0.57205872807 0.233025133097
02 9.88029099283e+16 0.208657304078 0.536014669337 0.147726449622
03 8.39932039433e+16 0.219621550779 0.479614660328 0.218322891746
04 8.32489054291e+16 0.217720759255 0.471250387327 0.14087421878
05 1.11516937651e+17 0.20314328213 0.589001834914 0.208795972262
06 1.72049377236e+17 0.177119440087 0.792305523449 0.124721569895
07 2.49948781629e+17 0.143192907683 0.930563213143 0.166880004225
08 3.60570859167e+17 0.122258028611 1.14614974282 0.121135293068
09 5.36427300801e+17 0.104316477856 1.45491337278 0.197251204785
10 8.08692332792e+17 0.0961433048785 2.02150919112 0.257406735703
22 3.31297513793e+17 0.169722928558 1.46194839089 0.322760105945
23 2.14518779484e+17 0.170874027996 0.953047886209 0.293929665883
