00 2.27432747258e+17 0.0750335148878 0.443692039111 0.188977325916
15 7.61821505129e+17 0.176926529083 3.50444730177 0.581163977198
16 5.83266441585e+17 0.187388338891 2.84173057011 0.354307579902
17 4.39606505711e+17 0.203195632933 2.3224791764 0.388714764472
18 3.19972752287e+17 0.213675641354 1.77762995958 0.254609543574
19 2.48336321436e+17 0.214123431079 1.38254025539 0.320482135516
20 1.85212810458e+17 0.202924551871 0.977189890638 0.202935274063
21 1.77353316969e+17 0.18035747025 0.831661885315 0.303170541733
22 2.02932290236e+17 0.148277798607 0.782349184822 0.200697550841
23 2.4476773391e+17 0.11033799075 0.702186678963 0.261230967942
