01 2.65344083545e+17 0.189761689076 1.30915567848 0.467350479798
02 2.08790116726e+17 0.186666861273 1.01332908961 0.278189884128
03 1.37691151188e+17 0.194739061189 0.697159983423 0.297328876416
04 1.28947287926e+17 0.205618616035 0.689363035004 0.186345775662
05 1.48115345808e+17 0.214874771644 0.827482528797 0.244041914585
06 1.81200244863e+17 0.220204620113 1.03742940819 0.14954963204
07 2.17462171379e+17 0.220463307736 1.24650316985 0.199323815729
08 2.50916874358e+17 0.21529770615 1.40456751458 0.131545809183
09 3.01226819811e+17 0.204995131677 1.60550082139 0.205787192244
10 3.56999643699e+17 0.190418125334 1.76745927535 0.138652221555
11 4.25025688687e+17 0.173000894914 1.91177543711 0.201106965335
12 5.26558665683e+17 0.154812997506 2.11947126033 0.158152471191
13 7.09749487427e+17 0.138869480454 2.56262610686 0.240770974932
14 9.30204252273e+17 0.130014035718 3.14442983089 0.292521592933
15 1.24376602038e+18 0.136817382553 4.42438909685 0.363075531031
