10 9.82130737801e+17 0.1555590423 3.97226224162 0.505703599987
11 8.5618888893e+17 0.158489627349 3.52812350662 0.389945206938
12 6.84431965905e+17 0.184688879366 3.28658129241 0.260771642401
13 5.25506828191e+17 0.208796494244 2.85282356912 0.312470964852
14 4.12057381836e+17 0.223961288881 2.39940746055 0.201439020015
15 4.0143617207e+17 0.227051141483 2.36981006862 0.266878529212
16 3.88577895788e+17 0.217026451381 2.192623727 0.175358335994
17 3.83454619924e+17 0.194369295334 1.93782691094 0.245544199852
18 3.7688660254e+17 0.160929986245 1.57696124982 0.160167063191
19 3.75443346423e+17 0.120028229388 1.17165880277 0.214650896193
20 4.11473710021e+17 0.0769670580518 0.823417944075 0.141430414367
21 4.40111454391e+17 0.03941674352 0.451041768267 0.127603908269
