00 9.23551657958e+16 0.208633708516 0.500978419255 0.138053680317
01 1.07666095813e+17 0.179360127133 0.502086120458 0.215114951656
02 1.27834548431e+17 0.140782790881 0.467919516977 0.137858940762
03 1.51143814469e+17 0.0968641310606 0.380650770597 0.171127394701
04 1.98596343954e+17 0.067790900313 0.350038648843 0.142454037112
05 2.40674864217e+17 0.067297672969 0.421118315903 0.20820216965
17 6.43473836011e+17 0.161062014957 2.6946190076 0.387138936344
18 4.64901928902e+17 0.147659992179 1.78483279482 0.245156805625
19 2.89775359569e+17 0.169793196667 1.27924900003 0.27147255472
20 1.8811426719e+17 0.200673703421 0.981489253246 0.182743631179
21 1.42176369445e+17 0.221678484755 0.819453495808 0.264788546405
22 1.29456780892e+17 0.230221136715 0.77489586856 0.170928291593
23 1.14019867485e+17 0.225261957416 0.667792801881 0.234141055927
