06 5.51200938109e+17 0.201189842635 2.88329677996 0.475330171163
07 5.61803991926e+17 0.193015337482 2.81935646461 0.374342210635
08 5.18865830073e+17 0.197455174857 2.66377132332 0.245765485857
09 4.78851254244e+17 0.207049019375 2.57778774806 0.298366003171
10 4.33686952395e+17 0.216929944997 2.44607185495 0.179918835258
11 4.12269887857e+17 0.224346952807 2.40477881995 0.238360880468
12 4.04104366843e+17 0.227773086824 2.39314657491 0.154745357086
13 3.96326468209e+17 0.226484462917 2.3338064696 0.223047012355
14 3.69936710907e+17 0.220376000593 2.11965449337 0.142383063945
15 3.74013490715e+17 0.209880136048 2.04094806019 0.202833734695
16 4.08681321945e+17 0.195929266008 2.08188841744 0.151010844177
17 4.34023668447e+17 0.179956617848 2.03074121743 0.22299471729
18 4.6250318414e+17 0.163965368468 1.97169713013 0.189911560887
19 4.35370250442e+17 0.150804381017 1.70704926941 0.263799427801
20 4.03814587553e+17 0.144880691604 1.52112835483 0.316400509703
21 4.70607409495e+17 0.153222181043 1.87479483615 0.403414738943
