00 1.10154228138e+17 0.223338842588 0.639644663285 0.168280417145
01 1.19063025419e+17 0.215078128885 0.665804170887 0.249815839273
02 1.27449499976e+17 0.205348383907 0.680460270096 0.205171491632
03 1.3684840534e+17 0.19525142373 0.694715995423 0.26639549368
04 1.45841058851e+17 0.18616853966 0.705926440667 0.244417226836
05 2.15111207855e+17 0.179756734975 1.0053598979 0.321860357591
06 3.30920196566e+17 0.177864744961 1.53033494548 0.34063663613
07 5.09109237015e+17 0.18208102875 2.41017747417 0.409531355152
08 6.96272386649e+17 0.192514142107 3.48509931091 0.524201586137
09 9.02432749355e+17 0.206299399672 4.84045469534 0.557912931882
10 1.10296373765e+18 0.218167950428 6.25641478901 0.752296373629
11 1.36419139742e+18 0.223728666236 7.93542676773 0.628318191683
12 1.25639780862e+18 0.221998813953 7.25188940754 0.641890736942
13 1.3040290117e+18 0.215491635977 7.30619097242 0.63592126998
14 1.06457935961e+18 0.208753367263 5.77809767698 0.497525900111
15 8.97422571428e+17 0.205615695787 4.79762832742 0.431457979541
16 7.53089692062e+17 0.207152550202 4.05611570627 0.329075797252
17 5.79419247503e+17 0.212187492547 3.19658344879 0.348511785545
18 4.37882770174e+17 0.218799984601 2.49102732765 0.238916046276
19 2.76923581277e+17 0.225239057332 1.6217241664 0.282924339479
20 2.23240680078e+17 0.230172152256 1.33597848292 0.202308947582
21 1.58058807063e+17 0.232708587384 0.956322684596 0.272641837806
22 1.55896604265e+17 0.232358208221 0.941820246505 0.184901176551
23 1.32191691604e+17 0.229001142743 0.787073259399 0.249685856158
