00 1.01306227418e+17 0.159408260887 0.419875287773 0.118672575284
01 1.26956741222e+17 0.129579244422 0.427724923649 0.17547729151
02 1.69673237034e+17 0.109609568857 0.483543069304 0.156054364228
03 2.1589354423e+17 0.095968110487 0.538691283159 0.221907795798
04 3.06418369505e+17 0.0981890993385 0.782260536785 0.310142319151
15 8.93314255966e+17 0.175990318035 4.08758116032 0.39118713721
16 7.32351479289e+17 0.167286568639 3.1853267162 0.271730716413
17 4.84327413199e+17 0.17423078312 2.1940033567 0.276449410292
18 3.36199151785e+17 0.184558399896 1.613257815 0.162907115332
19 2.21498907042e+17 0.201985739658 1.16323013488 0.220419331012
20 1.64903375314e+17 0.217826464726 0.933928300918 0.152116739769
21 1.28067238704e+17 0.220956091976 0.735728150928 0.225745596375
22 1.27212366122e+17 0.21114258537 0.698358644724 0.140806342148
23 1.1937499296e+17 0.189213504703 0.587271380589 0.197092372472
