12 9.1168797647e+17 0.161404910394 3.82592381988 0.630680373531
13 7.75532970198e+17 0.169497709784 3.41772762007 0.463837922534
14 5.66080439252e+17 0.190065099904 2.79739551625 0.298090257495
15 5.0113035232e+17 0.209769406039 2.73316722521 0.325448862634
16 4.25568159608e+17 0.221084807977 2.44625302604 0.210957718708
17 3.66962719642e+17 0.220772806654 2.10640012837 0.290633690192
18 3.12596457801e+17 0.207888418982 1.68961476819 0.183689741498
19 2.70285023122e+17 0.183098517359 1.28670846195 0.261536156134
20 2.45504606798e+17 0.148522459804 0.948036650466 0.166988538027
21 2.66588595734e+17 0.107967069632 0.748352526446 0.236523480343
22 3.55548231809e+17 0.067644253867 0.625320666216 0.171338851009
