00 1.46005392404e+17 0.116218078489 0.441180120012 0.144730646163
01 2.10079214222e+17 0.102167694968 0.55804603602 0.218402958045
02 3.11442571563e+17 0.102927078872 0.833452727316 0.322966225993
13 1.00294773348e+18 0.176916567812 4.61338983826 0.387070288464
14 7.39439441248e+17 0.17081387788 3.28396947885 0.248819469138
15 5.62497367627e+17 0.178665230537 2.61296676845 0.25933029855
16 4.55550193529e+17 0.189263284917 2.24169207787 0.169678739157
17 3.45526056927e+17 0.198803617497 1.78598758148 0.22058850595
18 2.70968639276e+17 0.214694451666 1.51256204913 0.144824573704
19 2.00200907833e+17 0.218068278564 1.13509415079 0.206568638543
20 1.6590486584e+17 0.208703453932 0.900247881647 0.139826570456
21 1.39258468612e+17 0.187408932876 0.67855530591 0.202045855791
22 1.51742376329e+17 0.155997411278 0.615456865102 0.125546301008
23 1.65093955474e+17 0.134695034402 0.578170736317 0.184053501157
