00 1.00051413353e+17 0.231271417033 0.601614835701 0.154156283964
01 1.01616256926e+17 0.226178299555 0.597568197167 0.23193393968
02 1.03786266497e+17 0.217467519229 0.586823689535 0.168858880379
03 1.06140135535e+17 0.205919608835 0.568264714966 0.229313129208
04 1.11942515748e+17 0.192716161706 0.560901431134 0.17920753596
05 1.58446615191e+17 0.179466216766 0.739331179281 0.259198254161
06 2.55716103184e+17 0.168318929695 1.11908838064 0.228453557295
07 4.1488051752e+17 0.162216413303 1.74981116704 0.313583259768
08 6.41215670663e+17 0.16512932025 2.75297120358 0.380460956036
09 8.48460461172e+17 0.180922528442 3.99114590988 0.47062135581
10 1.0947912796e+18 0.208139889452 5.92461313363 0.700437578639
16 1.05816479117e+18 0.212536604664 5.84736754914 0.591228863174
17 8.47249841207e+17 0.201661756656 4.4423051739 0.481969896554
18 5.97003124336e+17 0.201034226565 3.12046959531 0.327420447813
19 3.39877840084e+17 0.207087308629 1.82999406631 0.32878933526
20 2.6151979209e+17 0.215698746999 1.4666467782 0.222478535398
21 1.7133206925e+17 0.223920740357 0.997484898629 0.283921446068
22 1.58355186762e+17 0.229870834763 0.946432213219 0.184374716988
23 1.2521452406e+17 0.232429179434 0.756691236094 0.243167811367
