00 1.62434124325e+17 0.218810670642 0.924100311645 0.224109113019
01 1.34710287294e+17 0.225282683118 0.789045269092 0.293724620712
02 1.2073949227e+17 0.230226965041 0.722734658512 0.203634673834
03 1.04404449551e+17 0.232751160737 0.631806677299 0.25775241583
04 1.01304714121e+17 0.232366581623 0.612035583186 0.179046782814
05 1.32059964698e+17 0.228953942744 0.786126889501 0.253637183493
06 1.83896533705e+17 0.222743845758 1.06500734961 0.170923964434
07 2.56329352361e+17 0.214281732029 1.42809413744 0.235203136215
08 3.33063607636e+17 0.204414651744 1.77016011545 0.170085859495
09 4.34955055679e+17 0.194276723829 2.19704272399 0.271651843378
10 5.50188393936e+17 0.18528015052 2.65041369951 0.257064456136
11 6.81604309971e+17 0.179123151582 3.17436891548 0.312084003474
12 8.23063556681e+17 0.177685639231 3.80241092911 0.341644490371
13 1.07354790741e+18 0.182530709361 5.09484198788 0.451262291014
14 1.26574545661e+18 0.193592900299 6.37102268362 0.601226026381
15 1.44611903929e+18 0.207689952888 7.80895427362 0.567098879566
16 1.41058722443e+18 0.219375031025 8.04563801917 0.679315238037
17 1.3055579684e+18 0.224402131859 7.61721977577 0.658585682543
18 1.07288516213e+18 0.222079609155 6.19491385429 0.664917943569
19 7.72576146807e+17 0.215189294085 4.32250300711 0.609466850215
20 5.81633248777e+17 0.208415957074 3.15176290546 0.515123169159
21 3.64273231356e+17 0.205502880537 1.94633915699 0.475227692814
22 3.16104638671e+17 0.20732267621 1.70392715094 0.325768200241
23 2.03824251463e+17 0.212560912161 1.1264517891 0.336704884037
