03 2.3594522324e+17 0.197380161307 1.21084356179 0.507773169552
04 2.52731065036e+17 0.190631888366 1.25264360459 0.31795643968
05 2.50134002896e+17 0.196395734499 1.27725653177 0.320716464694
06 2.58924972211e+17 0.206610636936 1.39091298911 0.201746170809
07 2.80967987193e+17 0.216460421704 1.58127967382 0.236780531146
08 2.90618742091e+17 0.223319499635 1.68742163377 0.157077343931
09 3.14025037321e+17 0.22578097681 1.8434228714 0.229027525764
10 3.32483967186e+17 0.223237482472 1.92979497871 0.144237587083
11 3.574516854e+17 0.215713405652 2.00478513075 0.205810784006
12 3.98142966334e+17 0.203783149843 2.10950552196 0.137265119887
13 4.55739543973e+17 0.188540626344 2.23406089583 0.213414822925
14 5.0127799728e+17 0.171619357406 2.23675420215 0.159349016512
15 5.81749769283e+17 0.155315324391 2.3492210074 0.22832868861
16 7.39251737959e+17 0.143009989026 2.74872995625 0.228700706057
17 9.55190235168e+17 0.140228096558 3.48255722174 0.325788023239
18 1.21529762431e+18 0.155720417849 4.92041300058 0.483726535777
