00 1.34270486997e+17 0.186407853881 0.650755906336 0.226519885673
01 1.54608935557e+17 0.161493315799 0.649176051039 0.327277026952
02 1.79321814283e+17 0.12921685681 0.602456431175 0.223127322182
03 2.08849995045e+17 0.0943404699681 0.512278173819 0.298570536542
04 2.30341157921e+17 0.0639464606251 0.382967046419 0.260322567824
19 2.61432440292e+17 0.18781649537 1.2766344425 0.679134626662
20 1.55839632326e+17 0.192626778501 0.780491044784 0.452809389334
21 1.81775748007e+17 0.201974607407 0.954566218837 0.45280476603
22 1.68952932907e+17 0.206088965456 0.905302713993 0.303355897668
23 1.57962082259e+17 0.200831402713 0.824817410444 0.354319117632
