00 1.7761668416e+17 0.218005108563 1.00675495734 0.253692480717
01 1.5485421367e+17 0.221497365667 0.891794810148 0.323858277936
02 1.4108654418e+17 0.224414765696 0.82320949763 0.241194260871
03 1.252957098e+17 0.226303072797 0.737224907537 0.289922004451
04 1.20715998533e+17 0.226841138962 0.711967219553 0.212448986956
05 1.5756568968e+17 0.225874359823 0.925341281451 0.285496338351
06 2.09808143954e+17 0.223421564258 1.21876725662 0.201206548742
07 2.87469845556e+17 0.219672758865 1.64188164566 0.263893993581
08 3.59193323296e+17 0.214972774181 2.00763641458 0.191670592284
09 4.46311459173e+17 0.209799194624 2.43453040183 0.295551383214
10 5.247352003e+17 0.204723114705 2.79306103961 0.256537960137
11 6.03802453725e+17 0.200356687114 3.14537234179 0.305768147696
12 6.69253453909e+17 0.197269554901 3.43260660518 0.280734789612
13 8.07280778307e+17 0.195870914407 4.11119342998 0.384801021596
14 8.60966764778e+17 0.196262009907 4.39335176068 0.375682843549
15 8.89076903536e+17 0.198116643105 4.57966422135 0.408950996567
16 9.15314861862e+17 0.200726528504 4.77692734244 0.416702560218
17 8.78936528965e+17 0.203266139689 4.64510891712 0.465403176053
18 7.52961875155e+17 0.205191158459 4.0170291054 0.452094991127
19 5.05352143533e+17 0.206497396837 2.71320145527 0.462237197493
20 4.27720163697e+17 0.207642460132 2.30913454299 0.403794435607
21 3.01194265466e+17 0.209213166937 1.63835895967 0.4276437207
22 2.95779167924e+17 0.211569017191 1.62702040444 0.333214996255
23 2.10562789462e+17 0.214691744053 1.17535840506 0.34963658165
