00 9.03270447604e+16 0.193982484387 0.455568478299 0.119526966558
01 1.0250787037e+17 0.177850948906 0.474009172407 0.19165945015
02 1.18708828497e+17 0.15886519263 0.490326223555 0.145907788576
03 1.36779632806e+17 0.139412013162 0.495786823194 0.204246110447
04 1.68098470704e+17 0.123097499005 0.538005034589 0.197305571373
05 2.35636945294e+17 0.116091871218 0.711243881588 0.276723947135
06 4.20968668001e+17 0.12954532503 1.41789759601 0.399895523711
16 9.40695428785e+17 0.184968579015 4.52397651545 0.439399725174
17 6.38934885475e+17 0.179482827737 2.98162383961 0.345124631881
18 4.31914037707e+17 0.187324120738 2.10360585104 0.214924773938
19 2.60877602905e+17 0.198355518225 1.34540931506 0.251260416258
20 1.89337922111e+17 0.207516932523 1.02156144498 0.16153246348
21 1.35348644011e+17 0.212316230938 0.747154562932 0.225484149982
22 1.27304214465e+17 0.211586898632 0.700333501955 0.140696587673
23 1.10370824104e+17 0.205030722358 0.588364654626 0.196405297627
