00 1.40556881236e+17 0.22659911857 0.828101700322 0.210317808011
01 1.31013517083e+17 0.228112670764 0.777031925489 0.286711993775
02 1.25073064104e+17 0.227961648071 0.741308407387 0.216077577035
03 1.17081341581e+17 0.226058900792 0.688149263908 0.270153020765
04 1.15016036196e+17 0.222519591005 0.665426354669 0.202526537935
05 1.55903042456e+17 0.217649669897 0.882238388893 0.281859324511
06 2.18573945585e+17 0.211922015695 1.2043364093 0.207441798504
07 3.16072224621e+17 0.205953493985 1.69250065431 0.278121147704
08 4.174699257e+17 0.200452746378 2.17575782155 0.21721506094
09 5.38626982772e+17 0.196156721032 2.7470378728 0.327237851848
10 6.54501994665e+17 0.193709990034 3.29637294646 0.339277796885
11 7.7851336872e+17 0.193489696126 3.91649219375 0.371551506343
12 8.48035764624e+17 0.195384952302 4.30802911296 0.388675289163
13 1.01114479013e+18 0.198673194534 5.22307150537 0.482189450636
14 1.0298964201e+18 0.202200439632 5.4143832319 0.492506246651
15 1.02676359871e+18 0.204911706374 5.47029290741 0.473566521449
16 9.482336751e+17 0.206405684952 5.08874135128 0.461245637379
17 8.46805357207e+17 0.207104247075 4.559801634 0.4677577126
18 6.75170792609e+17 0.20789557091 3.64949045218 0.397626603894
19 4.20068899606e+17 0.209559908769 2.28876960723 0.403965922273
20 3.49597292905e+17 0.212379783848 1.93043233503 0.31697463674
21 2.3495386094e+17 0.216110874546 1.32017819351 0.358139573439
22 2.28829131248e+17 0.220185369309 1.31000549609 0.258080330767
23 1.714507799e+17 0.223933210237 0.998231612055 0.305254801332
