00 1.64120522337e+17 0.210610185933 0.898701796842 0.243561319468
01 1.72938395742e+17 0.208226897183 0.936271064278 0.327851036445
02 1.72386017806e+17 0.206247205476 0.924407495326 0.302162406212
03 1.76061724069e+17 0.204844147076 0.937695556191 0.344828407685
04 1.69668709273e+17 0.204106332464 0.900391907574 0.320346649683
05 2.46246464997e+17 0.20401708027 1.3062006052 0.372844990723
06 3.15064899988e+17 0.204471214788 1.67496427378 0.323323542853
07 4.39413080681e+17 0.205312368179 2.34564044529 0.369841698296
08 5.33768432164e+17 0.206394062087 2.86433250813 0.303084380519
09 6.27833889479e+17 0.207631054111 3.38930311925 0.390744660542
10 6.62723852695e+17 0.20900616326 3.60134761357 0.35059128358
11 6.94575237603e+17 0.210545690048 3.80223538998 0.355784470793
12 6.70915636945e+17 0.21226751012 3.70275338562 0.293344384887
13 7.05158667062e+17 0.214135996811 3.92599620611 0.367895633343
14 6.49809517472e+17 0.216047821863 3.65013820276 0.263655215896
15 5.90828341559e+17 0.217843735449 3.3464145763 0.314575155396
16 5.81777402852e+17 0.219335365373 3.31771333973 0.252144792587
17 5.15067550635e+17 0.220342536108 2.95077354972 0.318080162157
18 4.41772082664e+17 0.220723664402 2.53524837582 0.24457804434
19 3.08007809839e+17 0.220398481426 1.76499579245 0.300604832161
20 2.68579880636e+17 0.219358803861 1.53179939529 0.24187297931
21 2.01606620167e+17 0.217674302269 1.14099908982 0.317693274143
22 2.1387765206e+17 0.215486841929 1.19828331484 0.254103989301
23 1.84926461622e+17 0.212997403939 1.02411026237 0.312038227606
