00 1.4897718608e+17 0.166867154499 0.646344377287 0.199716911069
01 1.25090196122e+17 0.198308872613 0.644968889964 0.274484480527
02 1.03163258065e+17 0.220361583887 0.591063692603 0.167074154461
03 8.76367753753e+16 0.230172342773 0.52446060943 0.250799809396
04 8.72135965013e+16 0.226526014787 0.513659859718 0.156671285209
05 1.18488483899e+17 0.209543543068 0.645540914951 0.235366536673
06 1.88569922349e+17 0.18057278503 0.885315497337 0.139127774795
07 2.7527909327e+17 0.14218458016 1.01765149989 0.188876793843
08 4.0355069795e+17 0.09831929752 1.03159734954 0.114962024638
09 6.07110555156e+17 0.0658356701699 1.03920778691 0.152956495949
10 8.49329682554e+17 0.0651998233901 1.43977977786 0.223981455737
22 3.07964173118e+17 0.162294820531 1.29950574536 0.393534315277
23 2.33880561126e+17 0.146260067297 0.889392051855 0.304196651066
