00 2.03379126365e+17 0.163218981286 0.863078679323 0.283684679812
01 2.87113260375e+17 0.164703854158 1.22950517465 0.383744172149
02 3.27203636164e+17 0.178454967614 1.51816897166 0.581142313039
03 3.55014379507e+17 0.204075204371 1.88369043337 0.5776674404
09 1.00139609201e+18 0.214083767804 5.57394885947 0.631941935657
10 8.99633013465e+17 0.202453794961 4.73548705885 0.457392283481
11 7.9410316864e+17 0.200967392364 4.14930991981 0.370506531021
12 6.71684470958e+17 0.206492092392 3.60613582772 0.258475063358
13 5.94573940779e+17 0.214923677816 3.32248847023 0.308523913843
14 4.82441295406e+17 0.223233797953 2.80012726924 0.187968871099
15 4.20041492889e+17 0.229461506107 2.50596719322 0.244200315181
16 3.96900508844e+17 0.232425818058 2.39849806185 0.173923778688
17 3.46419129096e+17 0.231531917133 2.08538421237 0.23791561408
18 3.03447034231e+17 0.226680168592 1.78842104684 0.163188419537
19 2.33738266456e+17 0.218214751082 1.32613357846 0.224055153987
20 2.11680704017e+17 0.206888597071 1.13865242091 0.172285605248
21 1.76840161241e+17 0.193852260426 0.891302489757 0.251969330732
22 1.98448333068e+17 0.180676994127 0.932231256014 0.208025069061
23 2.16898565935e+17 0.169449427983 0.955586786125 0.282947308806
