00 1.05517184961e+17 0.226209559928 0.620593895347 0.187669746818
01 1.08330734617e+17 0.222371056525 0.626330117681 0.281812623996
02 1.06973993166e+17 0.205598218948 0.571835224184 0.165755401495
03 1.1114015777e+17 0.177072756918 0.511677247659 0.252095305206
04 1.25432352215e+17 0.139383083311 0.454561847964 0.160482159601
05 1.69930553342e+17 0.096833624812 0.427829777608 0.212134000017
06 2.79632092825e+17 0.0561220052749 0.408031358502 0.146020971598
20 2.42171395598e+17 0.152557203416 0.960569762353 0.440432353775
21 2.19221189866e+17 0.174237837931 0.993112279925 0.385228272446
22 1.67432008294e+17 0.199385425507 0.867971057647 0.259550531012
23 1.38010970015e+17 0.21830240761 0.783331302802 0.303027825073
