00 1.8189146164e+17 0.188392056715 0.89093957049 0.552664222431
01 1.70884453906e+17 0.198146110742 0.880362338121 0.470157509712
02 1.34731981715e+17 0.206077516857 0.721896038058 0.284380630801
03 1.2012932943e+17 0.205899432774 0.643098580518 0.371307743236
04 1.23463267958e+17 0.195303538333 0.626933140246 0.245576432643
05 1.85558779306e+17 0.17423250029 0.840589621802 0.329659728488
06 3.08746896377e+17 0.14438103002 1.15900706777 0.215199032007
07 4.48081855865e+17 0.10941056026 1.2746470592 0.286675753986
08 5.80359248533e+17 0.0756463014858 1.1414527978 0.225022186844
23 1.9839052615e+17 0.189069843829 0.975251310703 0.740687668763
