00 9.36813890233e+16 0.222690484408 0.542410801443 0.139466043029
01 9.96787692019e+16 0.213031572846 0.552102849544 0.216869611265
02 1.06480672728e+17 0.199847183999 0.55327642747 0.160842500004
03 1.13981045016e+17 0.184459313191 0.546646497293 0.221741853075
04 1.26551968229e+17 0.168722553591 0.555156452279 0.185160773025
05 1.81677294651e+17 0.155233177011 0.733260934628 0.264655721471
06 3.11514483837e+17 0.147886415158 1.1977877674 0.284120469711
07 5.02145555081e+17 0.152818655254 1.99516742019 0.369689315011
08 6.97639872207e+17 0.177055550608 3.2115463042 0.550398554877
16 9.99528102877e+17 0.202309100692 5.25755442183 0.526795227003
17 7.41068649918e+17 0.194264019239 3.7430373361 0.410533570723
18 5.13383447954e+17 0.198393802247 2.6481544505 0.268131058113
19 2.98352140821e+17 0.207709568499 1.6112354552 0.291038504414
20 2.23440363796e+17 0.217481849016 1.26344981004 0.193569601198
21 1.51758406808e+17 0.224978780921 0.887702955313 0.259021872278
22 1.41197888206e+17 0.228662226015 0.839452209071 0.164247048439
23 1.16236383332e+17 0.227779128606 0.688381774802 0.224259237742
