00 1.87620560028e+17 0.208380628914 1.01650874769 0.245501866722
01 1.44199043161e+17 0.216847619263 0.812999699446 0.303860616277
02 1.23691948898e+17 0.224783026785 0.722900117218 0.199846876245
03 1.01679116728e+17 0.230424171152 0.60916248108 0.253852415167
04 9.77268428162e+16 0.232722180874 0.591323303743 0.170027237796
05 1.24860951718e+17 0.231180745998 0.750501647067 0.241383115555
06 1.72019537798e+17 0.225777903637 1.00979347634 0.156834326465
07 2.33666006583e+17 0.216921057571 1.31786400893 0.216969840218
08 2.98907477215e+17 0.2054186425 1.59643037327 0.15194012894
09 3.89126618021e+17 0.192466229728 1.94723705949 0.245269888901
10 4.96949213352e+17 0.179678103171 2.32156319271 0.21507197536
11 6.25416783207e+17 0.169194906127 2.75125068205 0.277090157863
12 7.89666392204e+17 0.16390818144 3.36525233955 0.295962228163
13 1.08031803708e+18 0.167580359737 4.70704221738 0.411751436915
14 1.39902180251e+18 0.183488896121 6.67432912101 0.606602385732
15 1.66856415987e+18 0.209508199182 9.08902468123 0.586504729113
20 9.7848041039e+17 0.226757011477 5.76880963487 0.630767189276
21 5.87600654478e+17 0.210011733712 3.20847883661 0.611205275809
22 4.18759024937e+17 0.201560370885 2.19453583382 0.420724063782
23 2.47598662339e+17 0.202379054014 1.30282835954 0.36969749187
