05 4.67732360455e+17 0.20373823935 2.47766915776 0.547183904137
06 4.50788924747e+17 0.19307030365 2.26288281916 0.345871846163
07 4.52878705939e+17 0.19619385465 2.31015249418 0.31519247037
08 4.23776550183e+17 0.205434428822 2.26351563191 0.208588505403
09 4.10688319637e+17 0.215499992984 2.30108658001 0.273261185346
10 3.88587541911e+17 0.223391202164 2.25698299147 0.16637073333
11 3.82128239195e+17 0.227439233153 2.25968479591 0.226579993902
12 3.87907666234e+17 0.22681954071 2.28761100602 0.147697159585
13 3.9533621534e+17 0.221344920331 2.2751472403 0.217423354797
14 3.83537463115e+17 0.211378697937 2.10786288865 0.140704629743
15 4.00615197245e+17 0.197789434299 2.0601737841 0.20443093017
16 4.53967761195e+17 0.181941070241 2.1474798885 0.159205380122
17 5.07399613508e+17 0.165756826829 2.18672869661 0.234333817452
18 5.66544713389e+17 0.151953089639 2.23829371008 0.223624669673
19 5.49519364989e+17 0.144682351774 2.06714960588 0.306134488152
20 4.90974741651e+17 0.150653237638 1.92314029514 0.445338620431
21 8.42361499147e+17 0.177434504524 3.88606387602 0.509560411794
