00 4.17202051294e+17 0.223619996088 2.42566274804 0.691348216262
01 3.78545645171e+17 0.219945961707 2.1647492354 0.651424986952
02 2.69217764908e+17 0.212934748481 1.49047124349 0.578677093749
03 2.35976283293e+17 0.207185796611 1.27116429012 0.495316177002
04 2.23738363862e+17 0.205681909468 1.19649228141 0.377668044307
05 2.69222154556e+17 0.208590597464 1.4600874618 0.371145215303
06 2.85353015119e+17 0.214352944967 1.59032273779 0.248606497451
07 3.32092369084e+17 0.221061727764 1.90873573506 0.282268917047
08 3.50553667207e+17 0.227102536475 2.06990230182 0.190788912455
09 3.77487495419e+17 0.231302238845 2.27015627349 0.273195756533
10 3.88801098998e+17 0.232908523257 2.35443233501 0.184863710745
11 4.04817181594e+17 0.231558796199 2.43721346051 0.242757967868
12 4.27994875937e+17 0.227250669463 2.52881517417 0.171296201031
13 4.65949288043e+17 0.220313064806 2.66902260801 0.252768819512
14 4.7463491514e+17 0.211384362929 2.60859037818 0.177641628058
15 4.93994922524e+17 0.201396068242 2.58670451332 0.250399482713
16 5.65615367303e+17 0.191555686903 2.81701784537 0.216582565267
17 6.16166045431e+17 0.183348719268 2.93730463744 0.30403762198
18 6.43784716336e+17 0.178517306544 2.98809455242 0.312148413759
19 5.4639590408e+17 0.178880198688 2.54122460499 0.39050254558
20 5.14501766103e+17 0.185615088923 2.48298156773 0.505726791615
21 5.98855680682e+17 0.19778211812 3.07951656932 0.534833452636
22 6.59557531074e+17 0.211344437691 3.62423920376 0.706399231849
23 4.83955486727e+17 0.220993304312 2.78072397595 0.630446192174
