00 9.47166173544e+16 0.193411508161 0.476301379071 0.132490460023
01 1.13911343525e+17 0.158959799109 0.470790431357 0.199552511592
02 1.42241350858e+17 0.117171457729 0.433332287163 0.131360910912
03 1.74313177868e+17 0.0813515098367 0.368696645303 0.162393014689
04 2.36776567439e+17 0.0716017653331 0.440794125672 0.191048221775
16 8.01179316103e+17 0.175199585647 3.64952338946 0.415683791421
17 6.15084604601e+17 0.153623522353 2.45677805111 0.332161936273
18 4.09575797802e+17 0.155133445321 1.65201152046 0.196608132167
19 2.58325189789e+17 0.18619996717 1.25060368831 0.253926119927
20 1.76179882087e+17 0.212370078799 0.972798721481 0.169850549719
21 1.34908799254e+17 0.226894079484 0.795860203348 0.253026434251
22 1.27036482295e+17 0.22821973976 0.753798056163 0.16094845305
23 1.14734098517e+17 0.216089951735 0.644615031084 0.223230157022
