00 2.00331092458e+17 0.139902261544 0.728696095204 0.322690819257
01 1.71398667208e+17 0.168919013953 0.752764840299 0.331578210648
02 1.27734962406e+17 0.198008876881 0.657609067553 0.207160150349
03 9.96923013849e+16 0.219469354797 0.568864531642 0.286506040359
04 9.71880957072e+16 0.229415994429 0.579709094207 0.184456539337
05 1.30153248491e+17 0.226186801711 0.765412622221 0.265057021128
06 1.92632939913e+17 0.209674968141 1.05014794402 0.157751116123
07 2.60108138744e+17 0.181109387047 1.22480866492 0.220360635503
08 3.51124342497e+17 0.143036395481 1.30581256823 0.138368709219
09 5.05677698684e+17 0.0995410752933 1.30872824885 0.18873981908
10 7.33067189851e+17 0.0568182740868 1.08294192544 0.132657334232
11 9.19617166945e+17 0.0518042304229 1.23864155005 0.17671284473
