00 9.05932297438e+16 0.196225959421 0.462195329012 0.123796459626
01 1.05283550821e+17 0.166341719012 0.455339217508 0.188496919946
02 1.25506515454e+17 0.132598597438 0.432691685882 0.129530868217
03 1.48760293914e+17 0.112084777626 0.433517876034 0.183660635307
04 1.93736748098e+17 0.0967103335404 0.487144983716 0.188366594098
05 2.54372381064e+17 0.0950822553953 0.628843792249 0.264488847245
16 9.08042402123e+17 0.18089827261 4.27084585203 0.435670547276
17 6.3895763277e+17 0.166714778095 2.76961567895 0.337430318351
18 4.27334745551e+17 0.17165861663 1.90724797274 0.205555553011
19 2.61253994999e+17 0.181859791633 1.23530152444 0.239372656143
20 1.82376093975e+17 0.198057106298 0.939142917197 0.155865389716
21 1.33994074444e+17 0.216216743867 0.753265824318 0.233383165454
22 1.25496615513e+17 0.221806639072 0.723735545052 0.150255804613
23 1.10519543181e+17 0.214383855705 0.616033750748 0.209555390457
