00 9.78399316851e+16 0.224071378975 0.570001338698 0.156795978147
01 9.56670098364e+16 0.229481393815 0.570798767743 0.243079233405
02 9.24928783567e+16 0.221372808554 0.532360614579 0.148037779194
03 9.15828623883e+16 0.200324691922 0.477004026024 0.218508567538
04 9.86550336634e+16 0.168091843814 0.431160769261 0.135976616818
05 1.36420165154e+17 0.127625104528 0.452676583776 0.189432013894
06 2.46909283604e+17 0.0839647163344 0.539023366913 0.115177883813
07 4.0369268972e+17 0.0712791149856 0.748146298884 0.174611707641
08 5.8359096162e+17 0.075984526463 1.15294095454 0.254845026252
20 3.3671516386e+17 0.155489375169 1.3612463914 0.32822650053
21 2.30228280828e+17 0.152660018547 0.913812994155 0.284900976588
22 1.71637580114e+17 0.178837046563 0.79807410558 0.195561573962
23 1.30506929371e+17 0.207351289768 0.703580283349 0.249460129819
