00 1.09782633885e+17 0.201545228806 0.575280317696 0.172341523844
01 1.28047673681e+17 0.173574207737 0.577870111306 0.265280677482
02 1.5247722184e+17 0.136763441437 0.542186049587 0.168190273289
03 1.80311679357e+17 0.0955453338344 0.447926429558 0.224907380207
04 2.1640385026e+17 0.0569025633356 0.320162278684 0.171182578561
18 4.21125982399e+17 0.162512110154 1.77938987304 0.54339106249
19 3.13329191793e+17 0.176382024756 1.43690656885 0.427601372796
20 1.85343977435e+17 0.197788389131 0.953131055032 0.275200991866
21 1.62586396241e+17 0.214964111109 0.908706243801 0.3427346449
22 1.47055867308e+17 0.222260327641 0.849801816487 0.223430156269
23 1.32842928296e+17 0.217393571515 0.750859164454 0.288317697507
