00 1.19400116305e+17 0.176384482644 0.547568521292 0.157923578175
01 1.51995886363e+17 0.160571868388 0.634562849975 0.237364132119
02 1.96772116742e+17 0.148288238351 0.758653754254 0.263876541472
03 2.48119506169e+17 0.144422311426 0.931683807357 0.325709379965
04 2.99703435974e+17 0.156609175309 1.22034400657 0.478614428163
13 1.10373742884e+18 0.197496097474 5.66757970563 0.507681473628
14 8.17318115489e+17 0.192917884419 4.09955732517 0.302138220363
15 6.26298043563e+17 0.199201711476 3.24375069647 0.30550997414
16 5.23313103133e+17 0.209253249239 2.8471291472 0.210133553521
17 3.93868128291e+17 0.218769153769 2.24032112519 0.260372393555
18 3.05381670992e+17 0.225337519221 1.78916265208 0.166214407988
19 2.13135801736e+17 0.227647134098 1.26151361541 0.222627541984
20 1.74719534094e+17 0.22513322036 1.02271445563 0.155135649443
21 1.36142551509e+17 0.217828260301 0.771048073851 0.224100407212
22 1.42426733351e+17 0.206295896971 0.763933318438 0.147305007592
23 1.37120706819e+17 0.191598203291 0.683074107572 0.217786291914
