00 1.16521074067e+17 0.163959593648 0.496723446843 0.151856262488
01 1.50108377096e+17 0.123389196666 0.481565553631 0.215004165503
02 2.10376884214e+17 0.0801327424329 0.438309993589 0.14827957453
03 2.70511657538e+17 0.0414660239447 0.291643114588 0.133586137558
16 6.54638013055e+17 0.155414778418 2.64525096532 0.501350636819
17 5.53256578e+17 0.157771268305 2.26948779224 0.390195751042
18 3.70585570345e+17 0.184421504487 1.77694265903 0.26302377836
19 2.53657205832e+17 0.208797874676 1.37704022232 0.307993877646
20 1.70273749464e+17 0.224154297266 0.992357409002 0.198503197429
21 1.42838610118e+17 0.227391290029 0.844486651337 0.288967928708
22 1.4077160868e+17 0.217480355296 0.795991546258 0.182007574155
23 1.3603083593e+17 0.194900528524 0.689324527279 0.24959234223
