00 1.14316063722e+17 0.220738577989 0.656083099028 0.206368059925
01 1.1390075394e+17 0.223046504981 0.660534292109 0.30151576313
02 1.07891364872e+17 0.212689427774 0.596631169066 0.178013726227
03 1.08388719144e+17 0.190066484939 0.535627634222 0.269504439478
04 1.19151050377e+17 0.157015273458 0.486421903701 0.17287129825
05 1.66776610046e+17 0.116943478939 0.507089361597 0.237406436485
06 2.97358156484e+17 0.0754587124221 0.583394854029 0.156607972098
07 4.04066818969e+17 0.039969588225 0.419909993608 0.135448724059
21 2.43926319137e+17 0.165828975446 1.05170134126 0.466446365428
22 1.81958183886e+17 0.187087208497 0.885093265845 0.313403740578
23 1.53251184025e+17 0.20820898511 0.82961511081 0.332772741538
