00 4.0470794822e+17 0.190889806742 2.00862017259 0.616999910172
06 5.67552951992e+17 0.224422723027 3.31166625264 0.608472121354
07 6.75117976346e+17 0.207191618342 3.63684843837 0.525751008337
08 6.78072805062e+17 0.200066515614 3.52715124949 0.358609041124
09 6.33202294718e+17 0.202447132107 3.33293970383 0.374340834534
10 5.52338842023e+17 0.209960657992 3.01520509434 0.236745551629
11 5.05059446266e+17 0.218789194411 2.87304028384 0.276102648278
12 4.71597978644e+17 0.226384962769 2.77582996176 0.18392857593
13 4.44062814443e+17 0.231166876343 2.66896795658 0.252954592592
14 3.93385118863e+17 0.232247257671 2.37542799168 0.160904862147
15 3.74589293209e+17 0.229280559991 2.23303711575 0.220120561815
16 3.85153751187e+17 0.222399736807 2.22711041525 0.160325892626
17 3.74199559847e+17 0.212169143516 2.06423360304 0.230775400249
18 3.62256618528e+17 0.199562150876 1.87961045903 0.174097483752
19 3.07095529973e+17 0.185961927405 1.48480999293 0.239523461608
20 2.93553992746e+17 0.173227463448 1.32214195226 0.219639907191
21 2.65062971182e+17 0.16387348111 1.12935658683 0.312980382365
22 3.03070349286e+17 0.161395048017 1.27176539297 0.395898956234
23 3.93151294242e+17 0.170204024102 1.73981424138 0.437475114297
