06 6.24137886925e+17 0.202135341454 3.28016844708 0.503845144735
07 6.14607383007e+17 0.184802770067 2.95310981896 0.372820999581
08 5.48362343854e+17 0.186621800497 2.66074556631 0.247857627679
09 4.87303643308e+17 0.196476761511 2.48933988445 0.288821706772
10 4.32255673451e+17 0.207217036742 2.32883923395 0.167695805805
11 4.05771903322e+17 0.215221185645 2.2705984635 0.226691380544
12 3.96068356937e+17 0.218630234046 2.25140545696 0.143873190386
13 3.83896009304e+17 0.216614946149 2.16209794793 0.208450469207
14 3.57189036252e+17 0.209082247039 1.94172904425 0.131651700239
15 3.66641174812e+17 0.196572812712 1.87386386171 0.188330207008
16 4.0436226886e+17 0.180210420977 1.89462766217 0.137434385058
17 4.4103604637e+17 0.161720175064 1.85443509235 0.205098506814
18 4.86514095683e+17 0.143591561396 1.81634228465 0.176371249328
19 4.90633946103e+17 0.129603989057 1.65329103113 0.24943989128
20 4.42937321956e+17 0.126284047187 1.45433385933 0.331791957686
21 6.47819720019e+17 0.144706795218 2.43734180463 0.416040453168
