01 3.70909223492e+17 0.222015878979 2.14104116915 0.664250056958
02 2.6463008294e+17 0.206984408559 1.42413183131 0.510604952305
03 2.08441279797e+17 0.201103259779 1.08987374183 0.434543333933
04 1.99897463115e+17 0.203727516105 1.05883995454 0.292700058938
05 2.20643795594e+17 0.211024052445 1.21058984522 0.320065900869
06 2.40496653296e+17 0.219536609697 1.37274331761 0.204512842276
07 2.77899454789e+17 0.22688580058 1.63933744729 0.247863743286
08 2.98639842838e+17 0.231561457879 1.7979904121 0.166985552311
09 3.30235646538e+17 0.232700402154 1.99799516163 0.245972469436
10 3.5367978163e+17 0.229960601444 2.11464279786 0.163884017427
11 3.81772395066e+17 0.223455445457 2.21803713567 0.224647440881
12 4.21977064306e+17 0.213717977483 2.34478620292 0.157732871662
13 4.83871225416e+17 0.201669639014 2.53713551933 0.240788619355
14 5.25890255044e+17 0.188626746554 2.57912116418 0.18425399132
15 5.84610220452e+17 0.176338283955 2.68031823948 0.257356444947
16 7.12637155657e+17 0.167134611062 3.09676467981 0.254027731454
17 8.50536747514e+17 0.164156662662 3.63015312252 0.349476523449
18 9.60811530645e+17 0.17125384395 4.27810936629 0.466086370248
19 9.49402906148e+17 0.190680682758 4.70685265327 0.533090692404
