00 1.31482308997e+17 0.206205378677 0.704921342216 0.245478083186
01 1.24231714659e+17 0.219572173243 0.709223516909 0.327217636762
02 1.08972955644e+17 0.221765355088 0.62832708129 0.194554977039
03 1.02297011523e+17 0.211447052447 0.562390440576 0.288036898901
04 1.07113097222e+17 0.188976863531 0.526289326061 0.18184349741
05 1.55334369611e+17 0.156171408398 0.630728469147 0.262751631838
06 2.78057800251e+17 0.116448029282 0.841861354507 0.160296503047
07 4.34626351757e+17 0.075474716664 0.852885819593 0.198569504197
08 5.3502009476e+17 0.0406387888628 0.565306785377 0.144158248827
22 2.04509945965e+17 0.167418371752 0.890206776174 0.441477888478
23 1.86606867948e+17 0.187006729379 0.90731524142 0.38144206726
