00 1.37884107997e+17 0.149948363571 0.537562905273 0.166477843201
01 1.91152414276e+17 0.135755142889 0.674698006155 0.247512256052
02 2.66831708285e+17 0.130867616997 0.907910374862 0.34519636782
03 3.36794494393e+17 0.145155542477 1.27107727596 0.413706581025
12 1.11958213217e+18 0.201229070015 5.85760425282 0.54110353222
13 9.52469734021e+17 0.186819701408 4.62644289406 0.406327950184
14 6.93930050182e+17 0.189696210298 3.42253341902 0.243091996789
15 5.37573775736e+17 0.199645667186 2.79043115308 0.269998952001
16 4.54477856912e+17 0.210218743825 2.48403386859 0.182057190279
17 3.52270210277e+17 0.218065817106 1.9972703724 0.236362416121
18 2.81087793709e+17 0.221438194798 1.61833291409 0.148751271376
19 2.04714357621e+17 0.21954482806 1.16854343958 0.206407478475
20 1.71879115826e+17 0.212299009098 0.948733915338 0.143621466916
21 1.395757953e+17 0.200223691383 0.72660590503 0.211034538147
22 1.50416808198e+17 0.184400296256 0.721159503831 0.143546408944
23 1.55752475089e+17 0.166489917548 0.67421163512 0.212307481393
