00 1.53029311003e+17 0.206793068839 0.822780421961 0.199792820076
01 1.2282607039e+17 0.216703100577 0.692036547417 0.267545714099
02 1.06602551343e+17 0.224011010951 0.620883777706 0.169791872141
03 8.96803131293e+16 0.227211997487 0.529787520114 0.227187294454
04 8.77373400654e+16 0.225610128017 0.514655245626 0.149404324959
05 1.14412700204e+17 0.219130386885 0.651853780767 0.219756523237
06 1.66646315553e+17 0.208242167755 0.902272539981 0.139821014168
07 2.35391075897e+17 0.19392175204 1.18683369617 0.201782694256
08 3.19336296664e+17 0.177653156003 1.47500862414 0.146158401994
09 4.40813019989e+17 0.161517786102 1.85117771992 0.236933641573
10 6.12815479705e+17 0.148499608944 2.36607433637 0.246234112788
11 8.34699100717e+17 0.143288128159 3.10966426467 0.312438351301
12 1.19577043353e+18 0.153398364251 4.76915994159 0.43699876454
21 5.19872799604e+17 0.19919221497 2.69241997586 0.546054612693
22 3.5823921472e+17 0.192286311572 1.79099692873 0.328250169503
23 2.15030728677e+17 0.197571434112 1.10458216552 0.322717566515
