00 1.52462953291e+17 0.157478074622 0.62424888072 0.185357894328
01 1.25358788844e+17 0.190436009038 0.620693513579 0.260211920724
02 1.03228951494e+17 0.215044537685 0.577169375895 0.161615008789
03 8.65829295875e+16 0.227669732533 0.512520122948 0.24164925493
04 8.57083132307e+16 0.226987508657 0.505822628777 0.15326164534
05 1.15385796174e+17 0.21293651203 0.638816073351 0.228662890433
06 1.79720521412e+17 0.186636321059 0.872101800311 0.135688943118
07 2.58928568276e+17 0.150362461299 1.01226155749 0.184260350518
08 3.73054406939e+17 0.107620816436 1.0438589161 0.111856452562
09 5.57702498617e+17 0.0796541232285 1.15500589229 0.164104744181
10 8.22487565794e+17 0.0729844623432 1.56074913211 0.219116772207
22 3.41821990115e+17 0.167535712478 1.48895215701 0.384235165243
23 2.41843268702e+17 0.153556673734 0.965552845581 0.310593327678
