00 8.98970830706e+16 0.19762810023 0.461920933331 0.123284194561
01 1.03492618225e+17 0.16924458349 0.455404691711 0.187904003804
02 1.21813346115e+17 0.138934670013 0.440026523187 0.131058362535
03 1.4273125582e+17 0.118312851941 0.439060490367 0.185707019771
04 1.82852910438e+17 0.101910594752 0.48450087023 0.183575845073
05 2.44673523003e+17 0.0975015646818 0.620257334555 0.259614734844
16 9.22377797698e+17 0.18396880389 4.41190724461 0.453177835458
17 6.51887090641e+17 0.168841649034 2.86170797557 0.344746365753
18 4.3732766481e+17 0.173390910556 1.97154469233 0.211690288664
19 2.6548085414e+17 0.183719175171 1.2681220122 0.244168455907
20 1.85394924132e+17 0.193495903839 0.932702118718 0.153649952874
21 1.34883137595e+17 0.212950041557 0.746807613661 0.230516515482
22 1.25822708605e+17 0.220052622844 0.719878043088 0.148954048774
23 1.09995575996e+17 0.214260605135 0.612760685553 0.207959433486
