13 8.72195560417e+17 0.172548569352 3.91289849977 0.651897749686
14 7.20664315343e+17 0.175576333529 3.28982155302 0.458248779432
15 6.08754079861e+17 0.192473020557 3.04638714971 0.397331346215
16 4.79652766065e+17 0.209193999139 2.6088524886 0.24524969905
17 3.87995928862e+17 0.217932195412 2.19847691928 0.323386945097
18 3.09692485255e+17 0.215424675746 1.73460048365 0.208809561448
19 2.54361798957e+17 0.200807717747 1.32802312059 0.28501363563
20 2.12907527755e+17 0.174879501276 0.96806221906 0.182085638444
21 2.18302296964e+17 0.139971008401 0.794455808701 0.270054260761
22 2.71589765032e+17 0.100289289949 0.708176162003 0.186202532164
23 3.52611030759e+17 0.0626545867948 0.574410159219 0.20296878165
