00 1.05439585054e+17 0.232940727589 0.638590515138 0.163301444928
01 1.05072511394e+17 0.229713348812 0.627550519972 0.241377530423
02 1.05620707761e+17 0.223122395964 0.612724979858 0.176499672007
03 1.05979376509e+17 0.213728470792 0.588921061994 0.23600722523
04 1.09286138072e+17 0.202446586543 0.575239745836 0.181121774643
05 1.53825916629e+17 0.190543235591 0.762072684679 0.262196955236
06 2.40755254634e+17 0.179665779577 1.12464249329 0.218482818306
07 3.81717230444e+17 0.171928153835 1.70632640665 0.300220123642
08 5.76799448338e+17 0.169988257329 2.54927745934 0.316830428327
09 7.88912922961e+17 0.176660482556 3.62361317929 0.414018210286
10 1.02517683006e+18 0.19289493574 5.14153688765 0.658472141965
11 1.34657117625e+18 0.214376165571 7.50549190124 0.611537724694
15 1.46816582751e+18 0.226743744403 8.65533284548 0.651429770229
16 1.06859277337e+18 0.213390020225 5.92870287157 0.587571248824
17 8.70858123442e+17 0.204697986826 4.63483552167 0.496527916416
18 6.24248123709e+17 0.203465063664 3.30232979006 0.350724434521
19 3.56575703552e+17 0.208051781863 1.92884147282 0.344704882826
20 2.79761856771e+17 0.215467759777 1.56727117429 0.240400648978
21 1.82351666169e+17 0.223154973332 1.05800971123 0.296572198661
22 1.69414638799e+17 0.229304320063 1.01003522252 0.19583219065
23 1.31961797379e+17 0.232747085676 0.798556817777 0.254144787431
