11 9.77809133522e+17 0.168440784511 4.28227637636 0.610982027488
12 8.46254990702e+17 0.174571029549 3.84102172968 0.433915726199
13 6.3604341627e+17 0.193148319562 3.19411864254 0.396733074769
14 4.76390020472e+17 0.210529415192 2.60764692274 0.255595850711
15 4.55037105549e+17 0.219431926812 2.59609138988 0.307731586643
16 4.17391652026e+17 0.216815059349 2.35291669095 0.200419067943
17 3.93379283731e+17 0.201918994131 2.06519948135 0.277685949985
18 3.63264632387e+17 0.175602321873 1.65854293544 0.180929356091
19 3.43383582578e+17 0.140230544043 1.25197453161 0.253787610094
20 3.45346135058e+17 0.100019071617 0.898071195188 0.168768175972
21 4.0279856766e+17 0.0617654336903 0.646854733755 0.194948320271
