00 1.88929684291e+17 0.215145979634 1.05683401223 0.259144201522
01 1.54394926802e+17 0.220505977551 0.885170110851 0.324344460034
02 1.36688244495e+17 0.225512744581 0.80144847037 0.22914345442
03 1.16833631312e+17 0.229249004568 0.696383835638 0.278405206467
04 1.12076145273e+17 0.231065392434 0.673319880743 0.195288838677
05 1.43733702285e+17 0.230600559933 0.861771877932 0.269179736347
06 1.92506468741e+17 0.227774851698 1.14005144158 0.182698855487
07 2.60845255265e+17 0.222780472327 1.51089195847 0.244239962613
08 3.26217615929e+17 0.216059609946 1.83254372223 0.172804943228
09 4.10312966236e+17 0.208286750828 2.22203161856 0.273386058983
10 4.94449845355e+17 0.200339619909 2.57550524614 0.234094447873
11 5.84702406262e+17 0.193257835615 2.93795635934 0.289685191049
12 6.7549198727e+17 0.188186820062 3.30508591561 0.272423531844
13 8.5067133633e+17 0.186219805552 4.11870812184 0.382587609952
14 9.65303655371e+17 0.188053896237 4.71975694957 0.428171299709
15 1.06107950555e+18 0.193426415848 5.33626094788 0.453493446493
16 1.1219901593e+18 0.200670610963 5.85391171978 0.532958152613
17 1.1069756837e+18 0.207148171 5.96200769371 0.554751731412
18 9.61037740229e+17 0.210667924798 5.26395548604 0.597006312737
19 6.85938977482e+17 0.210787315362 3.7592681247 0.569036047939
20 5.66458587709e+17 0.208941785825 3.07727859171 0.518937224789
21 3.8576750077e+17 0.207407934621 2.08029225504 0.498334683036
22 3.49753332647e+17 0.207891171555 1.89047638206 0.378308690885
23 2.27603510634e+17 0.210799925883 1.24744888248 0.367139274492
