00 1.12533526627e+17 0.136287667909 0.398760229546 0.118091105185
01 1.49110474787e+17 0.107061682914 0.415064477642 0.170929053121
02 2.15834091754e+17 0.0906060355057 0.508452655901 0.178180821874
03 2.72961996477e+17 0.0869971097542 0.617419523922 0.253962814118
15 8.11006415858e+17 0.164102699148 3.46029688858 0.34052316392
16 6.3199636542e+17 0.164449117722 2.70221236212 0.223515106046
17 4.29317712889e+17 0.173569195402 1.93742457995 0.248848349506
18 3.06802343155e+17 0.196855027847 1.57028517894 0.1580596773
19 2.11227898329e+17 0.217165175974 1.19265493649 0.226262673386
20 1.6110024358e+17 0.22493993153 0.942184821769 0.153365168579
21 1.29536004916e+17 0.2194888837 0.739224541069 0.227224514784
22 1.32811033702e+17 0.20124784333 0.694926286675 0.138651043592
23 1.30771534415e+17 0.171744227377 0.58394065967 0.194770368087
