14 7.41887958161e+17 0.184404461678 3.5569936883 0.600942246353
15 6.40714471376e+17 0.193237132202 3.21905550223 0.468683463647
16 5.08403859649e+17 0.20462577009 2.70484581373 0.284987622299
17 4.15617038826e+17 0.209646109761 2.26544487885 0.358792546213
18 3.29351672165e+17 0.20460269713 1.75204225116 0.239860364452
19 2.73064731891e+17 0.188546036421 1.338617095 0.317387599451
20 2.24019210796e+17 0.162351655157 0.945617131155 0.210366407927
21 2.36802669418e+17 0.128619050984 0.791890699886 0.300676766566
22 2.93621706352e+17 0.0921990274847 0.703862530125 0.223064432778
23 3.75672413057e+17 0.0603151382933 0.589127072209 0.231075778043
