00 2.74330704607e+17 0.0753049869652 0.5371202235 0.212994015069
12 1.01236121752e+18 0.167987611681 4.42166772032 0.380225981439
13 7.94168218641e+17 0.155210640164 3.20484729795 0.310850509463
14 5.56742346999e+17 0.160183350348 2.31870221499 0.184715445351
15 4.56403504998e+17 0.191103611603 2.26772931199 0.237615529956
16 3.88166675638e+17 0.215262869712 2.17250468563 0.165895049748
17 3.19173000522e+17 0.227338017419 1.88656408596 0.237448805309
18 2.6665403571e+17 0.226101123041 1.56756020038 0.150024499524
19 2.13756811079e+17 0.211559766395 1.17578086645 0.212861537788
20 1.89253277426e+17 0.184885906629 0.909746858265 0.141046272056
21 1.7551596208e+17 0.148395036179 0.677188136114 0.199219631437
22 2.05750797278e+17 0.105617059981 0.565000651729 0.124957926141
23 2.65910059688e+17 0.0818473093671 0.565864595896 0.17288481827
