00 1.51199737421e+17 0.192667427769 0.757412876692 0.313488137465
01 1.40302799608e+17 0.209843785046 0.765483433577 0.362292567497
02 1.15996603151e+17 0.218789625821 0.659850188398 0.214574101064
03 1.04366425919e+17 0.216344218716 0.587055894765 0.309531148511
04 1.06651515268e+17 0.201686376332 0.559264098763 0.194641971196
05 1.56287993489e+17 0.175635658113 0.713693359383 0.282745687418
06 2.68616629818e+17 0.140525349658 0.981433591556 0.17068017768
07 4.08877039461e+17 0.100546772427 1.06889293257 0.230049477054
08 5.58379748237e+17 0.0624808678997 0.907089333475 0.161447230335
22 2.32724322219e+17 0.169836460388 1.02765195343 0.66592860539
23 2.16280120641e+17 0.175753918233 0.9883140446 0.474190065427
