00 3.71085937874e+17 0.202910685222 1.95772985018 0.530189558381
01 2.36353004918e+17 0.195485191637 1.20129132397 0.434139397901
02 1.85091820585e+17 0.199548343483 0.960303920943 0.2662132868
03 1.31666440918e+17 0.208632290582 0.714216650199 0.296583625906
04 1.22295413956e+17 0.218234313703 0.693915449077 0.188526440836
05 1.44972977916e+17 0.225695716223 0.850714282174 0.253675592346
06 1.80559826776e+17 0.229494993393 1.07737698257 0.159459195554
07 2.22529635939e+17 0.228872429075 1.32420335628 0.211235743145
08 2.60426511969e+17 0.223660757494 1.5144269644 0.141248058922
09 3.14490664162e+17 0.214209158139 1.75153629073 0.22200363175
10 3.72136477447e+17 0.201346088819 1.94813383026 0.157147605017
11 4.39326454795e+17 0.186361771268 2.12871506329 0.219865401646
12 5.32981387477e+17 0.171061716354 2.37049048409 0.178713581076
13 7.02750549597e+17 0.157949961401 2.88598497677 0.270803916893
14 8.89275682451e+17 0.150724874913 3.48493511601 0.312255324265
15 1.12324282105e+18 0.155069064997 4.52868556464 0.379892065369
16 1.56834023192e+18 0.177422701049 7.23473816288 0.55282941181
