00 1.84877138464e+17 0.171223630381 0.823038705381 0.45109049515
01 1.69144562837e+17 0.190259977216 0.836717457461 0.402624458276
02 1.28164518966e+17 0.20909788663 0.696772181479 0.24075686821
03 1.06252416884e+17 0.219872513877 0.607411636151 0.324758841452
04 1.05837886336e+17 0.219218391434 0.603241891081 0.20785026903
05 1.49873109295e+17 0.206152756095 0.803315618188 0.293172713348
06 2.35046705968e+17 0.181330003666 1.10814652143 0.177035019334
07 3.31181141566e+17 0.146887543539 1.26480599313 0.243384708162
08 4.62351291475e+17 0.106687844037 1.28250882435 0.1593129725
09 6.54534034739e+17 0.0670725454564 1.14143285874 0.192299729493
23 2.11849331988e+17 0.165466266584 0.911401869101 0.593528620048
