00 1.56936461363e+17 0.176259274807 0.719199178635 0.264660295428
01 1.37034879847e+17 0.20254031249 0.721632272043 0.323804823636
02 1.10566131667e+17 0.221113199496 0.635638409352 0.193101032118
03 9.47630353255e+16 0.228134797243 0.562087392104 0.28279548657
04 9.49616456509e+16 0.222090703608 0.548342566157 0.177679243645
05 1.32796125351e+17 0.203064377445 0.701120225558 0.260980359197
06 2.15297452669e+17 0.172508847889 0.965658603349 0.155832266459
07 3.16249175133e+17 0.133267487801 1.09578906031 0.211358623838
08 4.62702295344e+17 0.089928435095 1.08186242671 0.133985176192
09 6.67494685434e+17 0.0493941586066 0.857228797397 0.141760333941
23 2.36141596818e+17 0.151787710783 0.931928202444 0.384158095004
