00 1.15900889783e+17 0.232058131326 0.699289341452 0.179112609611
01 1.14230953433e+17 0.230141454559 0.68352122225 0.257907758639
02 1.13598637005e+17 0.225658871672 0.666498046498 0.193799869045
03 1.12213431017e+17 0.218976601993 0.638875011376 0.251922686589
04 1.13041013429e+17 0.210731439306 0.619353681971 0.193048621987
05 1.58969807308e+17 0.201806783814 0.834110823946 0.276562096412
06 2.37178814268e+17 0.193310775856 1.19207973567 0.2228346943
07 3.63487092596e+17 0.186545129011 1.76297541114 0.299986071284
08 5.18132482667e+17 0.182918386433 2.46417489988 0.279142444213
09 6.97910123874e+17 0.183685152184 3.33308891017 0.384235077777
10 8.798248709e+17 0.189288337866 4.33005527307 0.525914021793
11 1.11346242723e+18 0.198447350521 5.74505538331 0.508246411955
12 1.20186880985e+18 0.20795872357 6.49841669347 0.596265226855
13 1.36838323279e+18 0.214239178884 7.62219380498 0.620441105389
14 1.27353490589e+18 0.215516256916 7.13615437522 0.636251115268
15 1.21614843046e+18 0.212739865136 6.72680458014 0.552627409677
16 9.7801828963e+17 0.208819607622 5.30996428267 0.499500536219
17 8.13073027134e+17 0.206743013273 4.37052635866 0.46091218201
18 6.06925403373e+17 0.20792289785 3.28103590485 0.341396078159
19 3.59714063095e+17 0.212000468333 1.98274829589 0.352117198673
20 2.91027736082e+17 0.217698570197 1.64726437285 0.256630632394
21 1.93664682863e+17 0.223590029444 1.12583879573 0.312729542972
22 1.84203265445e+17 0.228469354274 1.0942048289 0.212140734998
23 1.43507517015e+17 0.231457803673 0.863614302168 0.270408018651
