00 1.49539958293e+17 0.129916291097 0.505119595554 0.170014077131
01 2.00091134619e+17 0.0898678460076 0.467525741109 0.227262919674
02 2.65850679872e+17 0.0538716937332 0.372367486526 0.176884342896
16 6.1401248075e+17 0.170514268638 2.72214511633 0.603368117955
17 5.10648431849e+17 0.180239329287 2.39301220231 0.46467173314
18 3.49764920033e+17 0.19867701147 1.80674647476 0.30410337715
19 2.55445027568e+17 0.213482862716 1.41786152954 0.340505968713
20 1.72249697015e+17 0.218791369153 0.979855423199 0.217728476858
21 1.55567566112e+17 0.212306502441 0.858728152217 0.313625409244
22 1.6220979338e+17 0.193768181984 0.817208515848 0.19973981093
23 1.68798608835e+17 0.164481346431 0.721869783875 0.270934441993
