00 1.20676920332e+17 0.14902686052 0.467586666933 0.143875936702
01 1.60259309126e+17 0.10618423059 0.442442297292 0.196036362017
02 2.32899023301e+17 0.0631532241432 0.382416429753 0.137929567495
03 2.9517888478e+17 0.0476449502149 0.365658365016 0.164235088107
16 6.9266603756e+17 0.140231549005 2.52547441614 0.347307953378
17 5.07738948573e+17 0.166868031003 2.20286036391 0.342259000502
18 3.43947982333e+17 0.195544014868 1.74868120365 0.227166230932
19 2.37762774681e+17 0.217554032681 1.34488251179 0.285907235053
20 1.66978380542e+17 0.228494734336 0.99199569825 0.186087573454
21 1.40097516243e+17 0.226443179059 0.824827300862 0.274810274204
22 1.41408683527e+17 0.211119985297 0.776209178864 0.170053501564
23 1.40288982836e+17 0.183617549929 0.669747502073 0.237258097092
