09 9.05871907807e+17 0.161385758723 3.80106545383 0.486259599827
10 8.14637317673e+17 0.152241452788 3.22456078718 0.324915088262
11 6.70107563922e+17 0.179843399305 3.13337497709 0.334517625268
12 5.64880691196e+17 0.205854511914 3.02336421338 0.211541390431
13 4.65936140117e+17 0.223219025673 2.7041510918 0.286799715122
14 3.87172478698e+17 0.228604700127 2.30124565814 0.183452119668
15 3.92747348352e+17 0.220785504917 2.25453596189 0.250744568255
16 4.01590522243e+17 0.200057275164 2.0888687459 0.164603124506
17 4.23988233102e+17 0.168064106837 1.85268729635 0.229161107936
18 4.51012689801e+17 0.127849250784 1.49920249662 0.151070726172
19 4.94252326069e+17 0.0842521632823 1.08268751965 0.185459737913
20 5.8301916294e+17 0.0443503771293 0.672285113499 0.124289666255
