00 1.67421694546e+17 0.192639459588 0.838552643779 0.209170686313
01 1.29257389421e+17 0.203618845288 0.684300249851 0.267754571118
02 1.08650224799e+17 0.212814506578 0.601180943488 0.16196245841
03 8.85810224748e+16 0.217893223817 0.501831318457 0.220180330178
04 8.62948072174e+16 0.217722812213 0.488497050774 0.14191455697
05 1.12021147313e+17 0.211984358508 0.617415007362 0.208282792011
06 1.62598296808e+17 0.201012647774 0.84979216829 0.129327772477
07 2.25975524716e+17 0.18574168013 1.09129991436 0.186189823382
08 3.04349632866e+17 0.167693340157 1.32697256928 0.131320158802
09 4.22515569202e+17 0.149075111887 1.63765044957 0.213384786922
10 5.96494878458e+17 0.133145408801 2.06493441544 0.209106950574
11 8.26820845699e+17 0.125297245773 2.69355774255 0.281494542023
12 1.21853583846e+18 0.13518884719 4.28304383681 0.393588058478
22 4.29119228749e+17 0.187050995075 2.08694664733 0.383343501426
23 2.50831776008e+17 0.184750766303 1.20487543359 0.336233324667
