00 3.25443534631e+17 0.206308957213 1.7456898228 0.462175165309
01 2.31012464652e+17 0.205416471208 1.23379789764 0.43323728814
02 1.86235610399e+17 0.209115138 1.01256181959 0.290692462682
03 1.44184448483e+17 0.215450501677 0.807679905752 0.323498000943
04 1.34276721373e+17 0.222383061117 0.776382576726 0.217196634857
05 1.61445727777e+17 0.228301216024 0.958314655309 0.281095452943
06 1.98858391137e+17 0.232076632111 1.19991002773 0.184067430496
07 2.48847496366e+17 0.233028225171 1.50770075083 0.237082056248
08 2.89342985474e+17 0.23087256545 1.73683529113 0.162145182908
09 3.42588490495e+17 0.225691340495 2.01030064711 0.249198298385
10 3.91390200007e+17 0.217908008559 2.21746353538 0.18133358888
11 4.43839617648e+17 0.208262235653 2.40331080711 0.241769175466
12 5.09687705156e+17 0.197791988877 2.62111576763 0.192178792573
13 6.25334893144e+17 0.187833775574 3.05393436342 0.287669992152
14 7.17042398364e+17 0.180029767751 3.35631338757 0.268991114093
15 8.07248690466e+17 0.17632000045 3.70068632612 0.339205673501
16 9.76744054478e+17 0.178666222796 4.53729044217 0.402941482817
17 1.09939871701e+18 0.188040682857 5.37502382246 0.477492750506
18 1.13808366097e+18 0.20257058629 5.99409913571 0.631081959666
19 1.00566620403e+18 0.21699391675 5.67380966246 0.611553551107
20 1.03121654286e+18 0.225688087122 6.05106551312 0.684814710928
21 8.59086141173e+17 0.226228555858 5.05309524396 0.661126829263
22 6.26150954025e+17 0.220104709775 3.58328812428 0.683009470507
23 3.68934714814e+17 0.211745554444 2.03112742929 0.566816778426
