01 3.15093453512e+17 0.20498415133 1.6793182681 0.583126041677
02 2.39673431638e+17 0.194107123154 1.2095803281 0.364312579024
03 1.64505712214e+17 0.196781170348 0.84166229104 0.344579532668
04 1.55340664563e+17 0.205725894963 0.830897528275 0.219071308426
05 1.72387420155e+17 0.215711792749 0.966835985673 0.272638475261
06 2.00846056068e+17 0.223719901971 1.16826475935 0.170369400008
07 2.35525827818e+17 0.228048980346 1.39649704686 0.218107788362
08 2.63008697107e+17 0.227836271541 1.55799594423 0.145227476666
09 3.04151754899e+17 0.222854825572 1.76232384343 0.222006270963
10 3.44361854431e+17 0.213418975492 1.91082720845 0.148003656523
11 3.91370290974e+17 0.200339828392 2.03858348021 0.210298753699
12 4.59349736705e+17 0.184914058649 2.20844582799 0.155603490318
13 5.71636086428e+17 0.168972301261 2.51135729019 0.237862277303
14 6.87253024193e+17 0.155074991554 2.77096967997 0.22002413207
15 8.34644192382e+17 0.1470608543 3.19133068716 0.295648138089
16 1.11651963985e+18 0.151040612607 4.38463507015 0.399784688804
17 1.43915513808e+18 0.174426002438 6.52667801824 0.492647793386
