11 9.72953084091e+17 0.174869781097 4.42364241366 0.39810673831
12 8.81890721466e+17 0.156863562793 3.59674953464 0.286153325213
13 6.46251956445e+17 0.160015083535 2.68866158068 0.266111777579
14 4.67857866258e+17 0.183651863921 2.2339971989 0.171977825525
15 4.04163014274e+17 0.21027009209 2.20956825 0.231363057568
16 3.60842874625e+17 0.225253494758 2.11330908276 0.16037448853
17 3.1309371036e+17 0.22710971417 1.84877219977 0.228623246294
18 2.74043572255e+17 0.215587506045 1.53608962755 0.143238530856
19 2.2953289201e+17 0.191600193033 1.14344220683 0.202891164144
20 2.13571017267e+17 0.157195006001 0.87287973086 0.134518734902
21 2.08191794343e+17 0.115590120072 0.62568777716 0.179168701546
22 2.53337390759e+17 0.087338659782 0.575279852721 0.140389831948
23 3.24373989133e+17 0.0771654840743 0.650792373207 0.20489109401
