07 6.66113584971e+17 0.177675633224 3.07715597824 0.367249812033
08 5.8293962309e+17 0.174482684775 2.64453463295 0.252438518756
09 5.02451956293e+17 0.183247459402 2.39389915602 0.279039343917
10 4.3830910069e+17 0.193991097412 2.21072964966 0.158350191268
11 4.07890510421e+17 0.201998653125 2.14222667692 0.216332542771
12 3.95747023268e+17 0.211561495281 2.17684563188 0.139001076333
13 3.79931862233e+17 0.214727216333 2.12112449051 0.206737424192
14 3.52555166417e+17 0.205396780092 1.88275609565 0.129726894685
15 3.67829681192e+17 0.18438694047 1.76339772776 0.180088613259
16 4.08557119716e+17 0.16059383606 1.70590563272 0.126051615043
17 4.59222382917e+17 0.140227478269 1.67428551475 0.186650737575
18 5.25076202623e+17 0.120873725952 1.65016584252 0.162366509926
19 5.6811475983e+17 0.107451932725 1.58717075279 0.233380124002
20 5.05181196953e+17 0.108947981207 1.43100026034 0.335580071413
