09 7.79277409329e+17 0.157850335439 3.19823921202 0.342294654605
10 6.27297047887e+17 0.158092473975 2.57844449766 0.203838382444
11 5.30473410729e+17 0.177447657217 2.4474128627 0.247028843512
12 4.72011568867e+17 0.206051119736 2.52872131963 0.160595611182
13 4.10805870867e+17 0.223477135537 2.38694870136 0.238316283463
14 3.53243913317e+17 0.22796447442 2.09370363907 0.151625773626
15 3.54913265346e+17 0.21901822608 2.0210443185 0.212319140123
16 3.70118041751e+17 0.197326536168 1.89888688995 0.141598579353
17 3.88892194623e+17 0.164715999226 1.66547592714 0.195342872866
18 4.14821490416e+17 0.124170762356 1.33922621837 0.128457462773
19 4.38057820777e+17 0.0899968156093 1.02501903199 0.162185705771
20 4.75928364176e+17 0.0773743279931 0.957440571125 0.175178852505
21 4.36100103221e+17 0.0823320030359 0.93352987058 0.254677450859
