00 1.69277691054e+17 0.0790717300273 0.348012077054 0.120708125416
01 2.29891070995e+17 0.0591143400011 0.353336332283 0.160364767772
14 8.3253306434e+17 0.150735436159 3.26279809882 0.323883772918
15 6.56714442032e+17 0.150373315001 2.56756051909 0.281490106588
16 4.98161527271e+17 0.183993580429 2.3831215989 0.200619632952
17 3.68676303695e+17 0.210980290249 2.0223692726 0.271163802947
18 2.80614544354e+17 0.227104305199 1.65694804923 0.171007995463
19 2.11065415141e+17 0.230260685579 1.263601747 0.241997590049
20 1.69723078869e+17 0.219865337824 0.970221773876 0.157882361067
21 1.49020223739e+17 0.196631096488 0.761852259811 0.235953272329
22 1.63729710183e+17 0.162507804177 0.691791247692 0.145408551852
23 1.8607309149e+17 0.12074113031 0.584133560056 0.192398016995
