00 3.87620265583e+17 0.109694062313 1.10551068073 0.347635520738
11 8.97131507164e+17 0.172473673715 4.023020738 0.348409347633
12 7.47752799385e+17 0.173198379555 3.36724890219 0.233853673393
13 5.72107703312e+17 0.182953721377 2.72140006709 0.26132421585
14 4.31277346927e+17 0.19310294924 2.16530411843 0.156158843597
15 3.78889412796e+17 0.205256783594 2.02201017742 0.206279175665
16 3.49174957965e+17 0.216900914326 1.9691455587 0.146109355621
17 3.08893146621e+17 0.215860986494 1.73362746312 0.20831701393
18 2.75551060215e+17 0.202276129237 1.44917244855 0.132166781494
19 2.30288118833e+17 0.177300937842 1.06158778552 0.183578965013
20 2.17299666544e+17 0.149104769277 0.842410832743 0.128160339974
21 2.06932727966e+17 0.128367491472 0.690649315005 0.193734737597
22 2.43803711216e+17 0.110150331745 0.69823155145 0.175703229977
23 3.21820696255e+17 0.100700251959 0.842593055163 0.248245928807
