00 1.01109755851e+17 0.228735631496 0.601312500229 0.175895420497
01 1.03006857765e+17 0.226335483241 0.606166780165 0.267895572092
02 1.01788428144e+17 0.210664033714 0.557522182313 0.158498046057
03 1.04798913468e+17 0.182851001555 0.498227243527 0.239241835265
04 1.17437482954e+17 0.145353772919 0.443819511966 0.149638026107
05 1.59302588362e+17 0.102171182528 0.42317947965 0.200439698922
06 2.77211321473e+17 0.0594333155144 0.428365286265 0.130183295262
07 3.68737655028e+17 0.0492117606027 0.471801959314 0.164702560802
20 2.64159353912e+17 0.1418034076 0.973926109884 0.353545848731
21 2.16839290624e+17 0.169470361466 0.955443657014 0.341551287295
22 1.64590311749e+17 0.197969950771 0.847182333772 0.234497851236
23 1.32841657404e+17 0.219163977065 0.756966754869 0.283642774056
