00 1.0752830147e+17 0.176790173069 0.494258622693 0.14626375284
01 1.35351723665e+17 0.137816482319 0.484996159215 0.212997457083
02 1.82105026942e+17 0.0940713834046 0.445402667045 0.142217281509
03 2.3175444346e+17 0.0520428329501 0.313590102448 0.14418146275
17 5.76799705548e+17 0.145255184824 2.17836184373 0.35461985215
18 3.85290549019e+17 0.174781199398 1.75088015113 0.246521606544
19 2.57355644803e+17 0.202749150112 1.35664459477 0.295477638016
20 1.71857145188e+17 0.222203478229 0.992868640903 0.191011937602
21 1.40172672227e+17 0.229724187008 0.837227382367 0.280241082576
22 1.35275750614e+17 0.223959619287 0.787703945759 0.176920431288
23 1.27219072702e+17 0.205054184705 0.678256884031 0.242765962274
