08 7.75435967555e+17 0.18228177539 3.67504396654 0.361040442025
09 6.50291038774e+17 0.181465276767 3.06813632659 0.337142264176
10 5.36120780193e+17 0.190792772023 2.6594872146 0.199269175326
11 4.73308641148e+17 0.201713164252 2.48228717553 0.243855530121
12 4.36822725975e+17 0.210024900252 2.38533488572 0.151855139781
13 3.98101042648e+17 0.213640919664 2.21131749463 0.21410026915
14 3.50819244974e+17 0.21163031012 1.93034362586 0.133542086916
15 3.46710143494e+17 0.203863793036 1.83772276836 0.186351211849
16 3.64140783908e+17 0.190884854067 1.8072329703 0.129955746214
17 3.74234033518e+17 0.173855967132 1.69163331561 0.19235340881
18 3.88240268533e+17 0.15458508879 1.56042006596 0.146191652459
19 3.74490862421e+17 0.135707765084 1.32135426757 0.20787030975
20 3.78375628173e+17 0.121308325991 1.19340296529 0.215998141632
21 3.75705916561e+17 0.118622316513 1.1587447599 0.307791053179
