00 1.07327790089e+17 0.22431776037 0.625963766953 0.186143989501
01 1.0577790305e+17 0.228512727897 0.628461526606 0.279143765172
02 1.00754746479e+17 0.21946027208 0.574903265967 0.165976307115
03 1.00364399769e+17 0.197591634563 0.515610310859 0.249976934185
04 1.09389645493e+17 0.164673442368 0.46835280655 0.156711625666
05 1.51694773173e+17 0.123891032274 0.488634173014 0.21851196551
06 2.76396882609e+17 0.080283658622 0.576943977157 0.136617651361
07 4.17505212581e+17 0.0425751738818 0.462159282577 0.128910935528
20 2.87037940313e+17 0.153735534239 1.14732620862 0.479086812822
21 2.45641671061e+17 0.156135030032 0.997185011894 0.373526124901
22 1.78807552117e+17 0.184299655028 0.856808424461 0.260999040682
23 1.44372455654e+17 0.209339235526 0.785793306938 0.299050680868
