00 1.90300950309e+17 0.21186307069 1.04826133588 0.252453063289
01 1.48817497225e+17 0.219045436783 0.847542635698 0.314191908056
02 1.29270284574e+17 0.225843455208 0.759066040823 0.212182210506
03 1.07609243052e+17 0.230839923206 0.645853244465 0.264377934735
04 1.03251627485e+17 0.233128722098 0.625843919224 0.180403367283
05 1.31942710074e+17 0.23224402731 0.796715565406 0.252870986126
06 1.79373852089e+17 0.228118256758 1.06387971161 0.167240029582
07 2.42954883733e+17 0.221048403204 1.3963245166 0.228045975568
08 3.07331628842e+17 0.211670244231 1.69137698436 0.159768763972
09 3.93762842574e+17 0.200940326885 2.05719369185 0.256505295132
10 4.90043772573e+17 0.190130311331 2.42247655117 0.22191679981
11 5.99720153185e+17 0.180847228685 2.81990091993 0.2814128652
12 7.27199406159e+17 0.175064391098 3.30997475239 0.281744151251
13 9.59880408764e+17 0.175039003379 4.36842926294 0.397637657536
14 1.16816249427e+18 0.182614121336 5.54639715419 0.530745389114
15 1.38212815864e+18 0.197300675046 7.09006528619 0.527177788732
16 1.48879566148e+18 0.214429342476 8.30027834408 0.671787567297
17 1.39621445604e+18 0.227165570842 8.24646820206 0.658877269837
18 1.21539378121e+18 0.231225614318 7.30678451612 0.684113305971
19 1.00241927827e+18 0.226639173753 5.90687440148 0.662266070147
20 7.83845642306e+17 0.21707065949 4.42389715336 0.617213927824
21 4.94661781966e+17 0.208270492452 2.67860977611 0.565152679549
22 3.91799051073e+17 0.204564473815 2.08385233482 0.408929794485
23 2.39760274429e+17 0.20653927653 1.28751775415 0.371583803809
