00 9.24549242952e+16 0.196551804249 0.472476736729 0.129324672495
01 1.09421917944e+17 0.164112980618 0.466896484568 0.196138777245
02 1.33585613911e+17 0.123779911478 0.429915602081 0.129433415878
03 1.61241337265e+17 0.0936471685381 0.39259466184 0.17038059735
04 2.16804380182e+17 0.0807092307743 0.454950983577 0.186068583232
05 2.73565701989e+17 0.0850416931043 0.604876752282 0.259498412693
16 8.43479352532e+17 0.178711076651 3.91921668383 0.422495295593
17 6.28984432093e+17 0.15887840383 2.59823310772 0.335840100799
18 4.20368414132e+17 0.161358634207 1.76358190237 0.199987991461
19 2.60705163695e+17 0.178783185848 1.21185219305 0.242028648626
20 1.78868085503e+17 0.206722977626 0.96137972417 0.164767604929
21 1.34462874439e+17 0.22328869042 0.780625017731 0.245841232324
22 1.26036272351e+17 0.226873996835 0.743453174214 0.157302044586
23 1.12465307171e+17 0.217097401022 0.63481407319 0.218422732203
