00 1.00502788677e+17 0.219766932711 0.57426692951 0.144999701723
01 9.48720854206e+16 0.220805781497 0.544655929053 0.218251996154
02 9.14177414321e+16 0.216431053123 0.51442658936 0.142992175781
03 8.7356948931e+16 0.206842851864 0.469798171623 0.201038142946
04 9.0289684998e+16 0.192822423036 0.452656771749 0.137795414601
05 1.2465930083e+17 0.175717021199 0.569523786175 0.210736425753
06 2.05474809605e+17 0.15749121573 0.841372416729 0.155137069871
07 3.30387574491e+17 0.140983694909 1.2110607861 0.226517599243
08 5.37973584219e+17 0.130672106383 1.82775167713 0.227591612715
09 7.74318054968e+17 0.134450886065 2.70680146325 0.324877169946
19 5.44931961858e+17 0.19085469882 2.70407346191 0.465513307749
20 3.77587155126e+17 0.186399576689 1.82993423284 0.30617313722
21 2.2547910211e+17 0.193953013099 1.13704113237 0.311363814491
22 1.84286801483e+17 0.204807828575 0.981327870814 0.195760351269
23 1.32680434794e+17 0.214296710897 0.739257500195 0.241905580872
