00 1.38066858697e+17 0.104573857266 0.375392783338 0.121423768858
01 1.96943667091e+17 0.0880905635273 0.451070844047 0.184919911581
02 2.94064530588e+17 0.0845575094678 0.646499472562 0.262467947713
14 8.48541112394e+17 0.163363060942 3.60412710984 0.306761666987
15 6.48834566047e+17 0.162354447825 2.73887062021 0.27642209149
16 5.01580618768e+17 0.171057091701 2.2307719694 0.17747838456
17 3.66389177502e+17 0.197247899463 1.87900688686 0.239757833735
18 2.78025573417e+17 0.217818790913 1.57453905036 0.15596872756
19 2.02761436167e+17 0.225842928415 1.19059814935 0.222175078914
20 1.62936111676e+17 0.220585845665 0.934476399573 0.148842334274
21 1.36726942893e+17 0.202452508213 0.719698525755 0.218890856494
22 1.47009690682e+17 0.172955956152 0.661081242003 0.135193559425
23 1.5749468266e+17 0.134710069568 0.551619111103 0.179766537031
