00 2.1728103081e+17 0.191869464735 1.08392947204 0.888615799766
01 2.03783676741e+17 0.188826806299 1.00047534222 0.59688665848
02 1.53507679407e+17 0.197601246083 0.788666027091 0.373478002311
03 1.2842289991e+17 0.205027757048 0.684586737178 0.414265418919
04 1.29857129173e+17 0.204624511064 0.690870740694 0.276719548492
05 1.90457549237e+17 0.193995286198 0.960644536092 0.350526073814
06 2.90195380042e+17 0.173049708799 1.30567387629 0.22908129504
07 3.93825991791e+17 0.143473670281 1.46909517285 0.304867837818
08 5.20878138921e+17 0.108956322106 1.47557712334 0.22113631862
09 6.77772804027e+17 0.0758574751759 1.33676747507 0.2666307173
