00 2.46406867833e+17 0.208278582761 1.33435310359 0.354271290687
01 2.13105613495e+17 0.210123446788 1.16424063698 0.401881605836
02 1.85984642043e+17 0.212497552646 1.02755331286 0.320929621833
03 1.61992468698e+17 0.215338437898 0.906963334178 0.347923515595
04 1.52653797173e+17 0.218376013041 0.866734117658 0.264619698656
05 1.94668194528e+17 0.221225212717 1.11970333134 0.319788563974
06 2.37680748025e+17 0.223488707133 1.38109304025 0.226586930606
07 3.06563533574e+17 0.224825687217 1.7920072849 0.278186193756
08 3.57031655082e+17 0.225006177592 2.08869252772 0.196615070872
09 4.14728141478e+17 0.223931937212 2.41464277958 0.290927876381
10 4.5494076727e+17 0.221647462303 2.62174813065 0.222850481551
11 4.94700238953e+17 0.218336254106 2.80828592404 0.275032117308
12 5.3089827231e+17 0.214307175887 2.95815804498 0.217227606513
13 6.0445127519e+17 0.209966567823 3.29977855136 0.311736436975
14 6.26628796377e+17 0.205785404867 3.35272757466 0.247014001457
15 6.33207273512e+17 0.202244206778 3.32962507169 0.314982741077
16 6.95718403009e+17 0.19975927193 3.61338124298 0.289578766521
17 7.01372731924e+17 0.198597476866 3.62156222748 0.369266815822
18 6.54142008315e+17 0.198774872957 3.38070185957 0.360325353366
19 4.76705597925e+17 0.200024800044 2.47917648953 0.416851432684
20 4.29017048071e+17 0.201859733921 2.25163294645 0.41273419778
21 3.47674665662e+17 0.203763924847 1.84193241558 0.456209240302
22 3.6154682135e+17 0.205430943067 1.93109551629 0.441273744529
23 2.68230754835e+17 0.206880474841 1.44278435411 0.414880793733
