10 9.12001555785e+17 0.164269896468 3.89517442983 0.336711420469
11 7.44691735397e+17 0.158425951251 3.06744091079 0.293779945836
12 6.08425440815e+17 0.165715204142 2.62145899937 0.180332669263
13 4.81505835214e+17 0.194852918103 2.43939324396 0.243784335963
14 3.81233864174e+17 0.217077545145 2.15169009538 0.159016916335
15 3.573362374e+17 0.226921579451 2.10826988803 0.221215510719
16 3.45303946009e+17 0.223432729192 2.0059572795 0.150399152827
17 3.285716656e+17 0.206844177283 1.76704153209 0.211575222496
18 3.14066357828e+17 0.178520411596 1.45774864216 0.135198755743
19 2.89364806903e+17 0.140952203845 1.06045178845 0.180254412302
20 2.97746824206e+17 0.101124093689 0.782843821415 0.120546232428
21 3.12730246368e+17 0.0842999411985 0.685441675875 0.187679660608
22 3.27258552181e+17 0.0801647733282 0.682099799038 0.260427575974
