00 1.05730683692e+17 0.218246264193 0.599958494884 0.158046426326
01 1.17334661294e+17 0.207516494929 0.633070818779 0.239880694287
02 1.29726292119e+17 0.195470445827 0.659299060058 0.200593239595
03 1.43383522319e+17 0.183600440206 0.684457223216 0.262457411378
04 1.57950995689e+17 0.17384070226 0.713916112347 0.256368516727
05 2.36209426269e+17 0.168690405853 1.03600286357 0.334401056302
06 3.77554499607e+17 0.17119537707 1.68052520804 0.40868016559
07 5.5676222839e+17 0.183813967742 2.66085753152 0.45976820605
08 7.14816207936e+17 0.205005473334 3.81007211143 0.63467110525
13 1.40792249354e+18 0.22107884483 8.09280884053 0.664627787678
14 1.10176601867e+18 0.208353261478 5.96847012778 0.513240113584
15 8.96216611308e+17 0.202791764478 4.725379047 0.426572671084
16 7.36843339646e+17 0.20467644864 3.92117642702 0.313528510865
17 5.48607941967e+17 0.21113195532 3.01154535477 0.332580398502
18 4.09247488861e+17 0.219116074674 2.33149028656 0.221902028299
19 2.596161495e+17 0.226360144656 1.52793547805 0.268372308198
20 2.06679401821e+17 0.23135191688 1.24320757056 0.189225339943
21 1.48371403887e+17 0.233176629084 0.899515339083 0.259044451248
22 1.46413499825e+17 0.23141755302 0.88094900032 0.172484587286
23 1.26441826595e+17 0.226090249781 0.743268868096 0.23775230805
