00 1.83878773967e+17 0.149827180209 0.7163009933 0.289354410544
01 1.55971790179e+17 0.180210175138 0.730800294247 0.321598575436
02 1.19425765267e+17 0.207169586515 0.643276046647 0.196405898373
03 9.61611659899e+16 0.22468488701 0.561754978595 0.28083622786
04 9.44832012761e+16 0.229845939492 0.564631084252 0.179255178666
05 1.27928926764e+17 0.221617994026 0.737135155312 0.260542354319
06 1.94659024494e+17 0.200409497317 1.01429944843 0.154591670117
07 2.69754829712e+17 0.167931570748 1.17780915903 0.215180151793
08 3.7412180716e+17 0.127256603903 1.23784623626 0.133057309453
09 5.48894566894e+17 0.0831756923121 1.1870218258 0.174290639924
10 7.81893495192e+17 0.0477279590026 0.970272697755 0.138725434692
23 2.65153763356e+17 0.154137451753 1.06262326057 0.422508743064
