00 1.03742893764e+17 0.225280923902 0.607653668839 0.183235478108
01 1.09906860018e+17 0.215063732512 0.614561468148 0.277330193758
02 1.12974293022e+17 0.192377341041 0.565076046535 0.165940673607
03 1.20974830816e+17 0.159068805012 0.500326366134 0.247198949786
04 1.40520378168e+17 0.118502342122 0.432951842148 0.159571719345
05 1.79055806817e+17 0.0761309303634 0.354423814159 0.19557933226
06 2.35769413729e+17 0.0393608748484 0.241282350059 0.140550262665
19 3.12643513981e+17 0.154442880137 1.25542468364 0.510269833825
20 2.19449322011e+17 0.162782057737 0.928782717357 0.381550892916
21 1.99381556634e+17 0.186842725606 0.968577830401 0.370200325835
22 1.58867551719e+17 0.209351316047 0.864737406768 0.245645433611
23 1.33375022029e+17 0.223138230577 0.773787726889 0.298090352999
