00 2.63642660705e+17 0.199997735541 1.37092631345 0.400014476129
01 2.68897748617e+17 0.202375518539 1.41487635407 0.462980286945
02 2.36269597471e+17 0.204439778541 1.25587550876 0.465538950275
03 2.27594955357e+17 0.205982706989 1.21889625003 0.441197687576
04 2.07005766395e+17 0.207250788078 1.11545481378 0.408372939386
05 2.87480766882e+17 0.208721432279 1.56008833282 0.409363031668
06 3.24856735408e+17 0.210795071035 1.78043316403 0.313988635615
07 4.0817884559e+17 0.213575826199 2.26660548878 0.339096578796
08 4.50783294249e+17 0.216857076081 2.54164422556 0.239415046178
09 4.89651339588e+17 0.220224317972 2.80366143992 0.329007765212
10 4.9484585306e+17 0.223190246223 2.87156396246 0.241080685729
11 5.03004221804e+17 0.225307204197 2.94659234777 0.284573328992
12 5.05574408719e+17 0.226234794811 2.97384158808 0.210336558482
13 5.29349366863e+17 0.225776532149 3.10738127298 0.292028490234
14 5.06436666595e+17 0.223897772373 2.94814107897 0.202642719859
15 4.886358842e+17 0.220727753105 2.80424302095 0.269741273683
16 5.16481509117e+17 0.216545574653 2.90788641492 0.216978875783
17 5.01639455604e+17 0.211761958664 2.76193199521 0.296303014531
18 4.71831895559e+17 0.206886032372 2.53800114928 0.24616712183
19 3.58252382622e+17 0.20248062123 1.88601828975 0.31633334337
20 3.2746508223e+17 0.199091089513 1.69507987997 0.289571824101
21 2.70160353104e+17 0.19714879949 1.38480652139 0.372954849733
22 3.05092672241e+17 0.196845476556 1.56145892399 0.385390700974
23 2.70504891698e+17 0.198020344996 1.39270227141 0.399699502814
