00 9.14567141824e+16 0.195961366077 0.465971548851 0.121683852932
01 1.04206583467e+17 0.179759758808 0.487035908067 0.19568096532
02 1.21448117364e+17 0.161045210932 0.508524579633 0.152450075248
03 1.40600551753e+17 0.142232117133 0.519945767792 0.2116324132
04 1.72412619695e+17 0.126976131068 0.569199472298 0.210671091952
05 2.44091666104e+17 0.121548388442 0.771392664821 0.29143454762
06 4.30123630675e+17 0.137027088156 1.53240330512 0.422519356417
16 9.11010603579e+17 0.184227818187 4.3636708919 0.403179734715
17 6.12400448674e+17 0.183317180531 2.91885161378 0.336163128505
18 4.16963459778e+17 0.192511940772 2.0870315667 0.209857992359
19 2.54300668923e+17 0.203459925236 1.34523987225 0.248960475626
20 1.87502389084e+17 0.211987197278 1.03345075457 0.161901049662
21 1.34577558902e+17 0.215989186192 0.755749733098 0.226672350507
22 1.27696904196e+17 0.214499735784 0.712164757469 0.141746979051
23 1.11271389362e+17 0.207346703563 0.599865650413 0.199182955681
