00 1.18505318105e+17 0.226194997116 0.696938062263 0.17274599215
01 1.06377427868e+17 0.230717176153 0.638120593869 0.247702393993
02 9.94130363077e+16 0.231251738615 0.597725374666 0.166994214584
03 9.10064097387e+16 0.227511972656 0.538331242905 0.225293716482
04 9.11048352785e+16 0.219704245138 0.520419095644 0.155817514675
05 1.23616744793e+17 0.208484915852 0.670077892538 0.231844520358
06 1.87965061973e+17 0.194939407676 0.952686743966 0.16180873677
07 2.82541217753e+17 0.180602000919 1.32671524098 0.23098057867
08 4.11463128649e+17 0.167546882074 1.79242347164 0.188333412829
09 5.86233293242e+17 0.158666957193 2.41841217394 0.290770062341
10 8.23280142456e+17 0.158159370066 3.38544618668 0.410573468085
11 1.12051185549e+18 0.171304277248 4.99066031235 0.455287139591
12 1.5335037853e+18 0.199705587718 7.96248114249 0.621640028586
18 1.03831275849e+18 0.223867047899 6.043544313 0.633003257485
19 6.51150844984e+17 0.205098692308 3.47230485683 0.556343254913
20 4.4868537748e+17 0.198292531581 2.31324494399 0.386336137594
21 2.65492830992e+17 0.201652195666 1.39196751988 0.365251124031
22 2.25637227286e+17 0.209945254434 1.2316580924 0.233867660941
23 1.54981527695e+17 0.219112334306 0.882917471996 0.277031045911
