00 9.26340280182e+16 0.228986915846 0.551511489834 0.155151393771
01 9.9587484313e+16 0.215365954501 0.557641594002 0.242144451925
02 1.05636639168e+17 0.189260316024 0.519813416529 0.146380119248
03 1.14240503669e+17 0.15291879107 0.454207512522 0.210950453961
04 1.34800050028e+17 0.109958295623 0.385381977524 0.131231568514
05 1.72758187549e+17 0.0657748744018 0.295441850285 0.151960061765
06 2.60753725685e+17 0.0576817282493 0.391058864169 0.189273804059
19 3.73682254422e+17 0.144745942961 1.40631374739 0.349328669981
20 2.31252289524e+17 0.161587850048 0.971556567353 0.227594703263
21 1.73732809645e+17 0.193432243182 0.873743704185 0.291162959043
22 1.43794540002e+17 0.217282463375 0.81234482866 0.19405560106
23 1.18834236348e+17 0.229523828059 0.709157509611 0.254968576728
