00 1.14064986849e+17 0.219935355391 0.652260008928 0.162120940789
01 1.01822457787e+17 0.225071084903 0.595849567085 0.235286548655
02 9.46831423923e+16 0.225485271645 0.555091006145 0.153242177891
03 8.63466222871e+16 0.220845957377 0.495801864097 0.211682292296
04 8.70449634704e+16 0.211412908013 0.478463150234 0.142798481688
05 1.18223344678e+17 0.197977144855 0.608543526099 0.216163370598
06 1.84887237114e+17 0.181847742697 0.874154494788 0.148862297251
07 2.82220362724e+17 0.16490025643 1.20999346476 0.215745853915
08 4.24761209076e+17 0.149795158277 1.65430648613 0.177341212685
09 6.24145169733e+17 0.140605475213 2.281713933 0.27818725555
10 9.0572626832e+17 0.144149225645 3.39455324584 0.429209486822
11 1.20983758364e+18 0.169391266753 5.32833394229 0.515589753346
19 7.83447296691e+17 0.208174280067 4.24043300094 0.599824938331
20 4.92919082619e+17 0.192073234637 2.46159062794 0.40932259413
21 2.80072852512e+17 0.192605275572 1.40253123239 0.362659761965
22 2.24056582417e+17 0.201317123869 1.17276709566 0.228434212462
23 1.52417118287e+17 0.211772558187 0.839221839333 0.267122411304
