00 1.02752271929e+17 0.201874435724 0.539319479791 0.14088992436
01 9.53610261086e+16 0.216331450833 0.536369317407 0.221138511281
02 8.96011558121e+16 0.218154244595 0.508218683986 0.141305308988
03 8.4679008398e+16 0.207242492133 0.456276307026 0.203253511621
04 8.75544094449e+16 0.184527421329 0.420060924423 0.128254190451
05 1.21196160317e+17 0.151961059098 0.478844518891 0.183134809609
06 2.04885012207e+17 0.131116750098 0.698460280554 0.127417006894
07 3.3204268179e+17 0.111862023258 0.965717121023 0.189506151198
08 5.50149675255e+17 0.0997694464512 1.4270913427 0.192843852368
09 7.74702486401e+17 0.104970816116 2.11434995835 0.277100047589
20 4.38338406288e+17 0.173707603639 1.97971056761 0.362928584415
21 2.62790989589e+17 0.170980299092 1.16823413197 0.319197212795
22 1.94692133355e+17 0.179827741353 0.910287211609 0.200110700253
23 1.39432764416e+17 0.190212286261 0.689567447381 0.232441045537
