00 2.60302390039e+17 0.0788497263513 0.533644077802 0.210009165241
12 1.01582916748e+18 0.169353334152 4.47288546748 0.376973106808
13 7.95774183837e+17 0.157637503483 3.26154024758 0.312509382165
14 5.58418390117e+17 0.163135387849 2.36854281699 0.18635059981
15 4.56077303804e+17 0.188440056931 2.23452406044 0.232639492875
16 3.8816791016e+17 0.213218283295 2.1518768813 0.163701355192
17 3.18374211224e+17 0.226004502941 1.87080413928 0.23452327127
18 2.6553938575e+17 0.22556087648 1.55727771133 0.148688001099
19 2.1179298315e+17 0.211851561474 1.16658552893 0.210776617957
20 1.87083674182e+17 0.185986873337 0.904672797951 0.13993319219
21 1.72043059211e+17 0.150202028971 0.671871630658 0.197450880503
22 2.00621129515e+17 0.107903938305 0.562843059526 0.123877007234
23 2.56337901426e+17 0.0867633956753 0.578259415968 0.176904094556
