06 5.72505486649e+17 0.183425254893 2.73031108522 0.397436131827
07 5.32469251624e+17 0.175345492442 2.42751816154 0.314778394185
08 4.67309687369e+17 0.182452714688 2.21680994757 0.209078672853
09 4.25394299059e+17 0.19336967141 2.13871725155 0.255737561478
10 3.90641886649e+17 0.202498458973 2.05671388148 0.14669071312
11 3.77919262895e+17 0.20715871661 2.03552100657 0.207548995993
12 3.80273198529e+17 0.213047818874 2.10642576359 0.134800392931
13 3.80539225711e+17 0.207543962065 2.05344408426 0.199329203348
14 3.6705034038e+17 0.1901559948 1.81471738804 0.123158729145
15 3.95265365756e+17 0.169401374207 1.74092089952 0.176805210368
16 4.55862780514e+17 0.149619339245 1.77335308819 0.132240349442
17 5.39805533784e+17 0.129756505382 1.82112527089 0.19772264842
18 6.48638496257e+17 0.113882374334 1.920580793 0.198718662984
19 7.14090843381e+17 0.109192362248 2.02730491726 0.277149067898
