00 3.68680916596e+17 0.204300841143 1.95836735572 0.523338912833
01 2.37664176172e+17 0.198342613512 1.22561227984 0.439096153578
02 1.86950961681e+17 0.202174610605 0.982715184882 0.274105931346
03 1.35165147179e+17 0.21060859577 0.740140487953 0.304480267877
04 1.25552583113e+17 0.219713239542 0.717224683981 0.19500220489
05 1.48915373972e+17 0.227022619554 0.878986115565 0.260599433406
06 1.84519716676e+17 0.231064275236 1.10853377961 0.165324987153
07 2.27740449684e+17 0.231062225752 1.36817759514 0.217363663355
08 2.65631300907e+17 0.226797404323 1.56635672838 0.146143937115
09 3.18765311327e+17 0.218533071444 1.81117982641 0.228313479875
10 3.73479798875e+17 0.206979499498 2.00986920794 0.162184972799
11 4.36010366436e+17 0.193274049219 2.19100671458 0.22479294218
12 5.21200086721e+17 0.179006119734 2.42574813335 0.180986387643
13 6.73626550967e+17 0.166327602791 2.91310992437 0.273689774401
14 8.30588454569e+17 0.158252798952 3.41751664052 0.294979481792
15 1.01519458061e+18 0.159138658168 4.20047428677 0.365779060895
16 1.3596595658e+18 0.174172043151 6.15718179871 0.519394725193
23 4.43201897141e+17 0.220860945127 2.545035737 0.650205023814
