00 2.31646846601e+17 0.167743126465 1.0102863234 0.288822737251
01 1.68126275141e+17 0.17139783109 0.749228451618 0.297282817164
02 1.29830805742e+17 0.181509534716 0.612703757693 0.170968091429
03 9.69068769022e+16 0.194033008131 0.488881453682 0.224596020145
04 9.26112367348e+16 0.213814447867 0.514842131668 0.150897914645
05 1.17856059437e+17 0.221205119208 0.677829455603 0.222723697066
06 1.64489771771e+17 0.215622347301 0.922159438103 0.136924899407
07 2.16352962354e+17 0.197546437848 1.1112336828 0.188315649678
08 2.77642497268e+17 0.168505792929 1.21639359798 0.119632809284
09 3.74512968481e+17 0.13552522939 1.31965485504 0.176001926537
10 5.17290786005e+17 0.11489485353 1.54528527635 0.138752379407
11 7.12728072344e+17 0.0988720277208 1.83219061288 0.203559946659
12 1.00552635673e+18 0.0956077415449 2.49953870479 0.263778974387
23 3.5478517688e+17 0.182959386284 1.68769323385 0.425678043028
