10 9.18412283785e+17 0.151017984211 3.60611606607 0.426880835787
11 7.6112607021e+17 0.172363815583 3.41095543362 0.374594437835
12 6.22321598461e+17 0.197842607512 3.20116492151 0.241001330922
13 4.96718814758e+17 0.217463063895 2.80846787914 0.30509541684
14 4.02366870434e+17 0.226386508672 2.36835120608 0.196752027654
15 4.0312701975e+17 0.222600404214 2.3331421762 0.26383902919
16 4.0291433111e+17 0.205859704459 2.15653945324 0.172053159432
17 4.14691701404e+17 0.177345397342 1.91213527855 0.241444037479
18 4.26751174796e+17 0.139641738414 1.54939917389 0.159238364045
19 4.51301198732e+17 0.0970402162172 1.13865351351 0.205062570025
20 5.19859264454e+17 0.0562130524797 0.759794778985 0.139276911207
