04 3.36878399869e+17 0.193606234965 1.69576572464 0.448082114063
05 3.27214173836e+17 0.187879779602 1.59840009844 0.360543998548
06 3.15599588072e+17 0.19466095961 1.59730788533 0.231882183108
07 3.24989347069e+17 0.205320783811 1.73490375424 0.253048893797
08 3.20622802363e+17 0.215049656159 1.79269540853 0.166496522424
09 3.32285499894e+17 0.221308270587 1.91197576239 0.235270414635
10 3.38438376099e+17 0.222788898838 1.96040814153 0.144279210356
11 3.53045287425e+17 0.218992283463 2.01016903513 0.205859431242
12 3.81765258652e+17 0.210062002805 2.08505374568 0.134197853416
13 4.19184542165e+17 0.19671504271 2.143957533 0.205047219313
14 4.41300101633e+17 0.180216047353 2.06776336033 0.142383300449
15 4.99090124866e+17 0.162416168978 2.10756795745 0.208054750007
16 6.15923427339e+17 0.145958358299 2.3373784796 0.183918539113
17 7.79064994671e+17 0.134916026005 2.73281718009 0.272967535484
18 9.54589171945e+17 0.13630707451 3.38304869206 0.367769598497
19 1.11597444664e+18 0.160475251854 4.65624329008 0.478049440959
