00 1.13368980526e+17 0.23230476159 0.684740003811 0.175609987392
01 1.12513504282e+17 0.229813451385 0.672285035412 0.254474191881
02 1.12504820642e+17 0.224655951152 0.657146814757 0.191073607875
03 1.11991027505e+17 0.217269565086 0.632638287826 0.24961446967
04 1.13527761491e+17 0.208371168588 0.615053720555 0.192674045134
05 1.60076191547e+17 0.198940230872 0.82798545709 0.275879383483
06 2.41058200792e+17 0.190197976252 1.19206833069 0.225967285895
07 3.72459830492e+17 0.183588797238 1.77786575979 0.304265076562
08 5.36848386639e+17 0.180688816791 2.52206499422 0.293130836477
09 7.24943280021e+17 0.182868245874 3.44679675536 0.395896085202
10 9.1783179677e+17 0.1904355085 4.54448188832 0.560867783864
11 1.17192352654e+18 0.201497943887 6.13964470575 0.531646631479
12 1.26645945687e+18 0.212020540315 6.98140087664 0.629091499813
13 1.42512753879e+18 0.218036240594 8.07896572404 0.633878138945
14 1.30667791998e+18 0.218080964758 7.40900111686 0.650797615641
15 1.24063816177e+18 0.213789974891 6.8961360378 0.562604854184
16 9.80485419487e+17 0.208761303921 5.32187278083 0.502510924726
17 8.06122247822e+17 0.206313780149 4.32416733346 0.457564787967
18 5.97524358934e+17 0.207705394048 3.22683484307 0.334153457165
19 3.51947074825e+17 0.21223079465 1.94204419149 0.344967884513
20 2.83945163665e+17 0.218336040978 1.61188203512 0.249810231658
21 1.8891649986e+17 0.224456091287 1.10248993759 0.307173541856
22 1.79323285166e+17 0.229337431564 1.06926408263 0.207237811662
23 1.40400020612e+17 0.2320992397 0.847255188988 0.266277032571
