11 9.2879697646e+17 0.168311357946 4.06450408947 0.35762083019
12 7.83004391302e+17 0.164289170517 3.34461769091 0.243171427057
13 5.86242259566e+17 0.172483471814 2.62904460661 0.256507092292
14 4.36118512905e+17 0.188159526381 2.13355617369 0.158192711369
15 3.83507145084e+17 0.211749465531 2.11139325797 0.21849767382
16 3.50683903781e+17 0.223242758773 2.03547869557 0.152648875603
17 3.10250700866e+17 0.221641140346 1.78787229747 0.217372665527
18 2.76623315268e+17 0.207068469819 1.48927913182 0.136739337898
19 2.33741361617e+17 0.180737204811 1.09838976903 0.191760003826
20 2.21228427553e+17 0.144929091574 0.833623310927 0.127642616289
21 2.15712568391e+17 0.113832840792 0.638434535818 0.17999634209
22 2.58893389042e+17 0.0957600270078 0.644582586096 0.165044448665
23 3.30355452098e+17 0.0880424856734 0.756218194119 0.236339942784
