00 1.27373085866e+17 0.177979114819 0.589413475927 0.163081205315
01 1.09543930724e+17 0.205968185996 0.58662668215 0.244034889637
02 9.52286648136e+16 0.222584489714 0.551107017856 0.153552017703
03 8.37611060773e+16 0.226251768797 0.492728558566 0.227617681112
04 8.41095409505e+16 0.216600604654 0.473672613104 0.143062053421
05 1.14914319732e+17 0.194400937298 0.580825738086 0.213592958069
06 1.85470447566e+17 0.161534264606 0.7789556412 0.127284182578
07 2.79793956056e+17 0.121007025927 0.88028289686 0.164456943552
08 4.25026608452e+17 0.0949091347765 1.04881159929 0.120614557987
09 6.469563954e+17 0.0824652119779 1.38713630347 0.19486723452
10 9.0507212197e+17 0.0877904834299 2.06587469729 0.281805898619
21 4.10326801104e+17 0.176154477913 1.87930348898 0.407942290007
22 2.70940719849e+17 0.159712283158 1.12508658516 0.287944435704
23 1.89566962875e+17 0.163610603692 0.806394296134 0.268094679102
