00 1.69063860379e+17 0.126433747415 0.555759812923 0.210827216743
01 2.21301612801e+17 0.0904099537111 0.520204582808 0.272982260982
02 2.71266984363e+17 0.0593406861814 0.418526393752 0.224835281182
17 5.05662619142e+17 0.18540557629 2.43756940207 0.618414829554
18 3.55262744332e+17 0.19443350055 1.79594945388 0.411745770611
19 2.69235655105e+17 0.20501175308 1.43510831476 0.405775568452
20 1.73431131888e+17 0.208817675109 0.941602629563 0.261129584415
21 1.6596604994e+17 0.202477488189 0.873714111826 0.355173375747
22 1.75671246897e+17 0.18524302626 0.846088708456 0.236606404128
23 1.85703615504e+17 0.158168113898 0.763682155815 0.308819908401
