00 1.5901045087e+17 0.18274228937 0.755506279469 0.313415070158
01 1.43487673935e+17 0.204476580195 0.762836590525 0.355039518258
02 1.15385735338e+17 0.219330127914 0.65799677037 0.210330340744
03 1.00368652679e+17 0.22313116981 0.582279746996 0.302376626431
04 1.0129809417e+17 0.214363618912 0.564580277433 0.190778658416
05 1.44981569337e+17 0.193228528383 0.728378957427 0.276626821324
06 2.39468895683e+17 0.161379946636 1.00478241776 0.166713618245
07 3.55372992494e+17 0.122010915404 1.12734398722 0.225110203047
08 5.11550389813e+17 0.0804183732967 1.06958930541 0.146368297771
09 6.76612276037e+17 0.0440649276783 0.775186646256 0.144885715339
23 2.27963758918e+17 0.164297421498 0.973800302417 0.462470917753
