00 1.64402620078e+17 0.139912940116 0.598053402385 0.197156340886
01 2.40523812733e+17 0.132257278255 0.827086645518 0.289272261679
02 3.34445482108e+17 0.140852339451 1.22479314292 0.459252278603
11 1.2471331859e+18 0.206757067788 6.70419361708 0.565134093769
12 9.52837773752e+17 0.188608289089 4.67254065946 0.392818168469
13 7.82428777295e+17 0.189056528857 3.84600498655 0.345678069381
14 5.76134166786e+17 0.198216741218 2.96918536316 0.206034955695
15 4.65031650187e+17 0.208958606782 2.52648150905 0.24679208008
16 4.08037889309e+17 0.217523860902 2.30770740399 0.168167667316
17 3.31476513155e+17 0.221931358092 1.91269085125 0.225556544634
18 2.74587886402e+17 0.221227509957 1.5794062537 0.144178604044
19 2.07325717835e+17 0.215189940654 1.15997463184 0.202319163853
20 1.80489190335e+17 0.204209365902 0.958297160873 0.143173278397
21 1.5070229229e+17 0.189238602271 0.741485969953 0.21303145298
22 1.66489921841e+17 0.171789012748 0.743629621944 0.154998350194
23 1.82970377083e+17 0.154024029371 0.732727703083 0.225464602242
