00 1.13698059773e+17 0.232725621704 0.68797174283 0.173979928899
01 1.08515168349e+17 0.232924773948 0.657172647501 0.251361620447
02 1.05656263057e+17 0.229813480252 0.631312071613 0.180484831866
03 1.01592273381e+17 0.223574869334 0.59055046041 0.238933767527
04 1.02193511583e+17 0.214742900762 0.570578609029 0.174992128524
05 1.41817672921e+17 0.204180867776 0.752867843598 0.256145053861
06 2.14641940291e+17 0.193074698518 1.07749012569 0.194415860797
07 3.29741040724e+17 0.182943585733 1.56842421719 0.270714693621
08 4.80885955898e+17 0.175684450693 2.1965888102 0.240865647934
09 6.66044448457e+17 0.173566600494 3.00567983811 0.350514461751
10 8.80909022692e+17 0.178821320877 4.09565819026 0.508575418668
11 1.15816947337e+18 0.192057354588 5.78330909572 0.507109207523
12 1.39166759071e+18 0.209845195515 7.59290369926 0.641913444948
13 1.58138811472e+18 0.225223608224 9.26031436719 0.626890283831
14 1.55418654358e+18 0.232501837083 9.39513189037 0.687877280119
15 1.55061690423e+18 0.230347556438 9.28670118641 0.654298854228
16 1.17311670101e+18 0.221372931437 6.75210335852 0.651040064015
17 1.01105798746e+18 0.211100668572 5.54931044505 0.580888405034
18 7.33808462366e+17 0.205011950237 3.91142710323 0.447191214992
19 4.19803806501e+17 0.205049497428 2.23809454808 0.401048706197
20 3.29429128614e+17 0.209825133307 1.79718528149 0.28459212269
21 2.09792784571e+17 0.216885521526 1.18302645484 0.325755584517
22 1.92842128666e+17 0.224049146854 1.12335897454 0.214819232552
23 1.43761370649e+17 0.22971888841 0.858642258804 0.269784162764
