00 1.31680158142e+17 0.202520370542 0.693365774919 0.254216467543
01 1.41574392598e+17 0.18894977449 0.695511688429 0.348476276759
02 1.46826939433e+17 0.16538163745 0.631344471293 0.225662675842
03 1.59018167781e+17 0.134008348995 0.554053815238 0.319837112127
04 1.83502863687e+17 0.0992144753967 0.473359649217 0.249401520917
05 2.26348951627e+17 0.0679354192494 0.399804884061 0.266592522614
20 1.72476280314e+17 0.188728969012 0.846333034633 0.768974884374
21 2.08803580496e+17 0.19133402168 1.03873194873 0.565353999693
22 1.794500953e+17 0.20063484215 0.936102480149 0.37646330437
23 1.63216418605e+17 0.205769133241 0.873207425666 0.391184752094
