08 8.69731202186e+17 0.180599080813 4.08388904739 0.406555922889
09 7.37358689426e+17 0.166106770656 3.1844870386 0.338926708952
10 5.93335272483e+17 0.170925929436 2.63682595582 0.201838426455
11 5.07470700823e+17 0.181058541404 2.38892952731 0.237547724566
12 4.56626027305e+17 0.198873961894 2.36108670601 0.150045619777
13 4.03177450112e+17 0.216887978615 2.27355289663 0.224115928063
14 3.48900469223e+17 0.222292587113 2.01650768666 0.143460629512
15 3.47270418153e+17 0.214649851982 1.93808014021 0.200761193505
16 3.62192541007e+17 0.194604030061 1.83258733158 0.134579739601
17 3.7577470817e+17 0.163853584132 1.60087285175 0.185569038093
18 3.95175990848e+17 0.129730399845 1.33292482184 0.126260904134
19 4.02117326965e+17 0.109389650811 1.14367432352 0.179402252623
20 4.22661978779e+17 0.0947772644567 1.0415273996 0.188086848737
21 4.02955408566e+17 0.0949820294469 0.995111584536 0.271880826425
