00 9.46545114718e+16 0.225020962425 0.553780481 0.140779101386
01 9.40102889912e+16 0.221315148191 0.540953427028 0.215415764348
02 9.45318951393e+16 0.212654002385 0.522667232214 0.146724353395
03 9.47849553506e+16 0.199734675444 0.492227899643 0.206020821095
04 1.00807008234e+17 0.183781527051 0.481688113678 0.15138418146
05 1.40892353541e+17 0.166577933968 0.610208486284 0.226595570273
06 2.3611129967e+17 0.150649110368 0.924818888325 0.186714440478
07 3.91910724183e+17 0.139809280721 1.42461166782 0.271547726078
08 6.47506543981e+17 0.140465000826 2.36475218812 0.340227372722
09 8.17201109444e+17 0.162031322831 3.44271659633 0.445725134367
18 7.42264894807e+17 0.193336854801 3.73118616496 0.441205588157
19 3.98203555288e+17 0.190632755225 1.97367666301 0.359600925553
20 2.90450458049e+17 0.198269859203 1.49727685699 0.23864569853
21 1.82597190479e+17 0.2088164017 0.991361495187 0.284334181068
22 1.59408200181e+17 0.218100002225 0.903940149168 0.17718272246
23 1.21764761548e+17 0.223863854166 0.708726949365 0.231905707884
