00 1.16054258735e+17 0.224336890771 0.676916540698 0.178326524783
01 1.23552763976e+17 0.21772077741 0.699400099422 0.259799125079
02 1.29842612685e+17 0.209803763434 0.708278188677 0.213970507866
03 1.37162264583e+17 0.201451969833 0.718421818063 0.274346261657
04 1.42823743978e+17 0.193725312138 0.719382933954 0.245516716372
05 2.0898575188e+17 0.187828859564 1.02059244146 0.321769491176
06 3.10579858846e+17 0.184991845008 1.49382326887 0.315991068158
07 4.75494804948e+17 0.186164988728 2.30153261008 0.385738208366
08 6.5161722146e+17 0.191427498552 3.24317382265 0.435725097398
09 8.42866349038e+17 0.199327411171 4.36816555025 0.503753925166
10 9.97876912559e+17 0.207028787867 5.37132043883 0.658626733667
11 1.19740466444e+18 0.211751347551 6.59235333276 0.560419552865
12 1.10259657495e+18 0.212441843611 6.09017887769 0.569797120492
13 1.16638388378e+18 0.210282202344 6.37701406835 0.580549946383
14 9.89858279576e+17 0.207793309572 5.34783412592 0.453715210984
15 8.5441974833e+17 0.207216166606 4.60328920795 0.416435410989
16 7.3984557463e+17 0.209387770821 4.0277800062 0.323933491283
17 5.85976232553e+17 0.213805955505 3.25741541591 0.352630119891
18 4.5157329056e+17 0.219320701555 2.57502364312 0.24811943209
19 2.87754732633e+17 0.224707138059 1.68117410325 0.292582411468
20 2.35436248581e+17 0.228934488344 1.40138640477 0.21240130835
21 1.66388481944e+17 0.231262172354 1.00046340652 0.282842718333
22 1.65181936141e+17 0.231253209827 0.99317017639 0.195467477188
23 1.39025273586e+17 0.228768817811 0.826920834587 0.260175912128
