07 7.48687305943e+17 0.192491978663 3.74702382394 0.464395188406
08 6.88032986637e+17 0.179030578858 3.20265254064 0.303910027217
09 5.80836862119e+17 0.183660310448 2.77359363882 0.311561923019
10 4.90406061719e+17 0.194345419107 2.47801246153 0.182821779879
11 4.42435093367e+17 0.204534590573 2.35282529759 0.232992746971
12 4.16991901193e+17 0.211038874611 2.28803904029 0.14586426569
13 3.88457326977e+17 0.2123011992 2.14421886523 0.207940925189
14 3.49449776043e+17 0.207748168348 1.88753632347 0.130154084145
15 3.51870378351e+17 0.197548284859 1.80729613313 0.183415645171
16 3.77170177211e+17 0.182520051305 1.78986912247 0.129708016777
17 3.99270596076e+17 0.164108419958 1.7036153331 0.192176653372
18 4.2729606172e+17 0.144463530908 1.6049461433 0.152835766292
19 4.26994930271e+17 0.126773924914 1.40742740395 0.217184934813
20 4.17811555785e+17 0.116284590019 1.26321118221 0.252235702724
21 4.56721208167e+17 0.122629272752 1.45619212981 0.342007185501
