00 2.20761067756e+17 0.166691863948 0.956775920657 0.619449923762
01 1.96981702064e+17 0.17729059602 0.907998087463 0.454399921037
02 1.44024113461e+17 0.197056430273 0.737902819468 0.279226952477
03 1.13226297275e+17 0.213477050895 0.628451616679 0.344126233314
04 1.11392562958e+17 0.220459938057 0.638497535773 0.221861959376
05 1.55066783714e+17 0.215547560741 0.869030941519 0.304788408209
06 2.30214899073e+17 0.198339879255 1.18718067741 0.183068206774
07 3.08137373128e+17 0.16998827707 1.36187327013 0.253942309554
08 4.1350691152e+17 0.133166853769 1.43170077489 0.165001927653
09 5.90459035388e+17 0.0925084532667 1.42018375411 0.221087295043
10 7.82449111485e+17 0.0552082647782 1.12313910078 0.169848753054
