00 1.00561132542e+17 0.15939671052 0.416756957069 0.116557341924
01 1.24810926019e+17 0.138896068956 0.450729421658 0.18326064651
02 1.64556956002e+17 0.119136215519 0.509722017362 0.163186270367
03 2.07958578956e+17 0.1049431368 0.567419465602 0.229480925727
04 2.90939347077e+17 0.10508141994 0.794880312392 0.317266458857
15 8.96730227698e+17 0.177453660748 4.13732960182 0.387280190991
16 7.24008189286e+17 0.172392775579 3.24515831362 0.26695934221
17 4.80414627978e+17 0.180583634278 2.25563050649 0.278563284828
18 3.36478289207e+17 0.191271950777 1.67333032804 0.164437920798
19 2.21038332716e+17 0.199392907547 1.14591037183 0.214452294502
20 1.6600813261e+17 0.213174147104 0.920104694116 0.147960981179
21 1.27872310517e+17 0.216653825442 0.720304656284 0.219197877047
22 1.2710099855e+17 0.20749671254 0.685699023355 0.13711934126
23 1.18527004239e+17 0.186499506987 0.574735924235 0.191747525907
