00 1.477694647e+17 0.21987509801 0.844761463878 0.203076180366
01 1.23916953729e+17 0.226978484943 0.731288542823 0.276689519582
02 1.11440203318e+17 0.231686798569 0.671299822406 0.187706653413
03 9.70759036363e+16 0.233140250862 0.588439813686 0.24392629443
04 9.49864282805e+16 0.230968725351 0.570411250905 0.167520278125
05 1.24997016206e+17 0.22523327124 0.731990658239 0.241856851031
06 1.79011298679e+17 0.21639049394 1.00714492689 0.161435362437
07 2.54189880473e+17 0.205270773526 1.35662158807 0.227253079038
08 3.40765541743e+17 0.193061020236 1.7105021219 0.167633744063
09 4.58387244034e+17 0.181336153548 2.16117667138 0.26847012154
10 6.04354727797e+17 0.172138306026 2.70484757612 0.278214593876
11 7.81788430746e+17 0.168113497682 3.41715887604 0.33312916558
12 9.98963858886e+17 0.1724004756 4.47776795385 0.415706632464
13 1.3195562355e+18 0.187112557766 6.41954410085 0.507309263498
14 1.60931690721e+18 0.209528792545 8.76715393813 0.682040897525
18 1.13907113625e+18 0.2335795055 6.91765549112 0.660447307397
19 8.66269257275e+17 0.218863864468 4.92947097025 0.640477002116
20 6.02366516735e+17 0.20682778614 3.23923946063 0.517045526053
21 3.55548113403e+17 0.202519813416 1.87214397726 0.459173107277
22 2.96882270459e+17 0.205400607444 1.58547476598 0.296166009061
23 1.91605029413e+17 0.212348435197 1.05786273246 0.318746971989
