00 1.15147909737e+17 0.196904633411 0.589502080827 0.163547961654
01 1.3805485787e+17 0.183247898863 0.657754828442 0.245302063788
02 1.6568885449e+17 0.170864513124 0.736068981764 0.241660779695
03 1.98703106291e+17 0.162443554533 0.83922901095 0.304831308441
04 2.228701875e+17 0.161730400365 0.937167001 0.390812813295
05 3.20136192065e+17 0.173200293947 1.44163974679 0.449643954026
06 4.62105610511e+17 0.198204400508 2.38137550308 0.63118697195
12 1.20977509512e+18 0.219793937286 6.91343201607 0.61406189119
13 1.13507588955e+18 0.204391728505 6.03200319932 0.54796935869
14 8.61560777824e+17 0.199791509605 4.47544573887 0.341020708785
15 6.73750934738e+17 0.203832313464 3.57063750489 0.330363216973
16 5.73100995138e+17 0.21199638687 3.1588788473 0.234151950022
17 4.34450319747e+17 0.220749317934 2.49351990578 0.282074800285
18 3.35604004071e+17 0.2277980522 1.98769839939 0.186267183672
19 2.27678972458e+17 0.231742400447 1.37183466182 0.24052599065
20 1.85922060082e+17 0.231834960462 1.12068406965 0.170384065204
21 1.40850068688e+17 0.227853640599 0.83442322416 0.24126741899
22 1.44859264472e+17 0.22004233093 0.828754425491 0.161862011104
23 1.33387722266e+17 0.209068370394 0.72506599684 0.231344394945
