00 1.10443758818e+17 0.204659096676 0.587686317742 0.148586895989
01 9.88377224681e+16 0.209939608771 0.539498772455 0.21870016656
02 9.1038774025e+16 0.209951180385 0.496956149752 0.137519400425
03 8.33737056607e+16 0.206135740989 0.446843815481 0.197026040596
04 8.45522974718e+16 0.191816892104 0.421682531954 0.126821181135
05 1.15825795868e+17 0.175526843539 0.528593945074 0.19439238101
06 1.87361478056e+17 0.156306257136 0.761430055526 0.130943664259
07 2.9269550962e+17 0.136577969825 1.0393697205 0.193038642683
08 4.60291437501e+17 0.120018413992 1.43632965588 0.165619431607
09 6.94534539498e+17 0.112957775526 2.0397799918 0.25807287463
10 9.68473682039e+17 0.126830811659 3.19363988226 0.394150535938
20 5.35120974769e+17 0.184995873781 2.57387447995 0.434380341276
21 3.00318859427e+17 0.177618960248 1.38690041241 0.353920370082
22 2.21473682754e+17 0.184875885541 1.0645737238 0.223915569257
23 1.51923194345e+17 0.195867076238 0.773675549118 0.252790528304
