00 8.89915960967e+16 0.219314825957 0.507446586649 0.138653608151
01 9.92019232721e+16 0.197503714992 0.509411457896 0.215955814374
02 1.10989782464e+17 0.164757862382 0.475447421931 0.137131425753
03 1.24983101997e+17 0.124081384475 0.403209984625 0.179717455398
04 1.54500075358e+17 0.0880708862175 0.353780922493 0.127324209673
05 1.96828404998e+17 0.075693580905 0.38736481675 0.190077444839
06 3.12332015224e+17 0.0811107676122 0.658670727123 0.276824803876
18 5.24085067361e+17 0.156531266903 2.13292818853 0.290547921954
19 3.20868140859e+17 0.157163288475 1.31114599679 0.274668444548
20 2.06099902558e+17 0.180185541374 0.965541785506 0.180531182514
21 1.48518345877e+17 0.208072911453 0.803468760399 0.256903378808
22 1.31572042896e+17 0.224635672607 0.768450133158 0.168897493428
23 1.11634766483e+17 0.228173043141 0.662273154109 0.23082711316
