14 7.87637286647e+17 0.184962840368 3.78777437267 0.684766975081
15 6.71434360052e+17 0.190108625489 3.31878204568 0.502076394545
16 5.24154339019e+17 0.20170405628 2.74882546371 0.303181423624
17 4.21213890479e+17 0.208795337353 2.28663490537 0.370533492553
18 3.276877694e+17 0.20655834087 1.75985269124 0.248966904135
19 2.68167786083e+17 0.193424452457 1.34862538693 0.323664980519
20 2.1504216595e+17 0.169810102145 0.9494246363 0.213278749868
21 2.23653484071e+17 0.137828578027 0.801471883687 0.307359685028
22 2.74046884054e+17 0.101655116446 0.724314965665 0.224344259814
23 3.62002614826e+17 0.0681293765005 0.641238323431 0.250629188994
