00 2.32193221595e+17 0.159950939556 0.96562762277 0.332538436075
01 3.36954597173e+17 0.168153138712 1.47315930107 0.432990156659
02 3.64221713484e+17 0.190741219472 1.80627443849 0.633851009269
08 8.69738482084e+17 0.226293148603 5.11721234887 0.620843349851
09 9.59404877879e+17 0.207814346432 5.18383053915 0.58597318008
10 8.31755640924e+17 0.199682743403 4.31826845373 0.395653113637
11 7.2527530862e+17 0.201653459123 3.80261114479 0.342353628153
12 6.2392908893e+17 0.209138510528 3.39267760869 0.236075373725
13 5.52023889638e+17 0.218104841116 3.13037615129 0.291882373369
14 4.5268616261e+17 0.225885376809 2.65863479485 0.179757744135
15 4.01051070264e+17 0.230837472711 2.40701800268 0.235596557574
16 3.84210796503e+17 0.232036991368 2.31792904906 0.167746038371
17 3.42001280604e+17 0.229121587393 2.03735678386 0.23242691446
18 3.05186962521e+17 0.222215014107 1.76324525473 0.160194793579
19 2.39865892439e+17 0.211879251332 1.32138774846 0.221881162442
20 2.20660901031e+17 0.199094567173 1.14224205115 0.174376446103
21 1.88289429913e+17 0.18525970427 0.906943546675 0.255092449717
22 2.13285754013e+17 0.172260450873 0.955258203928 0.224486875831
23 2.42268412681e+17 0.162663319232 1.02461278794 0.29679721989
