00 3.22614766152e+17 0.198261988529 1.66301837172 0.520155544596
01 3.47793132097e+17 0.204934679344 1.85314672411 0.560700340961
02 2.78783620584e+17 0.209346404856 1.51742106625 0.615846347016
03 2.72958155262e+17 0.210495963068 1.493871334 0.54157033029
04 2.40216876645e+17 0.209251447873 1.30690896028 0.540524889956
05 3.53027257563e+17 0.207660512585 1.90605535281 0.479328516927
06 3.76410064372e+17 0.20761232096 2.03183154452 0.360365312909
07 4.53471704369e+17 0.209879955811 2.47454015314 0.359209470494
08 4.75985170204e+17 0.214097417622 2.64958708994 0.246545329771
09 4.94897458335e+17 0.219292097116 2.82170463889 0.329107727713
10 4.80793809859e+17 0.224373750925 2.80481527403 0.227392229606
11 4.75523568364e+17 0.228395952332 2.82379911458 0.273815113913
12 4.7199785559e+17 0.230660990323 2.83065881282 0.193858759538
13 4.81555882741e+17 0.230749318954 2.8890859915 0.271960521374
14 4.53985559767e+17 0.228516568513 2.69732377908 0.182202527403
15 4.40024271781e+17 0.224090313328 2.56373460032 0.248942842412
16 4.67781885679e+17 0.217847202765 2.64952935778 0.193583228955
17 4.61184682636e+17 0.210397374563 2.52283320679 0.272772235604
18 4.45552083438e+17 0.202555508498 2.3464747494 0.22535882494
19 3.55504021869e+17 0.195303685815 1.80521239062 0.296319512069
20 3.28021608742e+17 0.189738614929 1.61819750845 0.282375613891
21 2.85864664345e+17 0.186946482591 1.38947623091 0.37168493469
22 3.30833332125e+17 0.187720129163 1.61470597179 0.432555983231
23 3.22449846356e+17 0.192068884721 1.61024714157 0.445477274646
