00 1.13491225787e+17 0.218997171433 0.646210693174 0.194943526541
01 1.09039091603e+17 0.227889440671 0.646070297516 0.288114664032
02 1.00993325519e+17 0.223831506914 0.587742694219 0.17178147914
03 9.81781071612e+16 0.206691321761 0.527606631166 0.257657845673
04 1.04938225706e+17 0.177717692633 0.484883862881 0.16137145425
05 1.48001223282e+17 0.139537366344 0.536944223723 0.230576232819
06 2.69426499978e+17 0.0964330101434 0.675521818538 0.141584044476
07 4.23425100437e+17 0.0549872662041 0.605357706596 0.150468830416
21 2.6135860565e+17 0.14859298687 1.0097374523 0.405099518823
22 1.90469929188e+17 0.173911363582 0.861247012769 0.287928068053
23 1.55856824796e+17 0.200542053688 0.812652040874 0.313145664466
