11 9.78509616982e+17 0.144580779238 3.6783157558 0.433875003354
12 8.10079649262e+17 0.164790680546 3.47083299416 0.318398193924
13 5.96376490011e+17 0.191451108982 2.96860044997 0.334749072809
14 4.45764609032e+17 0.213737462678 2.47719150864 0.216051019246
15 4.17168221679e+17 0.226003640463 2.45131995641 0.276833051525
16 3.85112997173e+17 0.225758559901 2.26050644666 0.18289497053
17 3.59294694791e+17 0.212385284921 1.98403155922 0.255651588075
18 3.32799048777e+17 0.186724165818 1.61568224397 0.16329812196
19 3.09768878594e+17 0.150980409255 1.21599483368 0.228850868246
20 3.1447515748e+17 0.108910541873 0.890491154978 0.147146648969
21 3.59541227231e+17 0.0664499977123 0.621179356901 0.176598426893
22 4.43772374284e+17 0.0419387736331 0.483892997893 0.166594583111
