00 1.01451043829e+17 0.203477024713 0.536716870358 0.14256605907
01 1.17778153787e+17 0.188608377465 0.577562608653 0.222985456313
02 1.38526223093e+17 0.172998270425 0.62308472209 0.193221453791
03 1.61909836303e+17 0.159023068794 0.669432374961 0.256187557801
04 1.89930478227e+17 0.150159593933 0.741516970639 0.288286957463
05 2.8161844584e+17 0.15182997386 1.11171115303 0.365596989046
06 4.57482136067e+17 0.171042569823 2.03447192522 0.540366145541
14 1.13922151932e+18 0.20539844177 6.08385244734 0.520784116723
15 8.81901968048e+17 0.195198430674 4.47579288445 0.408156017486
16 7.08589305022e+17 0.197856911396 3.64518157484 0.285691701667
17 5.03320353039e+17 0.206596221746 2.70358616491 0.305627101583
18 3.67531105009e+17 0.21642124252 2.06807999868 0.195726016401
19 2.36700546834e+17 0.224387922328 1.38093134187 0.246534066621
20 1.85575573266e+17 0.228813161657 1.10401547478 0.169255032884
21 1.36578655053e+17 0.228829687782 0.81258452583 0.237383812361
22 1.3529727227e+17 0.224189492279 0.788637896202 0.153075250793
23 1.20488877886e+17 0.215176202004 0.674084817308 0.218271135379
