00 1.02332229282e+17 0.212847944179 0.566311320277 0.152414719557
01 9.61941144132e+16 0.225393414753 0.563719518096 0.236786025551
02 9.04885487568e+16 0.224734060999 0.528732334936 0.147272657079
03 8.65325987877e+16 0.21086957725 0.474424405642 0.215544969361
04 9.05523536299e+16 0.184933122606 0.435399367418 0.134341448289
05 1.25862052181e+17 0.149166968672 0.488135980659 0.19282332959
06 2.19870362238e+17 0.107458110708 0.614298196895 0.115112224006
07 3.58757211407e+17 0.0891025218438 0.831120478916 0.172581489078
08 5.87158434191e+17 0.081136629444 1.2386414638 0.200194945303
20 4.10012587645e+17 0.167406918649 1.78461254153 0.365492965229
21 2.61991263178e+17 0.159298237602 1.08510340878 0.313388561424
22 1.89421414401e+17 0.166035219574 0.817716279434 0.19481050204
23 1.39326838336e+17 0.190217353682 0.689061944614 0.23899306396
