00 1.01119755767e+17 0.171832957683 0.451768374553 0.124501096784
01 1.24379996011e+17 0.152414802517 0.492891165754 0.196742895362
02 1.60637352947e+17 0.133625972946 0.558098387056 0.178471562542
03 2.01226956495e+17 0.119735886273 0.626446287429 0.245091704823
04 2.71332612874e+17 0.118382363883 0.835145898877 0.333209700234
15 8.70671267667e+17 0.180807391603 4.09301882212 0.377072166926
16 6.90987564424e+17 0.181829647554 3.26669265789 0.25749033547
17 4.67598835941e+17 0.191691882825 2.33050743297 0.279626372071
18 3.33904818642e+17 0.202453738915 1.75760725337 0.167563606087
19 2.20216641678e+17 0.210243655478 1.20377794533 0.220526063252
20 1.6847291989e+17 0.21314376976 0.933632784441 0.1469038953
21 1.28542141594e+17 0.210336029915 0.702963137233 0.210818044852
22 1.28408318463e+17 0.201786231681 0.67368679818 0.132597501448
23 1.19062277169e+17 0.188124027672 0.582360353246 0.192082152346
