00 1.34954751521e+17 0.17642704113 0.619051354931 0.168845595571
01 1.13262908835e+17 0.194705705272 0.573376298191 0.235691418281
02 9.71582175817e+16 0.215307457862 0.543891109787 0.150718126572
03 8.36928341232e+16 0.223473724639 0.486281883544 0.222963474611
04 8.33789198979e+16 0.218513182811 0.473704222321 0.142328477122
05 1.1259016737e+17 0.200834797932 0.587912611332 0.211551501688
06 1.76882845056e+17 0.171924474491 0.79067274475 0.126214985401
07 2.6070898822e+17 0.134325564732 0.910516933907 0.165860687108
08 3.84081434871e+17 0.110331176915 1.10178007525 0.119187259012
09 5.79366705214e+17 0.0940069755716 1.41607730431 0.194882428943
10 8.62690103864e+17 0.0904668713027 2.02916673961 0.275045251862
22 3.04446891521e+17 0.165310276438 1.30853319475 0.310057446341
23 2.04436992047e+17 0.167461379813 0.890117820095 0.28409529039
