00 4.16744105468e+17 0.234685509634 2.54289887225 0.709326385942
01 4.01773884082e+17 0.2306852125 2.40976563949 0.674999571299
02 2.76680035629e+17 0.22039462066 1.58544857891 0.632107960577
03 2.50095767297e+17 0.209851176581 1.36455516665 0.55075914446
04 2.46259605542e+17 0.20438043126 1.30859675395 0.423407823199
05 2.9362146852e+17 0.205271041281 1.56707159922 0.386930804218
06 3.02328229126e+17 0.210673950649 1.65600974299 0.257748546652
07 3.43902824462e+17 0.218007547011 1.94930869045 0.284886975429
08 3.55526256428e+17 0.225120398196 2.08094152282 0.191314206704
09 3.76838884652e+17 0.230478540071 2.25818517539 0.271522520036
10 3.83147855963e+17 0.233097547169 2.32208146113 0.18014455715
11 3.95520190717e+17 0.232463725469 2.39054652284 0.238648844728
12 4.15964515174e+17 0.22847367753 2.4709605051 0.165677055447
13 4.48277223246e+17 0.221404650627 2.58051721192 0.244795263315
14 4.53638720094e+17 0.211883950478 2.49908786669 0.169298148116
15 4.73917961517e+17 0.200874965485 2.47515460823 0.240748977743
16 5.43973747486e+17 0.189666941747 2.68251976399 0.204323749366
17 5.98534384554e+17 0.179906253527 2.79968204704 0.290877099761
18 6.36209300317e+17 0.173652917068 2.87246962251 0.298435761633
19 5.54452993728e+17 0.173338367671 2.49880739896 0.378789759335
20 5.25812916276e+17 0.181127407173 2.47621738476 0.511233436727
21 6.67042338564e+17 0.19682109984 3.41348817462 0.541736962448
22 7.58844108283e+17 0.215545363647 4.25269856106 0.724315237277
23 5.54054021907e+17 0.229768014299 3.30990120313 0.64597889251
