03 2.50276428368e+17 0.223648982032 1.45532577921 0.64172931486
04 2.92471837126e+17 0.206468337444 1.57004052298 0.532878813878
05 3.52721159989e+17 0.199772558828 1.83206422577 0.424867559361
06 3.44583409447e+17 0.202548673108 1.81466772132 0.279753101839
07 3.7226308982e+17 0.210278570889 2.03525271357 0.290967341609
08 3.6967183792e+17 0.219150915975 2.10636196915 0.192880743859
09 3.79477133906e+17 0.226658347145 2.23630315871 0.268397009924
10 3.76237231387e+17 0.231253865528 2.26216416696 0.171493198367
11 3.82025319476e+17 0.232080454166 2.30517585081 0.23106263803
12 3.97687064096e+17 0.228824087637 2.36600986978 0.155754281152
13 4.20481510736e+17 0.221648733067 2.42317904745 0.230623588318
14 4.20259161588e+17 0.211149415471 2.3071743842 0.154844240665
15 4.42030386318e+17 0.198333946676 2.2794104078 0.223725488795
16 5.08478041795e+17 0.184624566631 2.44081599081 0.183759499731
17 5.69726604067e+17 0.171934952335 2.54685382938 0.266656009366
18 6.24819691281e+17 0.162864464132 2.64578402918 0.272507610221
19 5.74207769846e+17 0.161053874606 2.40443804023 0.355161791947
20 5.50373270689e+17 0.171035124904 2.4474621885 0.511656058904
21 8.2778877535e+17 0.194909272923 4.19493641677 0.551200947475
