00 9.11327641494e+16 0.211505025657 0.501150978109 0.130516581328
01 9.14928891253e+16 0.206583046046 0.491422872902 0.200275940295
02 9.21785681351e+16 0.196020377738 0.469790821375 0.131522707592
03 9.34750331846e+16 0.180673169363 0.439099193045 0.18896884641
04 1.01636520051e+17 0.162033941563 0.428182714717 0.13524379728
05 1.40602608422e+17 0.142315956368 0.520259861821 0.205581550123
06 2.47788748594e+17 0.124820657443 0.804158017167 0.174021554867
07 4.15626236694e+17 0.11503618772 1.24311350242 0.257299012356
08 6.80591300183e+17 0.123051222356 2.17743737671 0.359068779492
18 7.61230798736e+17 0.189430715329 3.7492128631 0.469891208977
19 4.12734599769e+17 0.178395747706 1.91438253578 0.35703806267
20 2.87682323751e+17 0.184140586178 1.37732378494 0.231905725876
21 1.82250837758e+17 0.195003216081 0.924026986902 0.2719401629
22 1.53806914966e+17 0.204881399131 0.81931657429 0.164239646097
23 1.18029944491e+17 0.210810998406 0.646932271439 0.216713500482
