00 1.00078002365e+17 0.182157306379 0.473978422804 0.128259652024
01 1.21059141904e+17 0.163808715011 0.515594104365 0.203884060032
02 1.51887176329e+17 0.14552666787 0.574694501246 0.181747928604
03 1.87056613981e+17 0.130908686248 0.636670725344 0.246333223768
04 2.41977229286e+17 0.126084428213 0.793248575475 0.319796255645
05 3.06289600983e+17 0.141701080477 1.12844075235 0.404900672084
14 1.15405809511e+18 0.203066953439 6.09312759808 0.518778990104
15 8.81561449716e+17 0.185099821298 4.24259853694 0.388725956094
16 6.99830857121e+17 0.186520040194 3.39384446957 0.267850168428
17 4.78080512757e+17 0.196254580324 2.43946275019 0.287157843186
18 3.42385810413e+17 0.207032274361 1.84300773901 0.175542991316
19 2.24265212728e+17 0.21515731758 1.25455984153 0.227490902689
20 1.72549550147e+17 0.218739026777 0.981326337417 0.152550945177
21 1.29929201294e+17 0.21691537952 0.732774692246 0.217949758828
22 1.29225617176e+17 0.209576367726 0.704148522089 0.137558079717
23 1.18221974579e+17 0.197239112621 0.606267931316 0.199008804933
