05 4.64132694849e+17 0.212357222731 2.56261018148 0.610036147616
06 4.74338733275e+17 0.199470474564 2.460030878 0.404181507471
07 4.96375112319e+17 0.198836666172 2.56613688512 0.350425058185
08 4.71794361317e+17 0.205604264028 2.52207624321 0.232091494165
09 4.53112925729e+17 0.214868450961 2.531351484 0.295456045828
10 4.22101099462e+17 0.22340542485 2.45179156184 0.183858291872
11 4.09006961816e+17 0.229261726957 2.43801070249 0.241519442802
12 4.06588898175e+17 0.231328681191 2.44544751364 0.159911118544
13 4.06834396898e+17 0.229116126858 2.42352035354 0.230934994312
14 3.85198362015e+17 0.222658230619 2.22995722881 0.149843689179
15 3.89793364323e+17 0.212457343311 2.15317602823 0.212867163666
16 4.28530328061e+17 0.199455728092 2.22229354341 0.162262823254
17 4.54498538632e+17 0.185032933737 2.18652714754 0.237432396018
18 4.80772797293e+17 0.171074589839 2.13844823666 0.207374110056
19 4.37934100782e+17 0.160175790102 1.82380745574 0.283984872632
20 4.01318830155e+17 0.156102474222 1.62881842081 0.339636155133
21 4.64229832765e+17 0.164122577645 1.9809555161 0.423356782225
22 6.89826754971e+17 0.18833121469 3.37781367792 0.638529114734
