08 8.19922893855e+17 0.191436939981 4.08105177532 0.416351398879
09 7.06196885532e+17 0.186693186604 3.42789582017 0.372729159906
10 5.79161109239e+17 0.194085195733 2.92257152843 0.220894565863
11 5.07459358617e+17 0.204906120819 2.70351974484 0.261780099234
12 4.61490119427e+17 0.214454181823 2.57318063551 0.165422960939
13 4.16691060121e+17 0.220278738581 2.38649270864 0.228660153842
14 3.61433906696e+17 0.221141983112 2.07813348316 0.142350217453
15 3.48359521238e+17 0.216613047752 1.96193965783 0.196699006726
16 3.58183349259e+17 0.206911707894 1.92692054189 0.137942147048
17 3.55176877326e+17 0.192833932617 1.78074400476 0.202511082029
18 3.5353470825e+17 0.175737954577 1.615366129 0.14895631295
19 3.21526108704e+17 0.157602288982 1.31750451818 0.211487109285
20 3.20545784219e+17 0.141279467776 1.17744998259 0.197534006733
21 3.08444390627e+17 0.131278162525 1.05279233391 0.290907180853
22 3.38690171705e+17 0.135530299753 1.19347229285 0.428820358342
