00 4.30783107705e+17 0.161600253493 1.80998114454 0.514340915289
09 8.9733810209e+17 0.193394482733 4.51204619035 0.481953017803
10 7.28010259575e+17 0.190431741763 3.60454280556 0.291412165308
11 6.17525465144e+17 0.19798995751 3.17885985574 0.296596839092
12 5.3832086412e+17 0.208544284471 2.91885722502 0.19288041928
13 4.68426494602e+17 0.217872131712 2.65348405216 0.252336271948
14 3.89301912737e+17 0.22369090684 2.26416574527 0.155299132878
15 3.59058343751e+17 0.224817008333 2.09878298914 0.208367582533
16 3.53887254905e+17 0.220818054706 2.03176207555 0.145735186275
17 3.31011000069e+17 0.211877747269 1.82348049042 0.20944791939
18 3.10802115393e+17 0.198723256492 1.60585382088 0.143999126558
19 2.63773907323e+17 0.1826126325 1.25237963763 0.20691876806
20 2.54047109045e+17 0.165365779001 1.09227815034 0.171269537426
21 2.35704664701e+17 0.149569593421 0.916610522537 0.253648416561
22 2.65805101855e+17 0.139159276592 0.9617203879 0.28415851887
23 3.62663541701e+17 0.140771191805 1.32736705373 0.356598140272
