00 1.33914646162e+17 0.217116507808 0.755952088295 0.202794061647
01 1.44336699781e+17 0.211747475794 0.794636227918 0.286972400194
02 1.49966892667e+17 0.206214539593 0.804059196864 0.253969777879
03 1.58401995447e+17 0.201170278485 0.828510111952 0.309066296472
04 1.60045030441e+17 0.19727023853 0.820875154596 0.289698533929
05 2.36372239235e+17 0.195069830589 1.19883640925 0.357519214608
06 3.26109164569e+17 0.194852851168 1.65212581322 0.342427922815
07 4.79621992136e+17 0.196470602047 2.4500221603 0.398911068941
08 6.15651230324e+17 0.199268632343 3.18967944533 0.390001486077
09 7.66365843053e+17 0.202278741761 4.03050748 0.458377621335
10 8.41520854315e+17 0.204664622163 4.47796823994 0.501197956848
11 9.20722795867e+17 0.206150219561 4.93498736958 0.448517510985
12 8.45274044665e+17 0.20710604862 4.55159555219 0.404676955498
13 8.8349308133e+17 0.208245573788 4.78357161513 0.449172358216
14 7.77957754532e+17 0.210162487592 4.25093596028 0.324211395576
15 6.79971712846e+17 0.21303975796 3.76638623722 0.348030072965
16 6.31298610495e+17 0.216631550553 3.55573911819 0.271062996678
17 5.24955764039e+17 0.220426677071 3.00857062158 0.326359648228
18 4.2668696945e+17 0.223833349898 2.48317611697 0.23830503654
19 2.85808183712e+17 0.226311452164 1.6817232925 0.288572018861
20 2.41454257201e+17 0.22745702965 1.42793217162 0.218979574565
21 1.76300956542e+17 0.227033684872 1.04068265106 0.292475610894
22 1.81151822711e+17 0.224993480006 1.05970745403 0.212910498222
23 1.5604526047e+17 0.221472000902 0.898551057753 0.278813637319
