00 1.16593115599e+17 0.215268254703 0.652568709141 0.197715317936
01 1.10222819163e+17 0.227203094072 0.651117104328 0.289673334816
02 1.00487562056e+17 0.226398246571 0.591505404146 0.173113367337
03 9.60661916072e+16 0.212372691415 0.530447727306 0.259289494887
04 1.01459571413e+17 0.186061156797 0.490819815856 0.161320661429
05 1.43777898794e+17 0.149744242188 0.559777724955 0.234007330046
06 2.59668590159e+17 0.1072393613 0.724014037719 0.140895943895
07 4.13203276361e+17 0.0645003352891 0.692945496563 0.160990161092
08 5.29604889682e+17 0.0447983397438 0.616860914227 0.15933981131
21 2.67905534822e+17 0.142779194703 0.994534749479 0.407325670355
22 1.98121708048e+17 0.166816886003 0.859301206043 0.297867831722
23 1.62439026789e+17 0.19454970572 0.821664086343 0.315994502395
