08 8.4254628194e+17 0.185883932021 4.07201121072 0.406635730876
09 7.09432722312e+17 0.179058002187 3.30276975452 0.35578155312
10 5.75700993885e+17 0.186429251812 2.79051514449 0.210559501094
11 4.99485966048e+17 0.197445938451 2.56415835804 0.250593129276
12 4.53566431576e+17 0.206797692976 2.4387087832 0.155066553991
13 4.06035073077e+17 0.211881166638 2.23681080947 0.216699831651
14 3.52389096895e+17 0.211466012269 1.93747624427 0.134700230501
15 3.44445891581e+17 0.205208568214 1.8377644542 0.186676151799
16 3.56789387904e+17 0.193475806244 1.79478297658 0.129581539119
17 3.6081723259e+17 0.177267029739 1.66298597659 0.190329789465
18 3.68225930676e+17 0.158221544458 1.51479316199 0.140478032598
19 3.49730582738e+17 0.13874266641 1.26158639292 0.200588378463
20 3.56482559486e+17 0.122469491144 1.13511417921 0.196236499793
21 3.48363530142e+17 0.115651871884 1.04751125328 0.287884176003
22 4.08681832355e+17 0.129553291831 1.37659799402 0.415649408376
