00 1.76754322267e+17 0.109624399277 0.503791246352 0.17553569391
01 2.5581882767e+17 0.103148293754 0.686069165195 0.256628438463
12 1.06895363715e+18 0.185518691213 5.15608287304 0.448609431504
13 8.69673275783e+17 0.172187856761 3.89342661342 0.343319022139
14 6.1723264548e+17 0.17738156409 2.84662799362 0.210662800412
15 4.86865426838e+17 0.188000683686 2.37980686083 0.236811372941
16 4.10905036927e+17 0.197422793826 2.10917253007 0.156569547141
17 3.25907581548e+17 0.208489831014 1.76665883168 0.216226582307
18 2.65115337603e+17 0.216520222202 1.49247362698 0.140788849284
19 2.02068217069e+17 0.211897495797 1.1132614786 0.199589014699
20 1.7356485919e+17 0.195056479561 0.88022871064 0.134406032756
21 1.49528149313e+17 0.16742737821 0.650912756212 0.190889191374
22 1.67175756999e+17 0.145626938924 0.632977637605 0.132150574661
23 1.92371427542e+17 0.125288145929 0.626648346649 0.194731869639
