00 3.40620217966e+17 0.190684986613 1.68873020428 0.556667206234
01 4.02701521861e+17 0.206142671781 2.15836315881 0.597943805571
02 3.2176756263e+17 0.220170543638 1.84193721892 0.701533568199
03 3.07498671661e+17 0.227443860599 1.8184058103 0.624743171267
04 2.44371566101e+17 0.226327127519 1.43800577968 0.694024804994
05 4.2471593997e+17 0.219047205725 2.41885383681 0.635856241709
06 4.84375336355e+17 0.210502404224 2.65101649409 0.512103623921
07 5.74403437134e+17 0.205488953128 3.06887258522 0.441491901794
08 5.83032898716e+17 0.205819328291 3.11998542922 0.305334268938
09 5.75884559379e+17 0.210417900745 3.15058692146 0.360053366445
10 5.27050077527e+17 0.21715112287 2.97568741974 0.237476536573
11 4.99224891407e+17 0.224025382528 2.9078152289 0.279621492431
12 4.77057833678e+17 0.22953146305 2.84699434561 0.192037648218
13 4.64558525988e+17 0.232650098934 2.81006926283 0.265045150651
14 4.20856753527e+17 0.232802124691 2.5473850067 0.17204016678
15 4.01215437302e+17 0.229800269594 2.39718480709 0.234517659112
16 4.15933355039e+17 0.223821261159 2.42046293016 0.175377612085
17 4.0324635209e+17 0.215377308136 2.25810295955 0.249046227669
18 3.87640765199e+17 0.205297313332 2.06912179846 0.193461286255
19 3.17159355429e+17 0.194708731934 1.60559609383 0.26011175353
20 2.97270127315e+17 0.185046704668 1.43023029385 0.239757385466
21 2.59679195919e+17 0.178067864653 1.20225351771 0.331877950725
22 3.00370570617e+17 0.17580694739 1.37298806076 0.389906026244
23 3.36246073321e+17 0.180176366522 1.57517348946 0.424075663933
