00 9.74991660616e+16 0.209961713174 0.532248390421 0.151462417529
01 1.13410532019e+17 0.181541970501 0.535308057917 0.235585417807
02 1.34156512511e+17 0.143573436608 0.50079410016 0.148497257379
03 1.58074266918e+17 0.100117486943 0.411475957206 0.193324550605
04 2.03435748087e+17 0.0573420872813 0.303301190996 0.132675386247
05 2.32266931311e+17 0.0515786576846 0.311480430079 0.172567470451
18 4.65345095984e+17 0.141291909356 1.70948692515 0.314317796796
19 3.10342624933e+17 0.170543222284 1.37609761297 0.32195372068
20 1.9113339354e+17 0.199367801035 0.990751953739 0.213740573418
21 1.50467044745e+17 0.220290620691 0.861808445691 0.293662209799
22 1.3557220208e+17 0.229570040775 0.809206214948 0.19096063411
23 1.200083492e+17 0.225634040938 0.704027188183 0.255435123188
