00 1.8453285404e+17 0.156358689661 0.750186196687 0.335773739874
01 1.60555267739e+17 0.183419239643 0.765672053365 0.346141629555
02 1.22185387495e+17 0.208250554208 0.661574541211 0.210098004119
03 9.89445375174e+16 0.224093471364 0.576493447004 0.29408968768
04 9.75371358989e+16 0.227821215622 0.577746750588 0.18786075063
05 1.33693716618e+17 0.218370349716 0.759063334971 0.270346116637
06 2.0478476232e+17 0.19618506553 1.0445685124 0.161209435114
07 2.84706839785e+17 0.16306563592 1.20707344889 0.223581870797
08 3.96363927228e+17 0.12225174417 1.25986071717 0.139448858179
09 5.81079203481e+17 0.0788977384145 1.19199170985 0.179939592915
10 7.9316198292e+17 0.0408104792309 0.841602336399 0.13310748474
23 2.48468451262e+17 0.153411415862 0.991065319531 0.458750908623
