00 1.83063255681e+17 0.216777197968 1.03178243005 0.261975472387
01 1.61043632787e+17 0.219779165859 0.920244917301 0.332040117452
02 1.46930561526e+17 0.22240133444 0.849616376791 0.251421419214
03 1.31016421673e+17 0.224263740383 0.763938052176 0.298631879524
04 1.2595619419e+17 0.225074274836 0.73708697578 0.222112519794
05 1.64641023131e+17 0.224662613162 0.961705744746 0.292890743402
06 2.16514797762e+17 0.222998216412 1.25534275692 0.208397378066
07 2.94774296542e+17 0.220192752274 1.68758625504 0.269698108506
08 3.64600493333e+17 0.216493276177 2.05227243774 0.19595592011
09 4.47604998082e+17 0.212256752259 2.47018676288 0.298846442457
10 5.18648999704e+17 0.207927385863 2.80387459791 0.25439609805
11 5.88852894266e+17 0.203987995586 3.12309196151 0.303195976177
12 6.43260391621e+17 0.200899898392 3.36000463022 0.269370361066
13 7.65334243245e+17 0.199021606727 3.96026932011 0.372200684007
14 8.06405282786e+17 0.198511723712 4.1621034701 0.343379311068
15 8.17300471212e+17 0.199251337471 4.23405351212 0.383858996489
16 8.5270230479e+17 0.200850379685 4.45290512357 0.378247548687
17 8.20254613039e+17 0.202776327694 4.32453367337 0.435488606193
18 7.11335459699e+17 0.204589011956 3.7838168906 0.416913854125
19 4.80845602899e+17 0.206131677552 2.57705528 0.440493495952
20 4.10737082788e+17 0.207564680728 2.21661729776 0.38914729249
21 2.96164145487e+17 0.209211078669 1.61098132885 0.42172299316
22 2.95509301251e+17 0.211334757795 1.62373605175 0.338523782218
23 2.14419322954e+17 0.213984980757 1.1929453821 0.353978643596
