12 9.07293657287e+17 0.145920865598 3.44221997139 0.350741487031
13 6.67609099217e+17 0.172986119434 3.00266479168 0.338268957002
14 4.83775593762e+17 0.200486583526 2.52175341565 0.222029880868
15 4.33032509133e+17 0.22039487388 2.48139177614 0.277342102662
16 3.84855718175e+17 0.228797323703 2.28940291659 0.184445142772
17 3.42326535692e+17 0.224089298172 1.99450454135 0.258939048669
18 3.03632593619e+17 0.206253482281 1.62825727396 0.160538965142
19 2.67889880317e+17 0.176630970061 1.23025888518 0.231480250707
20 2.56444949431e+17 0.137920781215 0.919596281873 0.148521522481
21 2.77727349174e+17 0.0944651259439 0.682124274462 0.198878028334
22 3.70240331386e+17 0.0528583680439 0.508827792228 0.139156808515
