00 3.87126598208e+17 0.205443709318 2.0678508321 0.569792144376
01 2.46910778433e+17 0.193986417012 1.24533076798 0.450767455254
02 1.92676749919e+17 0.196390391292 0.983836420043 0.272540570054
03 1.34326462011e+17 0.20528295061 0.716948244131 0.298944578749
04 1.24679188524e+17 0.215315966422 0.697980919215 0.188533666877
05 1.46608160737e+17 0.223411833579 0.851603948208 0.252619231022
06 1.81243632241e+17 0.227837921744 1.07364848498 0.157882167466
07 2.21433629122e+17 0.227712198887 1.31100160347 0.208904628939
08 2.57656268715e+17 0.22279542591 1.4925205913 0.139156358794
09 3.09976815642e+17 0.213393022037 1.71981912573 0.218427162716
10 3.66041639949e+17 0.200313124335 1.90639655791 0.152418716925
11 4.31925999806e+17 0.184846967043 2.07584548733 0.215228552119
12 5.25365255086e+17 0.168825409813 2.30607011678 0.172703096215
13 6.93583676258e+17 0.154805589806 2.79163638216 0.26210521554
14 8.81972742119e+17 0.146631904687 3.36245891954 0.300674043496
15 1.12608795174e+18 0.150443050313 4.40471476589 0.370638800861
16 1.60374905203e+18 0.173784118868 7.2463590132 0.541129845364
