00 4.57832783702e+17 0.13538685497 1.61159805788 0.418171076892
10 9.13469366002e+17 0.181986793898 4.32222339231 0.367923488243
11 7.46783015063e+17 0.179981088324 3.49457731461 0.315159204483
12 6.20543091478e+17 0.188995723641 3.04927975624 0.2060054205
13 5.0490847914e+17 0.199951581409 2.62488847064 0.251177694931
14 3.99387469203e+17 0.208410080787 2.16414574277 0.151901239274
15 3.60841776531e+17 0.212186340562 1.99070809819 0.200989885212
16 3.44376552575e+17 0.21029820448 1.88296603746 0.137748446939
17 3.14580949452e+17 0.202594336833 1.6570402897 0.195000761754
18 2.89294290452e+17 0.189602742988 1.42612576601 0.127666979819
19 2.46415123895e+17 0.172481444815 1.10505295143 0.186268003467
20 2.37823312806e+17 0.153045817913 0.946344449109 0.144113778349
21 2.25162889363e+17 0.133948308757 0.784164893851 0.218046375441
22 2.60646913586e+17 0.119309865114 0.808541450662 0.224061521504
23 3.49216568143e+17 0.116449612337 1.05731948353 0.301711860333
