00 1.40832601056e+17 0.218653738544 0.800632942975 0.192076147245
01 1.18245160577e+17 0.226295829763 0.695718054935 0.266588234651
02 1.06192805459e+17 0.230976288517 0.637728521873 0.17712843946
03 9.26155968156e+16 0.23181693298 0.558216453598 0.234320275704
04 9.10945079722e+16 0.228500099266 0.541192706969 0.15904947349
05 1.20384531106e+17 0.22119154895 0.692329063531 0.23260614918
06 1.75686402396e+17 0.210495718716 0.961512124064 0.153633489187
07 2.52254312431e+17 0.197440545972 1.29493595842 0.219696562543
08 3.45423174668e+17 0.183476641947 1.64780418761 0.163835457648
09 4.74806391837e+17 0.17056332199 2.10559844284 0.26315247882
10 6.46759882649e+17 0.161383931424 2.71379296628 0.292052982169
11 8.62766468504e+17 0.159750132238 3.58350349328 0.346555524763
12 1.17021870439e+18 0.170483258493 5.18707014473 0.475762315997
13 1.51989900329e+18 0.195752808478 7.73563696093 0.552084747118
19 9.76493056952e+17 0.223613516028 5.67728319188 0.658720039673
20 6.39979963259e+17 0.205849023491 3.42522051275 0.529908974742
21 3.61519276052e+17 0.199183946228 1.87222973708 0.454214731422
22 2.90294229705e+17 0.202245898291 1.52648124864 0.282067577228
23 1.86720879526e+17 0.210225234425 1.02058945743 0.308514764789
