00 1.94806785323e+17 0.174199410985 0.882315908741 0.230532608363
01 1.43698131221e+17 0.183758253204 0.686548657124 0.27318764447
02 1.15530673804e+17 0.194174929795 0.583262172355 0.158325448757
03 9.06463090672e+16 0.201667244751 0.475290176307 0.215304047625
04 8.76281222284e+16 0.214682779783 0.489118470545 0.143518241422
05 1.1326654975e+17 0.215163718533 0.633642152771 0.212656801209
06 1.628341086e+17 0.203138250027 0.860023732509 0.129221737567
07 2.21205075776e+17 0.179638423215 1.03316020651 0.176947954807
08 2.93105738097e+17 0.154103414379 1.17438347039 0.116628286027
09 4.05306304128e+17 0.133501267575 1.40683153929 0.18689401637
10 5.76815757272e+17 0.114814570701 1.72189819217 0.16868863611
11 8.08723697701e+17 0.103722333693 2.18095044019 0.238916122628
12 1.1777342933e+18 0.110623049186 3.38739852506 0.330525086061
23 3.11322465578e+17 0.173860133575 1.4072907017 0.35765040546
