00 1.46498268598e+17 0.124766534848 0.47523011469 0.154873933973
01 2.11377233354e+17 0.111318828177 0.611786913924 0.233027234091
02 3.10587241962e+17 0.112228048701 0.906271603034 0.347339984317
13 9.70849847407e+17 0.177824758699 4.48866963604 0.380896201474
14 7.02050994906e+17 0.177294760022 3.23621902929 0.235342964102
15 5.38799087189e+17 0.186812502703 2.61701455423 0.257860125582
16 4.45234257366e+17 0.197517901803 2.28648514447 0.169842958052
17 3.41866020517e+17 0.205201888126 1.8239403753 0.222028354694
18 2.71028550226e+17 0.209820916886 1.47855393167 0.13958050563
19 2.00481752619e+17 0.212126009447 1.1057122479 0.199040714192
20 1.6775946796e+17 0.202129871985 0.881639194357 0.135577541815
21 1.40098316084e+17 0.181017524198 0.65936650837 0.194494708016
22 1.52889333784e+17 0.162728156516 0.646864385377 0.131261907739
23 1.65611503259e+17 0.142590848782 0.613981805262 0.193881698386
