00 1.84987688313e+17 0.183351362268 0.881861361027 0.547794100273
01 1.72609215622e+17 0.195632332841 0.87796653157 0.456228637103
02 1.3322544744e+17 0.207680603165 0.719376873313 0.273362269684
03 1.15004834425e+17 0.211997441458 0.63389899699 0.356710502644
04 1.16513585187e+17 0.205596239295 0.622823628472 0.231906439432
05 1.71239519142e+17 0.187902502442 0.836584688257 0.317062501115
06 2.7762583891e+17 0.160057745898 1.15534031545 0.200899130855
07 3.98793512223e+17 0.12490967465 1.29514236448 0.271423153265
08 5.42666852135e+17 0.0876026756862 1.23601577458 0.194624111663
09 6.60530976392e+17 0.0554620731151 0.952494849992 0.203391170117
23 1.92043981839e+17 0.184230685951 0.919890257181 0.719969673967
