00 1.1198780424e+17 0.223786547573 0.651595466113 0.171520021456
01 1.20458391558e+17 0.216069474891 0.676711916665 0.253070867517
02 1.28196521119e+17 0.206937903157 0.689746701081 0.207907509339
03 1.36890675172e+17 0.197414918662 0.702630799121 0.26904271015
04 1.44765107573e+17 0.188772248374 0.710518505909 0.244831074445
05 2.13006521471e+17 0.182504681925 1.01074187368 0.321880390372
06 3.23859960488e+17 0.180228869942 1.51759178215 0.332044825327
07 4.98046968385e+17 0.183284154712 2.3733870578 0.401282003616
08 6.82693186198e+17 0.191767169298 3.40387163522 0.492089752866
09 8.85756842999e+17 0.20338263265 4.68383652405 0.540306686969
10 1.07017624323e+18 0.213792067328 5.9486749776 0.727511406645
11 1.31104765229e+18 0.219134798714 7.4697002481 0.605626742986
12 1.20252606006e+18 0.218343248775 6.82664961396 0.624898233102
13 1.25737214465e+18 0.213469010364 6.9786596718 0.620525840013
14 1.03935025324e+18 0.208336904346 5.62991037157 0.482105271802
15 8.82833886644e+17 0.20617766543 4.73253637249 0.426423599819
16 7.48394114504e+17 0.207978898905 4.04690478092 0.327239177016
17 5.81422782733e+17 0.212823783154 3.21725550206 0.349942676768
18 4.42125421999e+17 0.219076935787 2.51834654982 0.241882249072
19 2.8028442484e+17 0.225169871608 1.64090180683 0.286022930484
20 2.27138974152e+17 0.229872599711 1.35753868859 0.205335670169
21 1.60646966488e+17 0.232343361064 0.970456659603 0.275917780184
22 1.5877981077e+17 0.23210811288 0.958206138273 0.188273338679
23 1.34313651099e+17 0.229041274704 0.799847616308 0.25306812892
