00 2.77932906456e+17 0.189629536125 1.37031149125 0.34975739269
01 1.83397873449e+17 0.193501320474 0.922680997798 0.343802711905
02 1.453547076e+17 0.203399965246 0.768693704327 0.209668355309
03 1.07748991427e+17 0.213685210911 0.598633514921 0.257303050257
04 1.01434481857e+17 0.221316616462 0.583677544246 0.162833812137
05 1.24645519479e+17 0.224666129169 0.728094285869 0.229068260423
06 1.65507117967e+17 0.222983359256 0.959538661769 0.142018374693
07 2.12911326554e+17 0.216182219796 1.19671872305 0.195722186172
08 2.61710993827e+17 0.204753276935 1.39324077349 0.129828533625
09 3.33247092728e+17 0.189718205666 1.64379905237 0.211416750181
10 4.21005987141e+17 0.172641574892 1.88976155313 0.161292065836
11 5.29094518599e+17 0.15573395887 2.14234758394 0.223820528612
12 6.87028902373e+17 0.142231995528 2.54065478601 0.213138922944
13 9.87806844245e+17 0.13739887901 3.52881238001 0.321352341424
14 1.3856909186e+18 0.149964533827 5.40291680856 0.506681198153
23 3.85428427182e+17 0.199380956905 1.99802430437 0.513852742715
