00 1.1087884494e+17 0.166033759615 0.478650418664 0.136525648409
01 1.41768539798e+17 0.14735846929 0.543160670472 0.211291677518
02 1.89844228983e+17 0.131586849142 0.64950610191 0.217528262212
03 2.41907582237e+17 0.124322182876 0.781936445624 0.288320552047
04 3.26960019039e+17 0.135589979998 1.15264506348 0.411094242816
14 9.63692010534e+17 0.186317904896 4.66837998556 0.372734222852
15 7.23449389872e+17 0.184419334381 3.4688694284 0.323422722397
16 5.76483789627e+17 0.193186604316 2.89559258979 0.220626357463
17 4.11785595299e+17 0.204158192063 2.185804469 0.260296076486
18 3.07403154089e+17 0.213023458301 1.70258615739 0.158886195954
19 2.10700917009e+17 0.217585971719 1.19198465801 0.214948941799
20 1.6708634887e+17 0.216804683834 0.941852679031 0.145754604988
21 1.30260949152e+17 0.210431314724 0.712685552468 0.211058945002
22 1.34149953271e+17 0.198870475426 0.69364008962 0.13398247933
23 1.28745428544e+17 0.183125305656 0.612990194804 0.198605498486
