00 1.12069655897e+17 0.201227416061 0.586338669148 0.158431873365
01 1.01129848672e+17 0.220835823584 0.580660428932 0.243981313079
02 9.18147071473e+16 0.227732350506 0.543638655812 0.151653920898
03 8.47171729871e+16 0.221221587266 0.4872729544 0.224164689542
04 8.65929819819e+16 0.201787893932 0.454308802048 0.137874248703
05 1.20535052401e+17 0.171049454267 0.536053828266 0.205541547153
06 2.04447302479e+17 0.131764717855 0.70041246931 0.122389011171
07 3.24238050814e+17 0.0950703227053 0.80146081923 0.15850500244
08 5.23119124181e+17 0.0803305766573 1.09258398355 0.147296040692
09 7.46756634268e+17 0.0809141259558 1.57100216945 0.223375816115
21 3.17108753515e+17 0.159618094697 1.31602367124 0.348931753667
22 2.17622633091e+17 0.158664067472 0.897751195641 0.225865704523
23 1.57864424153e+17 0.173138163896 0.710641270099 0.245164556995
