00 1.44166192831e+17 0.203491571641 0.762751734074 0.315961346194
01 1.44312068587e+17 0.202309270955 0.759087404029 0.387692438099
02 1.33631264384e+17 0.191177075637 0.664228092807 0.241819549451
03 1.35441874848e+17 0.170027381871 0.598749511781 0.344900165564
04 1.49608308473e+17 0.140618109748 0.546978576041 0.24573617405
05 2.20201995301e+17 0.106788502518 0.611391074572 0.318626916833
06 3.53264663351e+17 0.0750390521623 0.689224783008 0.250034875169
21 2.16617879415e+17 0.193591931545 1.09032231576 0.833444166417
22 2.03455085123e+17 0.190065709185 1.00541571107 0.58356516451
23 1.88068932544e+17 0.197682774392 0.966627697419 0.475305205018
