00 1.84208147507e+17 0.13986031394 0.669848642856 0.226790586791
01 2.73042855553e+17 0.137188608597 0.973917605459 0.321844662181
02 3.65110279905e+17 0.153825551304 1.46024554243 0.510777385442
11 1.07762970935e+18 0.196482821764 5.50512887886 0.474351954187
12 8.56367330541e+17 0.189145536132 4.21142950439 0.32644792939
13 6.99999558777e+17 0.194952915108 3.5481408185 0.32440100294
14 5.26220370793e+17 0.205330653922 2.80927849389 0.193579820591
15 4.36273714293e+17 0.21527015877 2.44183450531 0.238932784246
16 3.91734247332e+17 0.222086841015 2.26197455919 0.164387423635
17 3.26587937718e+17 0.224363020875 1.90513066348 0.223353833379
18 2.76438241168e+17 0.221505719533 1.59204893942 0.144162249299
19 2.12284154816e+17 0.213561196854 1.17872711257 0.20342032152
20 1.8815090208e+17 0.201143528857 0.983978746452 0.146501172086
21 1.58827780649e+17 0.185400314305 0.76561473177 0.218736752361
22 1.77538974358e+17 0.168036781757 0.775660025075 0.166459326777
23 2.00398815824e+17 0.151466596563 0.78919689129 0.239021837936
