00 1.42264615311e+17 0.141827488803 0.524602861512 0.165678522434
01 2.00861841328e+17 0.128177932841 0.66939744581 0.247121973198
02 2.88068727039e+17 0.125808027538 0.942275316952 0.359959811612
03 3.57160761954e+17 0.146107843831 1.35678370959 0.440746525929
12 1.11782484604e+18 0.19898704045 5.78324910426 0.532208889778
13 9.41886860842e+17 0.183881971421 4.5030963335 0.392411166781
14 6.82317112884e+17 0.187016246359 3.31771401723 0.23604227842
15 5.28516039565e+17 0.19723933585 2.71034796838 0.26383950211
16 4.45601263879e+17 0.207826096186 2.40779684932 0.176643586049
17 3.46026962556e+17 0.215382587412 1.93773274525 0.230712620882
18 2.76474356884e+17 0.218184475241 1.56838272433 0.145172803776
19 2.02972271373e+17 0.215489349302 1.1371974298 0.201736714382
20 1.70845297728e+17 0.207283862578 0.920750303626 0.139849833884
21 1.40246148551e+17 0.194180100027 0.708058290003 0.206322367692
22 1.52177441637e+17 0.177376811867 0.701811485327 0.140339449342
23 1.60416990112e+17 0.158691183962 0.661875814299 0.208155640815
