00 1.12122660553e+17 0.233063817388 0.679425117386 0.173107266881
01 1.09445094273e+17 0.231648765431 0.659173345241 0.251232270737
02 1.08232382769e+17 0.227170406479 0.639267054082 0.184228427798
03 1.06185661405e+17 0.219973303974 0.607308280121 0.242881554678
04 1.07443891302e+17 0.210719778765 0.588654378127 0.182699814655
05 1.50202520901e+17 0.200376880344 0.782524926507 0.264841541367
06 2.2837942813e+17 0.190202490802 1.12939673804 0.209970158274
07 3.53360063381e+17 0.181759286807 1.66988830076 0.287960406306
08 5.15626887328e+17 0.176908086376 2.37168271395 0.270736745185
09 7.07027077293e+17 0.177639476923 3.26549392471 0.376997229624
10 9.167125653e+17 0.185286625598 4.41621902455 0.550690821716
11 1.19296858129e+18 0.198811667884 6.16657790788 0.532332756975
12 1.36410966594e+18 0.213664326248 7.57800089024 0.648233544227
13 1.53737479046e+18 0.223987167495 8.95315784202 0.636960996502
14 1.4481606942e+18 0.226451970311 8.52640990574 0.688762396677
15 1.41558175852e+18 0.221666829887 8.15847554228 0.620641122413
16 1.0728138358e+18 0.213488535047 5.95486980879 0.580537962827
17 8.97780025222e+17 0.206977977335 4.83133803651 0.510030263601
18 6.55541161468e+17 0.20526257311 3.49850970514 0.377916317093
19 3.79604634951e+17 0.208319981833 2.05605999708 0.367172872658
20 3.0170816923e+17 0.214344846532 1.68140937201 0.261281581217
21 1.96179837107e+17 0.221277132336 1.12866290621 0.313272449324
22 1.83127622544e+17 0.227433179259 1.08288173254 0.208625199326
23 1.40324214159e+17 0.231613522365 0.845025623376 0.266032569462
