02 2.55798825974e+17 0.212442519825 1.41290622611 0.556417517439
03 2.22601480397e+17 0.192339971504 1.1131942223 0.456300120934
04 2.28715479144e+17 0.190505714266 1.13286174867 0.284482696816
05 2.27888129539e+17 0.198545219461 1.17639856599 0.304832010225
06 2.42680165746e+17 0.209149467529 1.31966711359 0.190184088555
07 2.66251819486e+17 0.218272113712 1.51099903289 0.228914643658
08 2.79714431962e+17 0.223735968143 1.62713666021 0.151635931178
09 3.06831020575e+17 0.224423802618 1.79036479436 0.223708513744
10 3.30243550795e+17 0.219958630432 1.88863789769 0.141592807347
11 3.6000648721e+17 0.210573757301 1.97100588528 0.203051198465
12 4.07119188019e+17 0.197046764227 2.085759485 0.137674118091
13 4.75964143608e+17 0.180686636451 2.23600936468 0.213630082935
14 5.36767204858e+17 0.163379883542 2.28012104889 0.165678129456
15 6.35740084006e+17 0.147813098496 2.44323850302 0.235755761163
16 8.21968322255e+17 0.138127582261 2.95194892325 0.257018181929
17 1.08737553098e+18 0.14135878477 3.99646217485 0.353241288177
18 1.44325144256e+18 0.16704022641 6.26810724103 0.520073594642
