00 2.22475637644e+17 0.172405609938 0.997257248117 0.324443001889
01 2.99354089024e+17 0.176378489258 1.37279017136 0.422076205366
02 3.1242225237e+17 0.188904854693 1.53447008486 0.603758095303
03 3.36227831608e+17 0.207323447084 1.81240573942 0.567867580709
04 2.52376707041e+17 0.224602882208 1.47379793089 0.698251674654
06 5.19195398046e+17 0.233617870437 3.15362640404 0.663631456332
07 6.83470474055e+17 0.225075625053 3.99964614798 0.634423912863
08 7.91096481696e+17 0.213706228799 4.39561838871 0.546578701646
09 8.47055377538e+17 0.205727811069 4.53083406555 0.512408252506
10 7.51104362476e+17 0.204178747252 3.98734824242 0.365236075303
11 6.80623338656e+17 0.208117941022 3.68289812416 0.336444006707
12 6.02300836676e+17 0.21500492221 3.36693875795 0.235013494815
13 5.54081128982e+17 0.222444200749 3.20455548105 0.298719830242
14 4.67536755882e+17 0.228654057303 2.77950858043 0.186768053572
15 4.17540902652e+17 0.232441988682 2.52340498198 0.245617304905
16 4.05313815039e+17 0.233116108929 2.45661466588 0.178179749559
17 3.63129726657e+17 0.230414848067 2.17543250071 0.245008108025
18 3.24770959149e+17 0.224471507955 1.89544750044 0.173976607612
19 2.51431298512e+17 0.215782354609 1.41061537799 0.235428606839
20 2.30617671803e+17 0.20518294981 1.23028916865 0.188375593228
21 1.9207321339e+17 0.193838141195 0.96800898108 0.271897130942
22 2.16000572758e+17 0.183256313586 1.0291701861 0.240936760563
23 2.3239464349e+17 0.175339712203 1.05944825758 0.309320517986
