00 3.20451505768e+17 0.0362696948433 0.302189636484 0.135276690198
13 8.94873839786e+17 0.15224847114 3.54232252323 0.500872023136
14 7.05736847307e+17 0.165919827554 3.04448913609 0.357509276302
15 5.81242480389e+17 0.189655324973 2.86612901916 0.346427948866
16 4.59285292805e+17 0.211093535566 2.52075606358 0.22203714724
17 3.66833670987e+17 0.223463420207 2.13132157591 0.299890922684
18 2.93407341717e+17 0.223803671666 1.70730664962 0.191669355365
19 2.37171526474e+17 0.211263168189 1.30274581027 0.264941234747
20 2.00124465896e+17 0.186531861927 0.970569320256 0.170543433283
21 1.97165659302e+17 0.151709951625 0.777711808503 0.251672535007
22 2.39994480032e+17 0.110491620478 0.689451854114 0.163294365802
23 3.1390242843e+17 0.0688355088928 0.561798468495 0.18613265029
