00 2.81579357003e+17 0.178703949526 1.30830292324 0.398207322437
01 2.06387882187e+17 0.16659054627 0.893939020965 0.341922475787
02 1.57390441179e+17 0.172323421672 0.705173543423 0.20053641795
03 1.09092819248e+17 0.18257570201 0.517860149517 0.238987542291
04 1.02858707601e+17 0.199949228237 0.534729499257 0.154029688036
05 1.27066163952e+17 0.217164485805 0.717450712102 0.227129420567
06 1.68766835563e+17 0.221733151339 0.972951259558 0.142572191098
07 2.1222504762e+17 0.213298238705 1.17694795053 0.196672181966
08 2.60492610034e+17 0.192570049926 1.30423994791 0.125710805082
09 3.3698513888e+17 0.161308261656 1.41332066087 0.187361585165
10 4.41160674366e+17 0.129440926497 1.48471040702 0.124528410774
11 5.80973470787e+17 0.109307665328 1.65112619644 0.183080414308
12 8.02704286418e+17 0.0952643899287 1.98819748761 0.188379194067
13 1.20185631012e+18 0.0966711621786 3.02080600304 0.271082816886
