00 2.75598823019e+17 0.0982423532638 0.703962400183 0.266937467857
11 1.03253516089e+18 0.185442809727 4.97838175581 0.423661690373
12 8.99557614986e+17 0.169516085986 3.9647266363 0.303960189082
13 6.77668465796e+17 0.173714610588 3.06074375473 0.289587874741
14 4.91077665112e+17 0.184039363269 2.34981814088 0.172593407435
15 4.1267869881e+17 0.193341120561 2.07448181355 0.210445604673
16 3.66227315075e+17 0.211672100252 2.01552272874 0.150263750143
17 3.10199294591e+17 0.219449095075 1.76989681677 0.215436118035
18 2.66197697603e+17 0.214372206077 1.48370007989 0.137751546255
19 2.14305704532e+17 0.19689449147 1.09708593054 0.193213489413
20 1.94443014084e+17 0.168494818169 0.851828647859 0.129862693249
21 1.78295756404e+17 0.139785551415 0.648002436221 0.185940957894
22 2.08109144627e+17 0.119228427053 0.645125675199 0.145542985314
23 2.65627883532e+17 0.102901939497 0.710674234398 0.213371611312
