00 8.83538399768e+16 0.220604699109 0.506773079363 0.135356161998
01 9.22205403145e+16 0.211520058375 0.507168845839 0.210618638718
02 9.58811310952e+16 0.190285456702 0.474364405307 0.133309573023
03 1.01073924756e+17 0.158706436745 0.417068143594 0.182895810493
04 1.14830593068e+17 0.130484371892 0.389573543074 0.127186675769
05 1.55994521657e+17 0.110577111927 0.448485015716 0.193273025626
06 2.8313163814e+17 0.0969972099689 0.71403745279 0.198679062497
07 4.54854139128e+17 0.0992662326361 1.17394307654 0.274429370375
18 6.41772355352e+17 0.17582002453 2.93374721278 0.378025025976
19 3.76425414937e+17 0.167969316828 1.64392591438 0.326652593755
20 2.50639308548e+17 0.175210305641 1.14177933627 0.203260001624
21 1.6690974634e+17 0.185590256331 0.805397387789 0.247292350675
22 1.41948966437e+17 0.201739931677 0.744556144556 0.157866655632
23 1.132907275e+17 0.217415718903 0.640410809076 0.219256800591
