00 1.37053244481e+17 0.204833373604 0.729900039189 0.18134360122
01 1.13221193472e+17 0.214366267339 0.631040920335 0.248643564698
02 9.96232280734e+16 0.220151791642 0.570238035888 0.155164817377
03 8.55134908676e+16 0.2209588393 0.491269003851 0.213781965645
04 8.46253220427e+16 0.216363462961 0.476055521015 0.139847384746
05 1.12021455427e+17 0.206589629972 0.601704246664 0.208625851675
06 1.68528958865e+17 0.1924424634 0.843235327954 0.132856681838
07 2.44758306105e+17 0.175289998765 1.11549576255 0.194366197198
08 3.4631818143e+17 0.157120777623 1.41475833126 0.14471169897
09 4.96845565049e+17 0.140810621807 1.81898945687 0.235240147099
10 7.24969840403e+17 0.130912250496 2.46759326708 0.285376094264
11 1.01859196245e+18 0.135450485768 3.58718817893 0.355540396866
21 4.52931444057e+17 0.190334088334 2.24141563054 0.478459479637
22 3.13266046303e+17 0.186796629211 1.52144307889 0.283815024567
23 1.94895647602e+17 0.194673629991 0.986467122888 0.296765242544
