08 7.49686672532e+17 0.175991775252 3.43040589792 0.335652902465
09 6.23094379948e+17 0.176554272093 2.86025934213 0.31728233371
10 5.15844715266e+17 0.186352333895 2.49935053204 0.185862713538
11 4.57948444499e+17 0.196860412957 2.34394991732 0.232611815983
12 4.25910267527e+17 0.204065102215 2.25974897921 0.143924136636
13 3.90562047595e+17 0.212191543152 2.15472305297 0.21014054413
14 3.47458303128e+17 0.213061205351 1.92477700672 0.134111992027
15 3.49320965889e+17 0.201572824193 1.83075395475 0.187192683457
16 3.71855767061e+17 0.178723922211 1.72794755084 0.125954104381
17 3.92555895127e+17 0.158306131381 1.61574413282 0.183916494824
18 4.20284523708e+17 0.137959083786 1.50753376333 0.143042298355
19 4.24969530792e+17 0.119304450757 1.31821966795 0.204072271397
20 4.26082035933e+17 0.107716001152 1.19329217991 0.232869442328
21 4.43949766172e+17 0.113086472815 1.30532254225 0.32018688892
