00 2.25982993307e+17 0.19013710881 1.11716157768 0.27437082875
01 1.58281776377e+17 0.19867064794 0.817594519817 0.308095769563
02 1.28264150054e+17 0.209339325206 0.698118996128 0.189454970621
03 9.89309303895e+16 0.218241864585 0.561362638548 0.242650921972
04 9.42861333204e+16 0.223289547793 0.547380809878 0.154761511274
05 1.18276843618e+17 0.223434400099 0.687105005581 0.22194286915
06 1.62497162244e+17 0.218363906556 0.922571393946 0.138011379284
07 2.1520687827e+17 0.208371972097 1.16592012248 0.192957440939
08 2.72805403848e+17 0.194303271712 1.37818154522 0.130583443208
09 3.57547282918e+17 0.177540211742 1.65045452824 0.212916421459
10 4.68064780497e+17 0.16006890553 1.94798804541 0.174548062307
11 6.06840526655e+17 0.144740087952 2.28368793122 0.23756669694
12 8.13599484856e+17 0.136035951113 2.87764827343 0.259158782322
13 1.19074843843e+18 0.141652949783 4.38549874758 0.36533074793
22 5.58674901289e+17 0.208207354109 3.02432579812 0.553984160423
23 3.27847786276e+17 0.190395504587 1.62293936209 0.418558317209
