00 9.7106816667e+16 0.227550564156 0.574514483816 0.147889211931
01 1.0166501906e+17 0.21973081983 0.580812387638 0.226019419246
02 1.06606169698e+17 0.208531390862 0.577999053883 0.167719714916
03 1.12288153452e+17 0.195039819467 0.569417190617 0.229043272974
04 1.21645293903e+17 0.180785151482 0.571783235019 0.187495679177
05 1.74462714415e+17 0.167837569956 0.761316348921 0.267972983021
06 2.87721881502e+17 0.159075914245 1.19001015505 0.262154898738
07 4.70750351349e+17 0.158654805909 1.94185694625 0.348687896987
08 7.00967785088e+17 0.171753399187 3.13023359504 0.494870101303
09 8.6158364638e+17 0.199864232182 4.47719360255 0.563184639963
15 1.38820703626e+18 0.223115441011 8.05299105285 0.645818604
16 9.94790970746e+17 0.204858274041 5.29857019376 0.521494174851
17 7.5543245987e+17 0.19846315135 3.89806317206 0.422897093708
18 5.30939050241e+17 0.201992515006 2.7883885659 0.280909895682
19 3.08653002286e+17 0.210300048158 1.68765327237 0.30313822207
20 2.3567399821e+17 0.219411672627 1.34445027969 0.203898825799
21 1.58500214866e+17 0.22681965595 0.934725069302 0.269595420339
22 1.48059101089e+17 0.231021642281 0.889326273894 0.173798055326
23 1.20447218187e+17 0.231214134702 0.724076582593 0.234006527921
