00 4.17339631756e+17 0.232239366994 2.51998998941 0.714151416282
01 4.03824191324e+17 0.230497319322 2.42009023301 0.67318660436
02 2.78448329767e+17 0.221769846239 1.60553752522 0.642259007814
03 2.54946620142e+17 0.211474922073 1.40178523231 0.56457883516
04 2.50895536221e+17 0.205163447523 1.33833942266 0.447893168818
05 3.05728494632e+17 0.204953818043 1.62916577874 0.399322328119
06 3.12686910099e+17 0.209568059157 1.7037589107 0.267298058267
07 3.55943961089e+17 0.216568893175 2.00424613182 0.291690056352
08 3.66365240002e+17 0.223757919253 2.13140521853 0.195900438425
09 3.85910634969e+17 0.229513647036 2.30286568881 0.275841619494
10 3.89526023452e+17 0.232760342942 2.35732148089 0.183021767765
11 3.99653959676e+17 0.232892397873 2.4199855937 0.241034181557
12 4.17440067363e+17 0.22971953786 2.49324762334 0.167198601635
13 4.46265212148e+17 0.223430331913 2.59243879626 0.245863025859
14 4.47574665325e+17 0.214565246703 2.49688318057 0.168555306152
15 4.63899169128e+17 0.20399386511 2.46044719782 0.239596023874
16 5.28205729597e+17 0.192906362419 2.64925039354 0.200152673515
17 5.74665094811e+17 0.182825526785 2.73164966577 0.285621579826
18 6.05810199541e+17 0.175653113887 2.76672364733 0.284032478481
19 5.23962931813e+17 0.173656920282 2.3657345161 0.364354313508
20 4.82172202489e+17 0.179046798387 2.24461611729 0.479198818855
21 5.9478007561e+17 0.192368934815 2.97484744944 0.517069155369
22 7.03732557804e+17 0.210116583442 3.84451289827 0.709290898072
23 5.42190150186e+17 0.225330730942 3.17647467412 0.638521684772
