00 2.48917695379e+17 0.0670894068569 0.434193254018 0.201946646938
15 7.50325068209e+17 0.181356427692 3.53798312342 0.590790447011
16 5.74850411291e+17 0.191072254255 2.85578706257 0.353823938706
17 4.38450657523e+17 0.204470959774 2.33091109569 0.395946109201
18 3.22662023431e+17 0.211878144844 1.77749080434 0.262956137964
19 2.5362917383e+17 0.209180991622 1.37941445423 0.328995856707
20 1.91054444522e+17 0.195145937554 0.969370966207 0.209447133172
21 1.870655077e+17 0.170384708469 0.828700651847 0.311096668988
22 2.17873187442e+17 0.137150005743 0.776914031631 0.210434763454
23 2.72516129785e+17 0.0997236313898 0.706583749936 0.267579109326
