00 1.57899122584e+17 0.218828022049 0.898371569635 0.216721660903
01 1.30760899824e+17 0.225724125775 0.767413134757 0.2870879665
02 1.17122215403e+17 0.230804713919 0.702841344911 0.197263126732
03 1.01266655119e+17 0.233146612132 0.613859416637 0.252256050745
04 9.85106053663e+16 0.232274417969 0.594918831657 0.174130244479
05 1.28731678024e+17 0.228116715087 0.763512035482 0.248483282199
06 1.81030766284e+17 0.220971741604 1.04006977645 0.166511799731
07 2.53716519303e+17 0.211481513482 1.39506519094 0.23111200291
08 3.33073878622e+17 0.200614702027 1.73730743973 0.168018459711
09 4.3957317417e+17 0.189657846879 2.16758104573 0.268824273142
10 5.64832441656e+17 0.180245916573 2.64702727007 0.261257370411
11 7.11438577671e+17 0.174397772406 3.22590588188 0.317038255159
12 8.7760851172e+17 0.17444582429 3.980473646 0.363562951054
13 1.15747053054e+18 0.182334332144 5.48721202023 0.468820755229
14 1.39323111905e+18 0.197586374579 7.15737062987 0.64303646905
15 1.58446463968e+18 0.215333878683 8.87091182898 0.598971961388
16 1.51479161351e+18 0.228469486542 8.9981752161 0.702912451607
17 1.36605347763e+18 0.232616083985 8.26191627251 0.672625565638
18 1.11791708626e+18 0.227821672241 6.62182924048 0.672892404908
19 8.31900228501e+17 0.217791929006 4.71071004315 0.631186873512
20 6.05292999133e+17 0.208463815602 3.28072389207 0.526919953359
21 3.69650441941e+17 0.204394261935 1.96441516061 0.47576794823
22 3.13330120818e+17 0.206230186736 1.68007136248 0.318689015752
23 2.01045254281e+17 0.212014591152 1.10823771212 0.331396077018
