00 9.99207097544e+16 0.230652456669 0.599220886602 0.153901700752
01 1.02459143771e+17 0.224800377753 0.598854209821 0.232029348009
02 1.05421532196e+17 0.215507291123 0.590696829569 0.170647158139
03 1.087873458e+17 0.203630534851 0.575963060668 0.231457039645
04 1.15355950039e+17 0.190424446892 0.57113141753 0.183833830506
05 1.64141699169e+17 0.177575976594 0.757838185773 0.264373557596
06 2.64978860237e+17 0.167339058389 1.15287413709 0.239669707386
07 4.30551003655e+17 0.162787818757 1.82229992746 0.324863170574
08 6.5967602925e+17 0.167917737238 2.88005395969 0.409350660865
09 8.59180354561e+17 0.185907526971 4.15293046841 0.492328539113
15 1.43394172946e+18 0.226059424681 8.42805710211 0.654583203162
16 1.02575000075e+18 0.209026421299 5.57463014692 0.55683156767
17 8.05914141647e+17 0.200978580794 4.21125849119 0.455490237944
18 5.69477615299e+17 0.202348227621 2.99605243926 0.308289559335
19 3.27811309594e+17 0.209248411948 1.78344389473 0.319946947321
20 2.53140256009e+17 0.217894148187 1.43410229183 0.215968845799
21 1.67421972188e+17 0.225661778671 0.982299240849 0.28036382222
22 1.55812451178e+17 0.230887333804 0.935353157076 0.182415934204
23 1.24476780235e+17 0.232602013572 0.752792292866 0.241922009806
