00 3.42556755286e+17 0.0920444837279 0.819791951882 0.294215756052
11 9.83423288373e+17 0.177593085434 4.54087857782 0.392044883938
12 8.71438857346e+17 0.163597161982 3.70668802148 0.281648108682
13 6.4651578056e+17 0.168566897962 2.83351014992 0.273271411982
14 4.6985820583e+17 0.178455621174 2.18006978762 0.163381501939
15 4.0227047804e+17 0.203346996792 2.12681283379 0.219247748869
16 3.59727808105e+17 0.220018452276 2.05781564507 0.154627566329
17 3.09928495969e+17 0.223871133682 1.80398513757 0.220909196868
18 2.69797497387e+17 0.214570792869 1.50515723614 0.139765595546
19 2.22318942304e+17 0.192882413822 1.11491676997 0.196545991278
20 2.05126478607e+17 0.160649122097 0.856788106386 0.131310800053
21 1.9450182743e+17 0.12260440717 0.620016312383 0.177317224604
22 2.32087768884e+17 0.102567497148 0.618921200901 0.146122551062
23 3.06448311639e+17 0.0894080950033 0.712372953777 0.212568029745
