00 1.13835612697e+17 0.131701955397 0.389801692436 0.115708189154
01 1.51341846596e+17 0.109465831792 0.430735789189 0.176416552469
02 2.19975806884e+17 0.0936395227047 0.535559168642 0.189029381262
03 2.77203823776e+17 0.0912428069153 0.657614229192 0.265996281843
14 9.65187774495e+17 0.183728296528 4.61063994659 0.404573269725
15 7.87372459674e+17 0.165113655693 3.38015457542 0.33039889843
16 6.10111242691e+17 0.168219984244 2.66845549445 0.217140836755
17 4.18872483598e+17 0.178016753304 1.93872430904 0.246437871115
18 3.02328247883e+17 0.197863372141 1.55531185211 0.154561848833
19 2.09133811923e+17 0.216940741787 1.17961075158 0.222186163223
20 1.60971923425e+17 0.223437731532 0.935147236671 0.151058307444
21 1.29498309008e+17 0.21680803043 0.729983106321 0.22327628371
22 1.33477332343e+17 0.197602257957 0.685760978684 0.136191640472
23 1.32002033827e+17 0.167438604667 0.574658145287 0.190694215172
