00 1.24587199876e+17 0.117352664014 0.380136634993 0.117227675848
01 1.71821417325e+17 0.0980611184792 0.4380740094 0.179426350771
02 2.59007574994e+17 0.0871927828201 0.587173372115 0.22371335558
03 3.18010232957e+17 0.0956214335806 0.790623453585 0.308121725099
14 9.12436686055e+17 0.171251186965 4.06265250344 0.348299260464
15 7.14819925128e+17 0.162942608451 3.02834020251 0.302617204878
16 5.49519874561e+17 0.16984775065 2.42670258042 0.194642143616
17 3.89024019109e+17 0.18366210623 1.85767323881 0.236721181361
18 2.88067200526e+17 0.209095179314 1.56607003666 0.155529593429
19 2.04778829405e+17 0.22269718549 1.18569539287 0.222295314227
20 1.61047295115e+17 0.223263603104 0.93485598382 0.149992603678
21 1.32324315532e+17 0.210730135943 0.725002746019 0.221147555216
22 1.39247572499e+17 0.18613186982 0.673878686966 0.135777979819
23 1.43129490287e+17 0.151581481187 0.564090283619 0.185602473309
