00 8.81006113657e+16 0.218584640467 0.500693451967 0.135643999009
01 9.72632471703e+16 0.198326960645 0.501538029038 0.2106861712
02 1.07692629837e+17 0.167061912065 0.467774753055 0.134693437115
03 1.20056075246e+17 0.127599765768 0.398297304089 0.175568197308
04 1.4606462909e+17 0.0992214058232 0.376811183823 0.131802040843
05 1.90134376633e+17 0.0849295940669 0.419848921066 0.197677912636
06 3.24461593039e+17 0.0863572951059 0.728510264056 0.279998181058
17 6.74546950444e+17 0.181298171232 3.17964734167 0.419447133102
18 5.3665310217e+17 0.161075718697 2.2474863872 0.283753511785
19 3.22094052908e+17 0.163445111722 1.36876216003 0.278778444583
20 2.0975033407e+17 0.174508674986 0.951684574784 0.171972674912
21 1.48364523232e+17 0.203414208415 0.784665753305 0.247782536435
22 1.31514049984e+17 0.221146407106 0.756180350589 0.163446186745
23 1.1063494858e+17 0.226042246332 0.6502124798 0.224823165064
