00 9.2949169916e+16 0.187797091783 0.453845178641 0.119945493366
01 1.08131382284e+17 0.17018974991 0.478474175617 0.192765816218
02 1.29669191252e+17 0.150723980799 0.508150674006 0.154548844362
03 1.54010686703e+17 0.132234755312 0.529504702262 0.213850147057
04 1.95172986127e+17 0.119210252478 0.60493214478 0.233277525118
05 2.70630329817e+17 0.119758809143 0.842669516439 0.313576493551
15 1.07414075647e+18 0.197723561942 5.52195634631 0.511139632247
16 8.61302736513e+17 0.180279513935 4.03715620593 0.358868252464
17 5.72126348153e+17 0.182862184773 2.72012712372 0.316847862446
18 3.90903481724e+17 0.193110263996 1.96267433837 0.196117101639
19 2.43523992676e+17 0.203692965169 1.28970722811 0.238342351068
20 1.80025635803e+17 0.211033269101 0.98777635958 0.156067154323
21 1.31750460696e+17 0.213362557589 0.730875996699 0.220106850361
22 1.26521339353e+17 0.209954686058 0.690657450168 0.1377911679
23 1.12135502447e+17 0.200849478776 0.585581287689 0.194763178394
