00 8.88470919939e+16 0.213811230918 0.493909158671 0.134002749626
01 1.00170450705e+17 0.189540189796 0.493644482203 0.207687881191
02 1.14041724053e+17 0.155030806221 0.45967949099 0.133901528247
03 1.30198806445e+17 0.113502000094 0.384223448476 0.168811023293
04 1.63430301681e+17 0.0910996614431 0.38709957397 0.141725014558
05 2.10114359558e+17 0.0809852959531 0.442420513413 0.209498117539
17 6.75539164622e+17 0.171033923854 3.0040429651 0.380523531241
18 5.00582027013e+17 0.158972534428 2.06904863161 0.258164899754
19 3.01153499338e+17 0.164436542621 1.28753664596 0.261809553917
20 1.98232810655e+17 0.185844480889 0.957852318578 0.170889727463
21 1.43188628837e+17 0.211321760397 0.786730700983 0.248761998611
22 1.29012463108e+17 0.224931024054 0.754491541508 0.162557077527
23 1.10564849064e+17 0.225382299414 0.647903357827 0.224013015648
