00 1.01761166277e+17 0.22785146302 0.602847195985 0.179042846316
01 1.06101057638e+17 0.220762398413 0.609001222913 0.271971401766
02 1.07229767483e+17 0.20078201061 0.559775016124 0.161377220413
03 1.13030194925e+17 0.169462095347 0.498012675407 0.242421778232
04 1.29370856942e+17 0.1297680685 0.436493361865 0.153216814025
05 1.71111597372e+17 0.086469344323 0.384693598402 0.196996918104
06 2.63441931397e+17 0.0466474097844 0.319510976935 0.135970635878
20 2.36098603158e+17 0.154191640249 0.946515202921 0.364259472759
21 2.04952019439e+17 0.18035737444 0.961079810914 0.355329932958
22 1.60156236714e+17 0.205666674607 0.856408816185 0.239026706113
23 1.32083792038e+17 0.22264185492 0.764591892072 0.290353572744
