00 2.60647339163e+17 0.0555315709312 0.376328061271 0.148798014915
13 9.06716489303e+17 0.151257325201 3.56583528307 0.381145837417
14 6.63818405528e+17 0.150302646852 2.59411524788 0.237384010128
15 5.32066047429e+17 0.183193534877 2.53424756043 0.277463543582
16 4.29123737743e+17 0.210217250776 2.34543952217 0.186584884195
17 3.40187396243e+17 0.22670748772 2.00519877886 0.264005927476
18 2.74432571863e+17 0.230363247535 1.64369864058 0.165961260533
19 2.1767716564e+17 0.220487138274 1.24787039831 0.235209186446
20 1.86221047848e+17 0.197718494855 0.957302977562 0.152940291252
21 1.73729329423e+17 0.163950429609 0.740557953059 0.224629529757
22 2.02507704552e+17 0.1223972303 0.644445935942 0.139309782705
23 2.57111920879e+17 0.0779286742846 0.520946169559 0.165304940146
