00 1.23426614002e+17 0.125381276841 0.402360047953 0.123984351352
01 1.69703724436e+17 0.0808838785132 0.356883681192 0.151609635658
02 2.54216170313e+17 0.0683184475445 0.451559006508 0.175488513893
15 7.98877213783e+17 0.153859229245 3.19578044172 0.345082527695
16 6.13958027979e+17 0.150636420793 2.40459543616 0.212506065372
17 4.22247418326e+17 0.181162225154 1.98887732861 0.267796259865
18 3.01973683366e+17 0.209061716341 1.6414095499 0.172391765077
19 2.1338483916e+17 0.225860255265 1.2530740103 0.242905065708
20 1.6213965842e+17 0.22964704665 0.968107236226 0.160844043208
21 1.34460760491e+17 0.219898458542 0.768760563122 0.240143438877
22 1.39595108158e+17 0.197324991601 0.716185692163 0.146251792622
23 1.42632186257e+17 0.163823655245 0.607529678812 0.204511340094
