00 1.06159123351e+17 0.2044333307 0.56426404244 0.144279564166
01 9.67725083028e+16 0.208355069901 0.52423911103 0.213506553391
02 9.01791445378e+16 0.212137098283 0.497388893245 0.137942862752
03 8.38560167126e+16 0.20500572312 0.446965046947 0.197160159917
04 8.55512697587e+16 0.186198300502 0.414167026906 0.125108784626
05 1.17972682666e+17 0.16802727806 0.5153883476 0.192242652913
06 1.94004182679e+17 0.148160396732 0.74733715351 0.131901116038
07 3.08588984723e+17 0.128642172615 1.03213649344 0.195156752747
08 4.96768679287e+17 0.113779719551 1.46957722629 0.178870859793
09 7.39963294495e+17 0.111294956989 2.14120875889 0.27048557452
20 4.79287128783e+17 0.180096507629 2.24426638918 0.39158819545
21 2.77016508272e+17 0.17686495366 1.27385730937 0.33489046117
22 2.06842579284e+17 0.18558991284 0.998085302783 0.21205879761
23 1.44651993108e+17 0.196485416584 0.738972185263 0.244057319414
