00 2.95057312659e+17 0.18430141701 1.41386650138 0.381777343907
01 1.94823627054e+17 0.183431773176 0.929157927547 0.348024081596
02 1.51060609103e+17 0.192632921698 0.756580408609 0.207549682981
03 1.08319189451e+17 0.203578694452 0.573338458483 0.251901698817
04 1.01738301208e+17 0.212105934199 0.56106173296 0.15563291493
05 1.24759208739e+17 0.216112500109 0.701012637316 0.220438137687
06 1.65194846802e+17 0.214634209826 0.921868100681 0.135747858818
07 2.09950450143e+17 0.20749801085 1.13267182032 0.186458936485
08 2.56930616646e+17 0.195185037779 1.30387431503 0.122556152433
09 3.27674800759e+17 0.178784686311 1.52316414811 0.197929096602
10 4.17992958826e+17 0.16000062835 1.73885753751 0.146274498007
11 5.33349496213e+17 0.141306909306 1.95951519114 0.208748251985
12 7.07932184656e+17 0.126459341218 2.32764058016 0.200957192999
13 1.04429463404e+18 0.121962061434 3.31147248413 0.300491967961
14 1.51189297733e+18 0.139140515828 5.46950478731 0.461150177865
