00 1.81910733883e+17 0.144441484825 0.683161869201 0.229122301912
01 2.68502078603e+17 0.141448629611 0.987460527719 0.32577317706
02 3.55176186598e+17 0.156168428298 1.44214997758 0.520423921235
11 1.04903289247e+18 0.196566984038 5.36133602756 0.462940106291
12 8.35974596866e+17 0.19138065841 4.15972358782 0.320629319564
13 6.90916334661e+17 0.197724920962 3.55189581921 0.325238995211
14 5.24177214087e+17 0.207975362614 2.83441460052 0.193867249338
15 4.36320360244e+17 0.217620818698 2.46876224428 0.241216646401
16 3.9374047602e+17 0.224182446957 2.29501228789 0.166741540054
17 3.29345014065e+17 0.226331382203 1.93806891863 0.226298468447
18 2.79395315854e+17 0.22351428793 1.62366997193 0.146988951255
19 2.13973848424e+17 0.215785749907 1.2004851909 0.206667944995
20 1.89710315477e+17 0.203748783528 1.00498439603 0.149822262577
21 1.59412691363e+17 0.188518537847 0.78135843474 0.223076496478
22 1.77941786438e+17 0.17174015328 0.794553491622 0.170593108069
23 1.98978859384e+17 0.155727983954 0.805650992154 0.243799460033
