00 1.25621265107e+17 0.169857177487 0.554779511608 0.163404740472
01 1.63841813758e+17 0.154634086694 0.658723760052 0.243473682224
02 2.1581348074e+17 0.144390344407 0.810195953104 0.293019637638
03 2.74052452686e+17 0.145056663113 1.03358149192 0.349516326376
04 3.28119639558e+17 0.165067186542 1.40820642953 0.514773290706
12 1.16962334055e+18 0.210663496483 6.40632050473 0.593403734922
13 1.02793575825e+18 0.193920190824 5.18277495824 0.463423541546
14 7.58446696312e+17 0.193455398721 3.81486580913 0.272013474487
15 5.85427857295e+17 0.201582837072 3.06831741774 0.291637028407
16 4.94181016426e+17 0.211899229838 2.72263099631 0.199926187251
17 3.77722670856e+17 0.220740753336 2.16784845985 0.252865882262
18 2.96961825107e+17 0.226075817467 1.74553307156 0.161426385032
19 2.10612309527e+17 0.226844521832 1.24218246482 0.218560894728
20 1.74574496742e+17 0.222683850548 1.01074794969 0.152847933563
21 1.37678741312e+17 0.213805828991 0.765349452938 0.222031256215
22 1.45583709454e+17 0.200948076939 0.760623927661 0.148489695157
23 1.43286844684e+17 0.185349405209 0.690511417345 0.21891817836
