14 8.25619707161e+17 0.179673497151 3.85689148267 0.685471481011
15 6.95085749954e+17 0.18458070521 3.3357848656 0.494919774308
16 5.3089375719e+17 0.19919538382 2.749541229 0.298215733615
17 4.15103073368e+17 0.210815534582 2.27526458429 0.361278606365
18 3.17587616527e+17 0.21344119679 1.76244330488 0.238151608772
19 2.55093581129e+17 0.204811598699 1.35839922839 0.311208946181
20 2.01571030832e+17 0.18478368997 0.968423010574 0.199315520503
21 2.02281752065e+17 0.154847484739 0.814393333414 0.296705442194
22 2.4326291738e+17 0.118220887195 0.747727705773 0.204536800027
23 3.17250748721e+17 0.0805466557405 0.664390657856 0.245524453792
