00 9.6041868155e+16 0.228923989541 0.571643478147 0.164524505917
01 1.02523092581e+17 0.216826874545 0.577973805062 0.25423716581
02 1.07410545639e+17 0.192108209756 0.536495638421 0.153127434246
03 1.15604881193e+17 0.156860266988 0.471479125754 0.223674517573
04 1.3543649651e+17 0.114592559872 0.403520385715 0.139264948073
05 1.71921807991e+17 0.0707054536794 0.316051045216 0.168008937587
06 2.48104719856e+17 0.0491070481112 0.316775950779 0.164976973336
19 3.67173530801e+17 0.14462535277 1.38066763691 0.391081213956
20 2.33358947778e+17 0.160304490555 0.972620668242 0.267590480022
21 1.83257606381e+17 0.190580865654 0.908060224807 0.314453944728
22 1.49137437843e+17 0.214729312521 0.83262866698 0.209750011535
23 1.23388328836e+17 0.228095974479 0.731753908732 0.26913798801
