00 1.16556065475e+17 0.225041924052 0.681980032098 0.169223490519
01 1.04644520302e+17 0.229633829563 0.624777970433 0.24375481326
02 9.77781861271e+16 0.230003540617 0.584722554113 0.162854153142
03 8.95495819852e+16 0.225869519751 0.525889547998 0.221270657092
04 8.98680829859e+16 0.21746959062 0.508132955635 0.152107123701
05 1.22086386178e+17 0.205513986172 0.652351956898 0.227507640619
06 1.87327596087e+17 0.191166207474 0.931078358577 0.15858281512
07 2.83199363906e+17 0.176071597563 1.29644747522 0.227350053066
08 4.17097566868e+17 0.162486190586 1.76208746332 0.186647995122
09 6.00247557486e+17 0.153650286644 2.3979334409 0.288069481555
10 8.51989330092e+17 0.154470726694 3.42179268483 0.421473205099
11 1.16213777737e+18 0.171229306561 5.17379318945 0.473953307368
19 6.74916003171e+17 0.205067851228 3.59849293778 0.567084026227
20 4.55761049518e+17 0.196472008052 2.32815150335 0.388119878112
21 2.67039871331e+17 0.199539839542 1.38541241999 0.362813033009
22 2.23434624304e+17 0.20814279761 1.20916400243 0.230979432201
23 1.53143910184e+17 0.217704614036 0.866843532322 0.273430789969
