13 8.31216143294e+17 0.17681251576 3.82120485334 0.64381882306
14 6.51657910639e+17 0.18455101444 3.12686734038 0.420469079817
15 5.71079724461e+17 0.200431520125 2.97602180944 0.388527684442
16 4.67619980833e+17 0.212412195781 2.58253285991 0.2416255721
17 3.9264742376e+17 0.214941030897 2.1942970931 0.322268297691
18 3.2273771138e+17 0.205957772943 1.72822884729 0.207816027189
19 2.74049496688e+17 0.185427918732 1.32122712281 0.289275606472
20 2.36451635889e+17 0.154911878081 0.952358341763 0.187855906359
21 2.54155371683e+17 0.117678744678 0.777625812411 0.271021255227
22 3.26545894961e+17 0.0794009769397 0.674129639964 0.201398870912
