00 1.28503054151e+17 0.183961236973 0.614629100706 0.163242244555
01 1.09156399397e+17 0.196422161981 0.557459135057 0.228054246205
02 9.5214747781e+16 0.21471800128 0.531552328734 0.147018344775
03 8.30654867264e+16 0.220532936954 0.476285569429 0.216160551065
04 8.30343885714e+16 0.21342383872 0.460759466822 0.138213494948
05 1.12384240486e+17 0.194002147212 0.566872383145 0.204690170567
06 1.77447850848e+17 0.16391408807 0.756241268943 0.122321461005
07 2.64379127247e+17 0.134422706345 0.924002502429 0.168684810349
08 3.94447260745e+17 0.114105409379 1.17022272031 0.127379646067
09 5.96283238436e+17 0.0990546449653 1.53568023653 0.20836493828
10 8.86273514799e+17 0.0979342505698 2.25670984426 0.300941796797
21 4.36857160075e+17 0.179417161416 2.03787146173 0.4181664287
22 2.86144024956e+17 0.168155447509 1.25103359078 0.283253222713
23 1.90148811798e+17 0.174217115383 0.861306614608 0.276215031856
