00 1.01310388542e+17 0.212642475452 0.560115187024 0.142711792162
01 9.47120994648e+16 0.214538612723 0.52830446311 0.213793977878
02 9.02263033639e+16 0.210724972517 0.494336317712 0.137306296935
03 8.56118653741e+16 0.201296289285 0.448067121283 0.194653697886
04 8.83296242205e+16 0.186988160425 0.429431442545 0.130675643538
05 1.21530485982e+17 0.169148770596 0.534475039636 0.200567755159
06 2.02396158154e+17 0.149796205325 0.788272588059 0.144011309262
07 3.26180618777e+17 0.131884812507 1.11847501352 0.212138156358
08 5.34082397584e+17 0.120160182808 1.66856140174 0.21106581739
09 7.72897053815e+17 0.123243159497 2.47661114682 0.3049599324
19 6.14614772787e+17 0.19344230906 3.09120502159 0.503779554271
20 4.07833416734e+17 0.180617043426 1.91520331446 0.331111503176
21 2.41050212702e+17 0.185341415695 1.16159127957 0.315536503825
22 1.89554957e+17 0.196019803979 0.966069663376 0.198501903166
23 1.35064042346e+17 0.206266017879 0.724337176508 0.239110873695
