00 1.32826397142e+17 0.223329358606 0.771264886074 0.202943135036
01 1.36200643736e+17 0.220055481103 0.779264152777 0.284334984081
02 1.37401671193e+17 0.21584680561 0.771100507123 0.235176692247
03 1.39308943848e+17 0.211120859663 0.764686623579 0.290636926214
04 1.38622953778e+17 0.206384819194 0.743851504541 0.246505446812
05 1.98807521783e+17 0.202187416166 1.04510585774 0.321338047756
06 2.77069600799e+17 0.199047940751 1.43390347058 0.275408900022
07 4.10474012584e+17 0.19735531251 2.1062399028 0.345077973091
08 5.39855745363e+17 0.197246695389 2.76860380575 0.307095364465
09 6.8294510304e+17 0.198515577209 3.52495627463 0.404530634248
10 7.80103221012e+17 0.200621306345 4.06913850938 0.445224262806
11 8.8467422776e+17 0.2028874079 4.66672078357 0.42839595278
12 8.59342795633e+17 0.204804556863 4.57593033178 0.41297960587
13 9.40348852927e+17 0.206270940752 5.04313270575 0.471243849769
14 8.62494541634e+17 0.207581825961 4.65499298767 0.379260048631
15 7.77127454432e+17 0.209191167299 4.22677318265 0.38598569455
16 7.21239399846e+17 0.211422955619 3.96465070624 0.319048281665
17 6.07781369225e+17 0.214305588611 3.38652454605 0.361427368716
18 4.89002677116e+17 0.217584223885 2.76638096743 0.269996680166
19 3.17352129605e+17 0.220833317762 1.82213001567 0.316105475299
20 2.66239750404e+17 0.223584619581 1.5477049461 0.241687797838
21 1.89486692886e+17 0.225419634154 1.11056454567 0.309549522596
22 1.90916091051e+17 0.226037401619 1.12200860585 0.225053057394
23 1.57547528686e+17 0.225280373871 0.922801520284 0.285392873662
