05 4.53426808304e+17 0.200686909172 2.36591744205 0.519620569189
06 4.32874626676e+17 0.192638705894 2.16809860533 0.329008448765
07 4.35116269037e+17 0.197250560368 2.23150012521 0.306943339796
08 4.09362045213e+17 0.206942118462 2.20257047022 0.203054238846
09 3.99781310489e+17 0.216837294562 2.25387494236 0.268790932065
10 3.81455092515e+17 0.224192933034 2.2235079363 0.163919112712
11 3.77516781087e+17 0.227497122307 2.23298351431 0.224386320563
12 3.85804420461e+17 0.226041171001 2.26739975744 0.146332618777
13 3.96169415404e+17 0.219735088253 2.26336035788 0.216293084259
14 3.8737644068e+17 0.209032713346 2.10533306052 0.140367914174
15 4.07484242668e+17 0.194889025532 2.06476938131 0.204805357965
16 4.65296589392e+17 0.178762569305 2.16261795902 0.16110321059
17 5.25920740144e+17 0.162698347639 2.22472732067 0.237014939676
18 5.92684159517e+17 0.14961603943 2.30555147107 0.232669304268
19 5.79731492267e+17 0.144064985875 2.17149424037 0.316618157005
20 5.2853939834e+17 0.153325012637 2.10699605817 0.471870475889
