08 8.42642064743e+17 0.173089785757 3.79217109587 0.390368401699
09 7.21675807915e+17 0.157339934861 2.95225903981 0.326484098986
10 5.82467372889e+17 0.16139146274 2.44413679403 0.19021653775
11 5.01235171194e+17 0.184815933751 2.40854240102 0.243850179586
12 4.53829568267e+17 0.210944361103 2.48905249652 0.15824488227
13 4.02595350951e+17 0.225330229292 2.35863947128 0.234863468229
14 3.51446057731e+17 0.226562967126 2.07024120222 0.148920183325
15 3.56969896654e+17 0.21445752818 1.99042692345 0.20861675932
16 3.77481386786e+17 0.189979369325 1.86455557063 0.139323515189
17 4.04072745309e+17 0.15522591353 1.6307865866 0.190063830614
18 4.40247137466e+17 0.113460779688 1.29872037028 0.125371590354
19 4.76530560885e+17 0.0878447733532 1.08837869704 0.168700298693
20 5.09092212648e+17 0.0781803210639 1.03482580853 0.200023331009
