13 8.19405311835e+17 0.179531357744 3.82483265259 0.654866779944
14 6.40880627505e+17 0.186924275431 3.11469982028 0.425234414155
15 5.68653386275e+17 0.201513400838 2.97937322193 0.393929277542
16 4.69712105192e+17 0.211766689811 2.5862038197 0.245634538288
17 3.98462183626e+17 0.212488882573 2.2013883878 0.326475994058
18 3.29404832011e+17 0.201839379932 1.72865854304 0.212212728746
19 2.82005207677e+17 0.179969814633 1.31956304873 0.295163147442
20 2.44350543173e+17 0.148641635966 0.944337276649 0.19355526156
21 2.6676510578e+17 0.111435666254 0.772905829691 0.274968941548
22 3.4366331384e+17 0.0744934581828 0.665617386161 0.209857932593
