00 1.09527771351e+17 0.208053446442 0.592478388076 0.180106473025
01 1.24699870058e+17 0.184287424424 0.597496064857 0.275262495203
02 1.42435751358e+17 0.150618808817 0.557791083265 0.172168813594
03 1.64372581097e+17 0.110716344568 0.473167014482 0.239980413997
04 1.97889137572e+17 0.0706502662299 0.36350392659 0.176581699334
19 3.16423688565e+17 0.170663186498 1.40404874932 0.48067839651
20 1.8703073696e+17 0.189622586417 0.922096554127 0.310133626264
21 1.71920912603e+17 0.208674569019 0.932763580912 0.361754441409
22 1.5075904285e+17 0.219793719107 0.861533158644 0.235541576008
23 1.34318540736e+17 0.219530383787 0.766662020736 0.298370570002
