00 1.2871638073e+17 0.190951522272 0.639043309887 0.165539795625
01 1.08866506009e+17 0.19998340603 0.566058861533 0.229278086941
02 9.54325392024e+16 0.208821801741 0.518138264305 0.142697819854
03 8.30768175894e+16 0.215348374754 0.465151898837 0.20870805044
04 8.28881082805e+16 0.209310730044 0.45108363186 0.134702612704
05 1.11650989323e+17 0.191262952965 0.555222145902 0.198601408485
06 1.74333278928e+17 0.165446877562 0.749915313001 0.120830434053
07 2.5840567762e+17 0.145348071219 0.976527937688 0.176202433591
08 3.81944324435e+17 0.125323286756 1.2445294705 0.133233395367
09 5.71994335556e+17 0.109654536622 1.63076611921 0.21761254934
10 8.59959776937e+17 0.105981594231 2.36963761148 0.306191035217
21 4.38907731373e+17 0.181114680648 2.06680847365 0.429215738768
22 2.90607925728e+17 0.173485001246 1.31081902528 0.279172345197
23 1.88691116838e+17 0.180809861339 0.887047581454 0.279796011664
