00 2.2759423665e+17 0.209134098873 1.23754060535 0.303674535929
01 1.73392718526e+17 0.21422635412 0.96577753794 0.352504425385
02 1.48496448761e+17 0.220343977292 0.850727751477 0.241253557628
03 1.21930549738e+17 0.226064743663 0.716669160252 0.287921719345
04 1.15693089095e+17 0.230282217248 0.692693588004 0.197395446951
05 1.45053963132e+17 0.232251176228 0.875912792401 0.268857210404
06 1.89413031133e+17 0.23157249831 1.14043406963 0.179016271742
07 2.49353627152e+17 0.228174409938 1.47929903527 0.237282874655
08 3.04296536342e+17 0.222298615789 1.75876216928 0.16504895354
09 3.7574262408e+17 0.214471202266 2.09523528055 0.259445241042
10 4.46362214419e+17 0.205485738166 2.38474779711 0.206795930693
11 5.23396379942e+17 0.196379346424 2.67239021436 0.266392293419
12 6.09622250035e+17 0.188417025388 2.986443485 0.236181002701
13 7.70454179591e+17 0.183042214143 3.66666661214 0.343088707724
14 8.93528389542e+17 0.181729775171 4.22189854686 0.374956190434
15 1.00787647217e+18 0.185508197975 4.8612030515 0.418753164739
16 1.14404601637e+18 0.194006478731 5.77076081771 0.517232019403
17 1.18228969056e+18 0.204637220593 6.29045238148 0.557558029052
18 1.09048269698e+18 0.213376106468 6.04975675338 0.658279003974
19 8.71598698032e+17 0.217155767586 4.92108979176 0.617601637018
20 7.53945070335e+17 0.215652122307 4.22733621753 0.62096388213
21 5.31952110543e+17 0.211232377775 2.92150323848 0.591360205572
22 4.39073105445e+17 0.207401833517 2.36767874505 0.486839843635
23 2.69738442688e+17 0.206650857644 1.44928369354 0.414103591833
