00 1.75073635177e+17 0.209340275107 0.952899036753 0.25828841103
01 1.81794285591e+17 0.207932408412 0.982824014599 0.341644115998
02 1.78070335914e+17 0.206918241098 0.957996018173 0.315397739981
03 1.78539599737e+17 0.206352732011 0.957895488626 0.352634043628
04 1.70844310083e+17 0.20623225371 0.916073784654 0.3220307112
05 2.43878943607e+17 0.206504014511 1.30941150365 0.370735630581
06 3.06970453918e+17 0.207090391633 1.65283641956 0.310762925055
07 4.21152330586e+17 0.207916672361 2.27667936944 0.356029983334
08 5.04755169548e+17 0.208925691477 2.74186439344 0.280920620699
09 5.87055110001e+17 0.210087523227 3.2066568055 0.372328597286
10 6.18627324168e+17 0.211382211615 3.39993711065 0.319484697913
11 6.46487055558e+17 0.212782838908 3.57659512598 0.336919536863
12 6.34133675529e+17 0.214233956326 3.53217711986 0.272851602227
13 6.70891146427e+17 0.215648701131 3.76159691251 0.352801523614
14 6.27924959892e+17 0.216914099132 3.54135020194 0.255051971288
15 5.79349386758e+17 0.217909851439 3.2823944088 0.309605917698
16 5.7950722468e+17 0.218522876301 3.29252522493 0.250623490243
17 5.2264990686e+17 0.218671870502 2.97150965152 0.31922347829
18 4.54976250577e+17 0.218314624421 2.58252720089 0.250201264202
19 3.2000635537e+17 0.2174598307 1.8093017244 0.308112270927
20 2.81276278178e+17 0.216168505815 1.58087989215 0.252814827831
21 2.12452440897e+17 0.214547590888 1.18511014369 0.328696058008
22 2.27206927603e+17 0.212742004197 1.25674788579 0.271523634433
23 1.95569626285e+17 0.210916902928 1.07247243695 0.324569410545
