00 2.97578135682e+17 0.140548568205 1.08742870338 0.384258695712
01 4.35571011663e+17 0.165620409234 1.87562567926 0.489960010989
09 1.08668377687e+18 0.21176244995 5.98308929169 0.63417897221
10 9.15565746247e+17 0.191936293245 4.56898768447 0.407656172619
11 7.59941255373e+17 0.190404612594 3.7621043284 0.333219706089
12 6.37959999242e+17 0.198589371123 3.29399395133 0.223481493979
13 5.34013187269e+17 0.209214257843 2.90480248898 0.273828365643
14 4.25256134822e+17 0.218277580619 2.41342088656 0.165952806688
15 3.77520237136e+17 0.223624543749 2.19499256042 0.217081954907
16 3.58770452846e+17 0.224159342613 2.09096547033 0.150695443953
17 3.20771246005e+17 0.219524018762 1.83084181869 0.212501107714
18 2.88952262063e+17 0.209967417265 1.57743456464 0.140752438321
19 2.35325924506e+17 0.196287534885 1.20098018601 0.20235064535
20 2.19791171309e+17 0.179812568073 1.02755158877 0.156498674559
21 1.96759038857e+17 0.162456754233 0.831085705288 0.233173209451
22 2.26336222822e+17 0.146952470026 0.864777342004 0.212083965669
23 2.81988467719e+17 0.137532023745 1.00834356059 0.288064816662
