00 1.29709117834e+17 0.108029620992 0.36432309781 0.114520176638
01 1.81294396443e+17 0.0895752835848 0.422226921317 0.174769748467
02 2.73423181933e+17 0.081344151359 0.578275794102 0.23012893258
14 8.95686921344e+17 0.167758888139 3.90674549318 0.342899853553
15 7.04583506418e+17 0.159420568736 2.92045268619 0.296837095522
16 5.38737670141e+17 0.166099001361 2.32657851415 0.18883271756
17 3.83959688518e+17 0.189704335867 1.89380926046 0.243937567931
18 2.85396325319e+17 0.213711384521 1.58580353935 0.158909071202
19 2.04904495628e+17 0.225608266398 1.20193184893 0.226331743741
20 1.61586334684e+17 0.224275966473 0.942238215881 0.151695001881
21 1.34231273281e+17 0.209775003615 0.732117511782 0.224130102617
22 1.4221711176e+17 0.183292788681 0.677751646332 0.137766593702
23 1.48637532454e+17 0.147127804726 0.568586560097 0.187230394694
