00 1.77967472257e+17 0.0994606384317 0.460219718679 0.166328999734
01 2.37059029518e+17 0.0610289170773 0.376153852226 0.187533278509
15 7.73748680866e+17 0.166701175977 3.35360519028 0.572067342472
16 6.13896860636e+17 0.175461369391 2.80059477964 0.376468447592
17 4.56345342027e+17 0.194966242993 2.3132703579 0.383465744168
18 3.22633069636e+17 0.21211401504 1.77930989041 0.249841476792
19 2.41464272813e+17 0.220255096171 1.38277715238 0.312809478182
20 1.74998940404e+17 0.216648559436 0.985744976876 0.200037930094
21 1.59540969438e+17 0.200713412641 0.832572323231 0.29527500989
22 1.74844896628e+17 0.173442423706 0.788463588736 0.189331263062
23 1.95272464763e+17 0.137338567646 0.697279455895 0.253796422648
