00 1.67430655792e+17 0.219949755258 0.95748462587 0.237987818946
01 1.43943084578e+17 0.224428847687 0.839929495714 0.308537022747
02 1.30912607731e+17 0.227878376423 0.775635965077 0.223285197943
03 1.15541413712e+17 0.229713451756 0.690076841079 0.274299529182
04 1.11779745475e+17 0.229584903314 0.66723649349 0.19624067633
05 1.45868821223e+17 0.227386387698 0.862383192727 0.272216663049
06 1.98654341163e+17 0.223253263289 1.15310597821 0.188543315356
07 2.75496050394e+17 0.217542064345 1.55823146756 0.253216624008
08 3.51195875113e+17 0.210813310046 1.92495588759 0.183875867486
09 4.46504026001e+17 0.203803189105 2.36597255563 0.288728344793
10 5.40944507394e+17 0.197378662854 2.77604349224 0.262322899372
11 6.41122153373e+17 0.192470513416 3.20832486057 0.31264931875
12 7.31625581394e+17 0.189945300233 3.61318985862 0.30836534391
13 9.07154250826e+17 0.190360176771 4.4898371322 0.415127447051
14 9.97930341908e+17 0.193600042861 5.02318328111 0.458265102471
15 1.06510623619e+18 0.198608547819 5.50001927391 0.469123659695
16 1.06563554528e+18 0.2036101974 5.641330857 0.516001496419
17 1.0157585493e+18 0.206968156988 5.46597154723 0.532127569784
18 8.4825452153e+17 0.208117618852 4.58995449124 0.527371383657
19 5.61245990354e+17 0.20781885603 3.03257499134 0.509674541353
20 4.63809091242e+17 0.207558771855 2.50295877919 0.431934872307
21 3.10991661924e+17 0.208598131553 1.68667926976 0.438200715921
22 2.95651644168e+17 0.211372838249 1.62481090618 0.320717143676
23 2.03165530194e+17 0.215525278906 1.13846999654 0.340367089057
