00 1.13228133319e+17 0.215403977847 0.634134548346 0.201000374241
01 1.22531215331e+17 0.201631236696 0.64235913251 0.299318067374
02 1.28249949678e+17 0.176498381533 0.588533622294 0.180913691624
03 1.40203449386e+17 0.142220625475 0.5184353789 0.269854673169
04 1.64703947978e+17 0.102865370642 0.44050064903 0.189328583779
05 1.99811434508e+17 0.0651009894248 0.338205974206 0.211288452852
20 1.85190996334e+17 0.176027135628 0.847564656348 0.491347147039
21 1.99877543453e+17 0.192300741215 0.999351593717 0.430336173994
22 1.63708473381e+17 0.20874615443 0.888511370915 0.279099783039
23 1.43049644372e+17 0.217382026198 0.808506960053 0.327489884593
