00 1.06665786457e+17 0.223888928475 0.620913504504 0.190341310191
01 1.12236019682e+17 0.215205529797 0.627999114026 0.285632570222
02 1.13882562181e+17 0.194081508478 0.574664985893 0.169931838576
03 1.21146016293e+17 0.162170822917 0.51080507804 0.255512227174
04 1.39503115256e+17 0.122650929951 0.444864857246 0.165413899044
05 1.79739755921e+17 0.0807702754839 0.37745836963 0.207220886762
06 2.48218839404e+17 0.0439717324904 0.283779922539 0.152434757628
20 2.15924715509e+17 0.16307794591 0.915526535987 0.440317670481
21 2.07158428299e+17 0.184019542196 0.991151177579 0.393709907238
22 1.6321840997e+17 0.20603312487 0.874338375105 0.261451147062
23 1.37550161297e+17 0.220543209049 0.788729603421 0.308899788957
