00 9.93185389875e+16 0.172624453623 0.44576502171 0.126155593913
01 1.23603870495e+17 0.13388314623 0.430260351769 0.179821677757
02 1.63212173533e+17 0.0986604899987 0.418667418378 0.132501957128
03 2.06468855435e+17 0.0832149477154 0.446713670258 0.191254176766
04 2.87133212225e+17 0.0822020377642 0.613676314021 0.266159269794
16 7.98483904622e+17 0.161040592103 3.34329634041 0.322337593052
17 5.31401128265e+17 0.160124170294 2.21234428368 0.291173225851
18 3.58106950703e+17 0.170567753708 1.58811895239 0.172387705394
19 2.3247529331e+17 0.200843656674 1.21397088786 0.237129389781
20 1.67248881199e+17 0.220318321236 0.958047811097 0.161126160251
21 1.3010306364e+17 0.227085828887 0.768158613229 0.240050822207
22 1.26906699757e+17 0.220485680563 0.727508861662 0.15036468909
23 1.17868916861e+17 0.201020083247 0.616044506469 0.210206270357
