00 1.16273523615e+17 0.218459108183 0.660426267127 0.205540535493
01 1.12856147873e+17 0.225565586481 0.661868042754 0.299542651913
02 1.04568812539e+17 0.219985934627 0.598095366939 0.177902245464
03 1.02429767993e+17 0.201633377953 0.536984763205 0.267149327759
04 1.10338403922e+17 0.171851979475 0.493008701278 0.169390698591
05 1.56042731792e+17 0.133428968065 0.541336137601 0.238899867687
06 2.84586097589e+17 0.0909794901263 0.673178949449 0.150346961432
07 4.33982703877e+17 0.0515609093268 0.581790113944 0.155044510294
21 2.53555209097e+17 0.156632507697 1.03258969425 0.461176798192
22 1.89793175083e+17 0.177932562436 0.878030035361 0.318000842624
23 1.58909657123e+17 0.201944635273 0.834364771477 0.331012822728
