00 1.42819825897e+17 0.173770346848 0.645264117757 0.19375698141
01 1.87538342618e+17 0.162849082099 0.794051620796 0.281408481429
02 2.36103382777e+17 0.158178888038 0.971010834295 0.366838688048
03 2.94140118589e+17 0.164558356867 1.25848357969 0.401533124833
04 3.01372805172e+17 0.186017623256 1.45757697624 0.588870012644
11 1.22351065915e+18 0.211234796677 6.71964865828 0.57405025054
12 9.29630635085e+17 0.199900430381 4.83167266526 0.427595689962
13 8.23616803184e+17 0.199927758155 4.28126038703 0.38920644646
14 6.32118701826e+17 0.206753480557 3.39801128493 0.233669576841
15 5.1211860911e+17 0.215837023999 2.87388806964 0.275530814968
16 4.54776755134e+17 0.224148863713 2.65038001557 0.192908919425
17 3.66801307697e+17 0.229825142315 2.19180423132 0.251834436343
18 3.00315890423e+17 0.231797846272 1.80992699164 0.166882012842
19 2.17886975291e+17 0.229597544616 1.30068417779 0.225038842959
20 1.86356057076e+17 0.223263254934 1.08176795687 0.163049550697
21 1.48381649401e+17 0.213287770472 0.822847770673 0.236436849272
22 1.60077361481e+17 0.200595843499 0.834882187135 0.168979095223
23 1.60492181159e+17 0.186534977272 0.778372539489 0.241907580385
