00 2.68023802574e+17 0.0630089695011 0.43908549365 0.17403260341
13 8.68970224257e+17 0.149872465442 3.38610245754 0.341935562423
14 6.1403584337e+17 0.1532241537 2.44621318348 0.208976896229
15 4.97277547922e+17 0.187058991032 2.4185261458 0.259705789248
16 4.10489425404e+17 0.213182022729 2.27523311643 0.176689185712
17 3.30319506378e+17 0.227943062737 1.9576450391 0.25247220862
18 2.70652786105e+17 0.229547966597 1.61532271431 0.158261515325
19 2.15949423274e+17 0.217621367538 1.22187542911 0.225390543957
20 1.87565120986e+17 0.19304184499 0.941405842288 0.147689405801
21 1.74459007659e+17 0.15790380926 0.716241288597 0.214234849647
22 2.03925497315e+17 0.115584428537 0.612835913852 0.133704675151
23 2.61402071917e+17 0.0710614937453 0.482966164161 0.150870143058
