00 1.94015325314e+17 0.0846871086363 0.427195520232 0.159627979144
01 2.50204783491e+17 0.0480167349517 0.312364436086 0.158609740493
15 7.73526694478e+17 0.164690597519 3.31220691128 0.492736898634
16 5.81799157033e+17 0.181956762293 2.75241956388 0.304515707094
17 4.2844767358e+17 0.203044890759 2.26184688802 0.353832685844
18 3.10820264119e+17 0.217948589085 1.76131378862 0.228901206882
19 2.35741854176e+17 0.222135583583 1.36153301316 0.298054487376
20 1.77368335298e+17 0.213920773894 0.986512060333 0.190558868712
21 1.631732786e+17 0.193401301822 0.820506037099 0.283989577829
22 1.8232389567e+17 0.162150887119 0.768663517074 0.181747461523
23 2.11143255922e+17 0.123290959254 0.676833418627 0.24084155695
