00 2.01709609226e+17 0.212716375996 1.11558036403 0.272021307658
01 1.60235154353e+17 0.218272594803 0.909348515902 0.332953917556
02 1.39975487994e+17 0.223910731185 0.814892360482 0.232020106879
03 1.17730919469e+17 0.228513616415 0.699481072463 0.28046851396
04 1.12480260404e+17 0.231262485323 0.676324078844 0.194850952474
05 1.43054014581e+17 0.231655804927 0.86162161529 0.267777076213
06 1.90071453303e+17 0.229505918024 1.13418560789 0.180112944544
07 2.54837763539e+17 0.22491708597 1.49025154642 0.240390357178
08 3.16092188801e+17 0.218275694944 1.7938762966 0.168819843647
09 3.95301829398e+17 0.210223053128 2.16064049456 0.266694278927
10 4.75100080293e+17 0.201632477684 2.49068576477 0.222507180732
11 5.61509910524e+17 0.193583436201 2.82617446645 0.280079102945
12 6.512621863e+17 0.187320623252 3.1718658046 0.257399867752
13 8.2663642857e+17 0.184150848995 3.95787080342 0.36830989194
14 9.50281464801e+17 0.185149179239 4.57453966459 0.414241778069
15 1.0593619476e+18 0.190542593627 5.24819290023 0.445395389355
16 1.15222764839e+18 0.19894322615 5.95992502638 0.539731221461
17 1.155755946e+18 0.207364881646 6.2312430688 0.564451217919
18 1.02521924053e+18 0.212701949155 5.66971940004 0.631761912671
19 7.70379066501e+17 0.213613740851 4.27865241097 0.59511240148
20 6.3400494373e+17 0.211195891965 3.48138022964 0.567872544726
21 4.36033307892e+17 0.208134740017 2.3595956586 0.534235096901
22 3.82604011393e+17 0.206969466968 2.05887105574 0.414796084188
23 2.41748756773e+17 0.208757431336 1.31213808681 0.382694994299
