00 9.28150253672e+16 0.216936667029 0.523509538588 0.134865520492
01 9.20798218611e+16 0.213261539857 0.510564199597 0.206461372526
02 9.20531434019e+16 0.204077368829 0.488435045746 0.13668681277
03 9.22237213256e+16 0.190099877276 0.455824670755 0.194541769831
04 9.89213085757e+16 0.172643296772 0.44403062167 0.139051338036
05 1.37294068296e+17 0.153666134351 0.548533667353 0.21108731031
06 2.3704324065e+17 0.136013770229 0.838269766573 0.172050574496
07 3.96022099162e+17 0.124199535729 1.27882978221 0.254379678475
08 6.65412571156e+17 0.126327623595 2.18555970943 0.336397437759
18 7.96961901022e+17 0.193401276678 4.00746967715 0.495179216867
19 4.24034580848e+17 0.182457876594 2.01157967983 0.368960477188
20 3.00663985026e+17 0.187777470588 1.46790598773 0.240941531575
21 1.87547806411e+17 0.198507700097 0.967971776433 0.28052258869
22 1.58818790717e+17 0.208677562832 0.861689872647 0.170854570213
23 1.20458971494e+17 0.215296618163 0.674294638942 0.223702789833
