00 1.10645307949e+17 0.213278256614 0.61355419793 0.17202296234
01 1.02792817299e+17 0.228078317846 0.609565134263 0.26224618119
02 9.43376653263e+16 0.229772846212 0.563582080542 0.157892647392
03 8.91492516948e+16 0.217929537331 0.505134634556 0.237609607601
04 9.29414302697e+16 0.193402962611 0.46735384705 0.144213056415
05 1.29882361313e+17 0.158274847505 0.534484884193 0.214888733064
06 2.30725247125e+17 0.115942134612 0.695520219174 0.126234636299
07 3.72136191566e+17 0.0714587097486 0.691401674602 0.14745783084
08 5.70060864564e+17 0.0597329855964 0.885337372714 0.159363567535
21 2.87956896197e+17 0.147759185166 1.10625518497 0.349155639859
22 2.01395852942e+17 0.156259942372 0.818222713742 0.232345268552
23 1.54365623332e+17 0.189256707699 0.759582970995 0.27407515514
