00 2.55093870065e+17 0.111083335527 0.736753626941 0.278223785103
01 3.88294368011e+17 0.126712929769 1.27924984157 0.368529982368
11 1.00610793862e+18 0.184048304844 4.81448397541 0.410422381692
12 8.41945057364e+17 0.176591600378 3.86569105286 0.284675646394
13 6.4816293094e+17 0.183872609166 3.09866464118 0.290765062822
14 4.78991746005e+17 0.194838407887 2.42647571875 0.173417625808
15 4.05240435639e+17 0.204019412681 2.14959980751 0.214924181281
16 3.64618023466e+17 0.208779929917 1.97924806003 0.145858871717
17 3.10751182643e+17 0.211502839377 1.70884369419 0.205019544433
18 2.68230697031e+17 0.206345488815 1.43905305164 0.132118977196
19 2.14722963933e+17 0.189389215879 1.05732155803 0.184181490222
20 1.95485566766e+17 0.17186195602 0.87350982883 0.132033374595
21 1.76344909874e+17 0.152295901467 0.698271782479 0.198501998143
22 2.03277534267e+17 0.132553138267 0.700571952766 0.158775887949
23 2.54593119083e+17 0.116575580114 0.771662854302 0.230216439279
