00 2.14729092934e+17 0.158522478561 0.885024088811 0.131898502809
01 2.34217966724e+17 0.138910918511 0.845921255127 0.204447127871
02 3.04480735371e+17 0.12229118837 0.968118085068 0.199890866493
03 3.28099589667e+17 0.114770843392 0.979062932189 0.275682043757
04 3.32358065296e+17 0.127435554492 1.10121009286 0.393806280406
14 1.4019843184e+18 0.185567098793 6.76421622548 0.396962387734
15 1.02257581051e+18 0.178603815819 4.74853448477 0.323313530671
16 7.24620025322e+17 0.185960391443 3.50351621247 0.20617837964
17 5.21556395425e+17 0.196980351015 2.67114540797 0.244152815737
18 3.93798862468e+17 0.206318652494 2.11244931711 0.149472427416
19 2.74532055484e+17 0.211360911015 1.5086589791 0.20010640521
20 2.06532081064e+17 0.210877199121 1.13237557637 0.141410401297
21 1.73293588746e+17 0.204529101501 0.921533132059 0.192599614799
22 1.85635545842e+17 0.192689830761 0.930022129698 0.132609990062
23 1.81109074896e+17 0.17637017479 0.830498219085 0.183653395831
