00 4.27660043061e+17 0.114807216045 1.27655993289 0.276656215414
01 5.09004155087e+17 0.125500591417 1.66088838492 0.353556786961
11 1.61569403067e+18 0.187034072307 7.85693568808 0.431754459158
12 1.2617491094e+18 0.178456672599 5.85435624065 0.277375222941
13 9.33075881323e+17 0.185200834676 4.49296723297 0.296540560307
14 6.94240932063e+17 0.196181211753 3.54112270982 0.170465719765
15 5.62385615348e+17 0.205755771361 3.0085662383 0.218812407794
16 4.41176911597e+17 0.21116941689 2.42223985035 0.139699528098
17 3.75228709812e+17 0.211114567041 2.05962241194 0.195220416455
18 3.05613360062e+17 0.205193510811 1.63045683585 0.127055708941
19 2.66480244579e+17 0.193731595246 1.34226671498 0.181345435322
20 2.52547933345e+17 0.177694355641 1.16678489939 0.130549557468
21 2.58254961601e+17 0.158685673092 1.06551542268 0.190896159046
22 3.00741275216e+17 0.139066408686 1.08739823629 0.163790553101
23 3.63095190187e+17 0.122401368175 1.15552704947 0.224001901047
