00 2.5402600016e+17 0.141730556639 0.936084406492 0.153993503772
01 3.26179494577e+17 0.124369090922 1.05473282766 0.223865440432
02 4.0781468323e+17 0.114949717335 1.21883274662 0.277017533576
03 3.86758009164e+17 0.123735699886 1.24425009671 0.342859861416
13 1.36230583242e+18 0.188675039087 6.68286076067 0.439793189551
14 1.00025380428e+18 0.178393403152 4.6394056842 0.280678411793
15 7.0344580661e+17 0.184455478511 3.37361525449 0.28150427773
16 5.22550121294e+17 0.195364017094 2.65427476156 0.18177198083
17 4.11343432669e+17 0.205159031799 2.19416132997 0.22325425232
18 3.24084023283e+17 0.210939951948 1.77741897576 0.139578890244
19 2.49528074856e+17 0.21131323519 1.37094320398 0.183607795089
20 2.33346385294e+17 0.205826201504 1.24874880311 0.132717979798
21 1.99181159397e+17 0.194751384353 1.00856096977 0.194057692089
22 2.09034739911e+17 0.179007643885 0.972889223321 0.124920172018
23 1.95179144503e+17 0.160150234091 0.812707627728 0.181839811769
