00 1.6398261473e+17 0.207753174976 0.885765630127 0.126722331083
01 1.54359749968e+17 0.198020174989 0.7947249622 0.18924232981
02 1.43721697068e+17 0.18332897838 0.685057149258 0.123149399494
03 1.39287131662e+17 0.165070266379 0.597796262093 0.18478517013
04 2.24946668783e+17 0.145333708506 0.850000673349 0.14795376038
05 3.73046389889e+17 0.127205385544 1.23379125614 0.231810032455
06 6.4306496546e+17 0.115712614058 1.93467893223 0.263724345394
07 8.59938600592e+17 0.120076488275 2.68471858958 0.414409614154
17 1.17804139881e+18 0.19341674776 5.92417633816 0.455696611815
18 8.60281053721e+17 0.178629519158 3.99546136514 0.292916448613
19 5.13545292993e+17 0.182707587575 2.43954416143 0.272816341308
20 3.68963004919e+17 0.193300395685 1.85433806595 0.185497939479
21 2.38201827451e+17 0.203583894501 1.26084544846 0.229977515481
22 1.84584102333e+17 0.210249206287 1.00902518623 0.137314762333
23 1.69040890321e+17 0.211685672113 0.930371896537 0.194229184332
