00 6.6734659205e+17 0.120891339878 2.09758701558 0.4568100441
10 1.49399471451e+18 0.192144518358 7.46363526607 0.432492584575
11 1.23225773077e+18 0.178513154606 5.719329585 0.349040201773
12 8.92244760896e+17 0.183127424438 4.24825661081 0.210911675169
13 7.26837552808e+17 0.193819937392 3.66276583346 0.256269994044
14 5.89246974051e+17 0.203989870671 3.12521076478 0.145990477296
15 5.07159887045e+17 0.210439285498 2.77488547084 0.201298676758
16 4.34124833293e+17 0.211612060528 2.38851731299 0.132915486826
17 3.69421964213e+17 0.206938953954 1.98764266589 0.186838243999
18 3.30566618029e+17 0.196601251897 1.68973508444 0.119215475898
19 3.06310005163e+17 0.181429658784 1.44491671269 0.167830197704
20 3.15995236023e+17 0.162888129178 1.33826869345 0.128315089986
21 3.24929627707e+17 0.143153862089 1.20938820895 0.198911368764
22 4.09620977624e+17 0.125466468035 1.33623612969 0.176121796788
23 4.9442966692e+17 0.11518442602 1.48071553218 0.250740365282
