00 2.17870087374e+17 0.153319798234 0.868498743771 0.137850989629
01 2.50067563366e+17 0.134077745629 0.871740873931 0.208972129008
02 2.96281314808e+17 0.119097433374 0.91744494791 0.219876220217
03 3.89850519165e+17 0.115555997921 1.17128871033 0.292221329162
14 1.26367849621e+18 0.181545636538 5.96479824134 0.353115451006
15 9.47607675674e+17 0.179698985061 4.42738757642 0.316519650088
16 6.93492041095e+17 0.18878250594 3.40389829955 0.197170716151
17 4.73578655878e+17 0.19972909393 2.45927333193 0.239808614992
18 3.39079124989e+17 0.208123749031 1.83483088648 0.146171413779
19 2.5512127888e+17 0.21179520461 1.40487004997 0.193991561568
20 1.99868482425e+17 0.209775119589 1.09011330487 0.135758088076
21 1.78781727595e+17 0.201925102854 0.938613487058 0.197167336044
22 1.8694416039e+17 0.188787933532 0.917612844874 0.127406151439
23 1.88328711278e+17 0.171540735597 0.839957187332 0.181178552864
