00 3.49976626252e+17 0.119000239592 1.08282986177 0.188205376342
01 5.06791361314e+17 0.115605288779 1.52328180355 0.275501360689
12 1.61837189592e+18 0.181436030033 7.63440526972 0.353231349258
13 1.21914259763e+18 0.179748305225 5.69760920953 0.317293083502
14 8.96683212577e+17 0.188880950349 4.40352581119 0.190705991938
15 6.81902138542e+17 0.199822808675 3.54274961469 0.236156837749
16 5.49348120232e+17 0.208183840468 2.97350043702 0.146079266051
17 4.57473887795e+17 0.211808713612 2.51932084781 0.194328949027
18 3.73430507057e+17 0.209737744416 2.03638427841 0.132399607742
19 3.08197624406e+17 0.201837446273 1.61735135789 0.186193880638
20 2.49879343788e+17 0.188657358429 1.22568100005 0.123445619008
21 2.48828520492e+17 0.171380214922 1.10875141834 0.176503211638
22 2.64001745514e+17 0.151846549748 1.04228160877 0.13799336611
23 3.11308077269e+17 0.132754099312 1.07451300857 0.206047793298
