00 3.09425840785e+17 0.12566866997 1.01101348051 0.379751024879
10 9.71247416167e+17 0.186943510442 4.72077843863 0.409266202826
11 7.19705776102e+17 0.178477352801 3.33973072457 0.326876147711
12 4.99681012035e+17 0.185257478564 2.40681075378 0.214839133138
13 3.99868600225e+17 0.196231808568 2.0401404039 0.253296323144
14 3.24658469189e+17 0.205780761429 1.73702014185 0.149913767107
15 2.84364910847e+17 0.211161609688 1.56122076014 0.200708572303
16 2.34042538596e+17 0.211070457034 1.28438610526 0.134792478613
17 2.32996920325e+17 0.205115908369 1.24257574895 0.194761766349
18 2.22595626743e+17 0.19362750373 1.12061652423 0.127737542084
19 2.08176522265e+17 0.177571365777 0.961120923912 0.180933653841
20 2.20664420746e+17 0.15855853475 0.909693907852 0.13791226753
21 2.36464326645e+17 0.138953048798 0.854293417102 0.208966557096
22 3.01161872713e+17 0.122328444978 0.957857252966 0.19858577107
23 3.82457743719e+17 0.114784316569 1.14140391896 0.26859746213
