00 1.3098998404e+17 0.169811138188 0.57833251531 0.116768286158
01 1.34554284319e+17 0.150204908061 0.525478561539 0.183442231552
02 1.63621554189e+17 0.131317101507 0.558644014245 0.166730256293
03 1.72038312138e+17 0.11754485643 0.52577768622 0.234905078284
04 1.75315701013e+17 0.1168017842 0.532406853594 0.310323407058
15 8.46309158936e+17 0.179996573267 3.96065146185 0.355095769582
16 5.54511654319e+17 0.180709394747 2.60534210124 0.237425887246
17 3.43844509494e+17 0.190518651366 1.70322859794 0.254457701771
18 2.22176566644e+17 0.201272785191 1.16267050569 0.15897698226
19 1.5332611389e+17 0.209028154003 0.833286338219 0.209783483092
20 1.16729497741e+17 0.211846113021 0.642945949652 0.133240815421
21 1.05449582001e+17 0.208903890912 0.572749527353 0.196877772411
22 1.06691354521e+17 0.200174066231 0.555277898923 0.124266572759
23 9.50925715321e+16 0.186302596858 0.460615818476 0.180312245006
