07 8.06841470183e+17 0.187114566063 3.92526658095 0.417687946644
08 6.32665685034e+17 0.178464822854 2.93562280454 0.277641643981
09 5.3651613887e+17 0.185174704392 2.58307965283 0.294661075919
10 4.11825077633e+17 0.196142585269 2.10018732055 0.172237765178
11 3.49463923892e+17 0.205716541045 1.86915325072 0.224801253583
12 3.0037334734e+17 0.211138678369 1.64893122094 0.139338823305
13 2.86095624676e+17 0.21109441394 1.57022289376 0.201207839024
14 2.68534344988e+17 0.205188297031 1.43260272851 0.127049086295
15 2.74469965657e+17 0.193741745784 1.3825835481 0.178741519744
16 2.63402721824e+17 0.177718115867 1.21709732136 0.12464120561
17 3.04166747167e+17 0.158719971639 1.25521077458 0.188779357468
18 3.64067894538e+17 0.139107236761 1.31675644886 0.154003671879
19 3.91952841672e+17 0.122439435172 1.24775259826 0.21829057681
20 4.27404462256e+17 0.114784322398 1.27554262134 0.270794505678
21 4.66469429457e+17 0.127168821333 1.54232955583 0.357801844356
