00 1.09327577201e+17 0.172276427919 0.489698676305 0.116466395517
01 1.14598647399e+17 0.152805278243 0.455293233253 0.18386751476
02 1.56713799189e+17 0.13362003741 0.54444269647 0.162554250843
03 1.79276699312e+17 0.118829925785 0.553889358729 0.23291071988
04 2.09537222135e+17 0.115728007652 0.630482456413 0.296153599575
15 7.21743929906e+17 0.181267340318 3.40154366668 0.362905242983
16 5.24444163993e+17 0.179851901581 2.45237928435 0.247767036287
17 3.43352778796e+17 0.189059428561 1.687766084 0.258463581664
18 2.26538725847e+17 0.199976060691 1.17786037171 0.169095245878
19 1.64027407849e+17 0.208265728739 0.888193478351 0.212676117082
20 1.06730669138e+17 0.211797319019 0.587737009095 0.134382296719
21 9.8258613033e+16 0.209626340322 0.535537429836 0.198732267261
22 9.25504832084e+16 0.201632565276 0.485190975017 0.124760651843
23 9.12555058192e+16 0.188375464634 0.446947756036 0.183035584436
