00 1.32002843735e+17 0.154442039394 0.530056498199 0.134398719079
01 1.43617519277e+17 0.135106878667 0.504496583537 0.202912675275
02 1.85993421534e+17 0.119740514224 0.579044646354 0.208625181533
03 2.36586356498e+17 0.115271228561 0.709061599335 0.273701858208
04 2.51311264946e+17 0.133782125821 0.874144836949 0.386714970058
14 8.57532331897e+17 0.182290900523 4.06432886624 0.336596823676
15 6.10646671951e+17 0.179399980806 2.84830003191 0.305978032357
16 3.87871431163e+17 0.188149786369 1.89742609971 0.207492412551
17 2.72323265821e+17 0.199130607373 1.40992533044 0.253970054916
18 1.90516329587e+17 0.207736868417 1.02900890796 0.146781120637
19 1.40273552445e+17 0.211708840322 0.772125929016 0.206341615192
20 1.10923421278e+17 0.210022824144 0.605707705215 0.1400469651
21 1.14973879087e+17 0.202497185219 0.60532905911 0.198206492075
22 1.03819880816e+17 0.189639063315 0.511895928738 0.12857743236
23 1.11561272436e+17 0.172588685508 0.500609547445 0.188171428154
