00 3.07914392079e+17 0.118764005142 0.950797807549 0.228443802558
01 3.29068577867e+17 0.11576376023 0.990449614634 0.359273337008
12 1.07042005962e+18 0.181193772344 5.04278966346 0.347371334617
13 7.41017568471e+17 0.179886550034 3.46577644157 0.309754502598
14 4.94937106316e+17 0.189128067879 2.43376896462 0.197728015073
15 3.5462160022e+17 0.200041219637 1.84441237285 0.242389503837
16 2.66507175862e+17 0.208307862322 1.44340404253 0.144184828048
17 2.36400486732e+17 0.211807600129 1.30185691387 0.192081137155
18 1.98085847489e+17 0.209601888732 1.07949836188 0.132235346209
19 1.86845615462e+17 0.201573618774 0.979241818378 0.19821920726
20 1.6321197839e+17 0.18828723568 0.798999038265 0.122355580046
21 1.73884655453e+17 0.170939289542 0.772816706101 0.184036235711
22 1.90878767712e+17 0.151386920595 0.751310270122 0.138876240735
23 2.25864083963e+17 0.132352650853 0.777236466367 0.22408701946
