00 2.35483485484e+17 0.124619176785 0.762989710795 0.196190502705
01 2.81380106294e+17 0.114998805031 0.841317775564 0.308324804697
02 3.22872743362e+17 0.123361201075 1.03557920481 0.496036051919
12 1.26503785208e+18 0.189077154766 6.21893370128 0.413159826688
13 9.4719226166e+17 0.178394107016 4.39331145996 0.330652394469
14 6.2814849439e+17 0.184288184202 3.00976898145 0.215791934397
15 4.29385281216e+17 0.195173973931 2.17892562375 0.259068612034
16 3.08353347673e+17 0.205015678077 1.64364903717 0.157826156932
17 2.58581003608e+17 0.210878159465 1.41775623895 0.212534492504
18 2.18607437541e+17 0.211348956173 1.20126379713 0.143331435983
19 1.85960264534e+17 0.205961173451 0.995815451765 0.197823426819
20 1.70894882952e+17 0.194975431875 0.86632789383 0.134168913672
21 1.80304432367e+17 0.179301569511 0.840550560542 0.193504311128
22 1.96069128991e+17 0.160481971577 0.818104570032 0.139365034873
23 2.45533548828e+17 0.14079859864 0.898840269446 0.21875574858
