00 2.48318930931e+17 0.135572919632 0.875298384121 0.162736957332
01 3.069969535e+17 0.120030888223 0.958077042266 0.231241456603
02 3.58333904227e+17 0.115149944869 1.07281536222 0.311486751159
03 3.22469816159e+17 0.132901723143 1.11427664996 0.384368262403
13 1.1208131579e+18 0.182621879981 5.32181015606 0.390568373484
14 7.04882780163e+17 0.179269252156 3.2854590303 0.254010621771
15 4.97955434537e+17 0.187876571927 2.43240816034 0.272018164098
16 3.2332159902e+17 0.198877812454 1.67183880064 0.171942156635
17 2.52942193321e+17 0.207584471551 1.36517865987 0.217967383988
18 1.98431496105e+17 0.211694057064 1.09217597995 0.141338180207
19 1.80803539099e+17 0.210159066686 0.987935078793 0.185054720838
20 1.80383120245e+17 0.202778431114 0.95102295919 0.131349581839
21 1.75482198337e+17 0.190042522533 0.867076070425 0.188966550722
22 1.89968614729e+17 0.173075503576 0.854851755103 0.125897899354
23 2.12440136233e+17 0.153654830695 0.848703782309 0.190182111087
