09 1.08192711524e+18 0.182989689662 5.14751918343 0.387502307641
10 8.23521756124e+17 0.179154546452 3.83597933451 0.256837131403
11 6.36368887843e+17 0.187601848455 3.10398347112 0.286768343776
12 5.03810294901e+17 0.198611952142 2.60163140066 0.159580058375
13 4.17174501899e+17 0.207410129258 2.24968165141 0.214953925772
14 3.34323019129e+17 0.211651889532 1.83976256653 0.135594950457
15 2.75040241015e+17 0.210263757798 1.50360586016 0.196809386443
16 2.30516139769e+17 0.203026933089 1.21682560701 0.121695275926
17 2.38514065078e+17 0.190415592404 1.18083672196 0.172380366228
18 2.39037302205e+17 0.173537687393 1.07853149626 0.125417683262
19 2.49037989272e+17 0.15415262142 0.998136330867 0.196718356224
20 2.58620620736e+17 0.13483747883 0.906665564308 0.159586743792
21 3.09485099959e+17 0.119568397242 0.962120571683 0.252827674199
22 4.81869560548e+17 0.115334274738 1.44497798339 0.342390152573
23 6.03601986425e+17 0.134279948211 2.10734273041 0.533243113959
