00 1.29268059179e+17 0.144095238268 0.484299706485 0.151992746803
01 1.83809867529e+17 0.126216980019 0.60319808581 0.230160665101
02 2.37513564308e+17 0.11540209407 0.712648629975 0.255131461093
03 2.78930071207e+17 0.121220553207 0.87911349598 0.3268716038
13 1.25011781697e+18 0.191733169211 6.23191532429 0.440538397649
14 8.63705899723e+17 0.178495921771 4.00836749847 0.307296814218
15 6.45136076457e+17 0.18328141247 3.07427773453 0.295390789142
16 4.57658622386e+17 0.193994574159 2.30836552856 0.199210708856
17 3.49719079472e+17 0.204115848502 1.85596337273 0.245228558154
18 2.56258980993e+17 0.210481094014 1.40237943743 0.147223469671
19 1.78936063988e+17 0.211555471564 0.984227488321 0.214105669067
20 1.15186896521e+17 0.206784850068 0.6192915333 0.137571558115
21 1.21994272432e+17 0.196359749309 0.622823883546 0.200156962909
22 1.1722034375e+17 0.181122949043 0.552013653044 0.129688943363
23 1.22686669735e+17 0.162546812949 0.518500506074 0.196668793256
