00 1.57648407074e+17 0.142823705628 0.585414171801 0.158787035259
01 1.55990298591e+17 0.125217834064 0.507851950437 0.237579659838
02 1.88583725785e+17 0.115135147763 0.564527993482 0.268710238557
03 2.88875236532e+17 0.122518057741 0.920203255647 0.348405978319
13 1.08106050134e+18 0.190063173888 5.34221454132 0.437396209217
14 6.18250360493e+17 0.17841625098 2.86795369865 0.307396158556
15 4.78308991887e+17 0.183899578839 2.28698137624 0.296868670982
16 3.90672618849e+17 0.194722923711 1.97789577845 0.19996248849
17 2.96589406279e+17 0.204671210715 1.57828613458 0.247231172744
18 2.17293247174e+17 0.210723477213 1.1905085041 0.152575263495
19 1.58754046529e+17 0.211423440445 0.872672494246 0.220014271178
20 1.24321498516e+17 0.206269030639 0.666735549649 0.138778159122
21 1.0625922639e+17 0.195495736537 0.540103868899 0.202879409234
22 9.43750305209e+16 0.179987156006 0.441643626877 0.129906044798
23 9.25126446163e+16 0.161260797618 0.387885234374 0.199469125823
