00 1.23119653973e+17 0.175893990941 0.563056189816 0.115515235758
01 1.29486134128e+17 0.156709121328 0.527583115888 0.183750317012
02 1.56320418356e+17 0.137204147856 0.557643054618 0.15700038729
03 1.93929193133e+17 0.121111356927 0.610662720931 0.226935767195
04 2.27849522029e+17 0.114886989647 0.680600587639 0.275194742758
05 2.65600593815e+17 0.130088299494 0.898339769448 0.355131600781
15 8.41138376165e+17 0.183982018254 4.02361273802 0.383778613417
16 5.90255362817e+17 0.178895992758 2.74545229691 0.265368492037
17 3.80376050664e+17 0.186918236487 1.84857973539 0.264202659348
18 2.59640922107e+17 0.197942817029 1.33624544398 0.174568171092
19 1.8972826301e+17 0.206965491268 1.02094728219 0.219085778499
20 1.50287637424e+17 0.211537112099 0.826576732924 0.136184872901
21 1.18938203525e+17 0.210521219809 0.651014407888 0.197339664152
22 1.17232398987e+17 0.203647484323 0.620726161503 0.125575069732
23 1.18494979769e+17 0.191351248133 0.589528219183 0.185933887023
