08 7.17784988151e+17 0.17964277291 3.35256702624 0.312729487719
09 6.11454366685e+17 0.181049602427 2.87829281975 0.300395850127
10 4.98468282514e+17 0.191037483688 2.47587928614 0.179583411517
11 4.22383283013e+17 0.201719157004 2.21527279433 0.224235053249
12 3.50443290061e+17 0.209278424285 1.90684570817 0.13768185386
13 3.14132594842e+17 0.21183965035 1.73018921543 0.195651711786
14 2.7497389822e+17 0.208623243669 1.49151461084 0.12568157342
15 2.56319184938e+17 0.199636481891 1.33043716838 0.178398566078
16 2.37045537681e+17 0.185552441703 1.1435938361 0.122524057907
17 2.33148770405e+17 0.167676260444 1.01643136266 0.173196601027
18 2.56043117307e+17 0.147991581372 0.985197871569 0.138927994944
19 2.20582164762e+17 0.12941659096 0.742221786539 0.199751255197
20 2.18000227828e+17 0.116615264029 0.660976007289 0.221075167321
21 2.1748970126e+17 0.118075017641 0.66768260814 0.294078063496
