00 8.9040742311e+16 0.186034164514 0.430680122691 0.118831556704
01 7.66512305719e+16 0.168243828628 0.335298509013 0.189832644157
02 8.65453374642e+16 0.148574703403 0.334319643961 0.144709713851
03 1.11543396521e+17 0.129909418252 0.376753981549 0.228612465433
04 1.49179868833e+17 0.11684077881 0.45318759349 0.243875881003
05 2.21487142912e+17 0.117702875017 0.677811511002 0.391708910268
15 8.28127191032e+17 0.198400203768 4.27181568962 0.501258619485
16 5.73457181369e+17 0.179395585733 2.67476786055 0.318572383787
17 3.98317519324e+17 0.18132526919 1.87785081677 0.289760794475
18 3.05122656627e+17 0.19144462114 1.51876637638 0.196868128042
19 2.13743916774e+17 0.202066467465 1.12295243332 0.247032373464
20 1.60357266043e+17 0.209470182297 0.873341709515 0.143483468712
21 1.34924918357e+17 0.211832815992 0.743119660481 0.202888409371
22 1.25806847749e+17 0.208404224771 0.681685642976 0.132873508895
23 1.03958082469e+17 0.199217137721 0.538466022442 0.19643320593
