00 1.14040063722e+17 0.183885865287 0.545229250669 0.123108124151
01 1.14626031925e+17 0.165721680346 0.493896484169 0.191800292869
02 1.39067843714e+17 0.14599547293 0.527885165922 0.152503137959
03 1.5682938146e+17 0.127749088495 0.520905073802 0.223590109986
04 1.95599315179e+17 0.115917286451 0.589506888026 0.248622465956
05 1.90927462361e+17 0.119530552397 0.59336329114 0.325386663961
15 7.1265188918e+17 0.194401686115 3.60205895061 0.484535125659
16 4.64120483651e+17 0.178749028185 2.15698822075 0.320127264654
17 3.5641664372e+17 0.182408354089 1.69034770712 0.295261456109
18 2.64894590309e+17 0.192915051172 1.32865598956 0.199284956261
19 1.89985922013e+17 0.203271847217 1.00408852214 0.247249442741
20 1.49523779494e+17 0.210090928255 0.816753330382 0.148236584957
21 1.24746727018e+17 0.211718090385 0.686689609477 0.208152160207
22 1.21567028971e+17 0.2075188526 0.655913709519 0.137601141626
23 1.17653352565e+17 0.197614309827 0.604499637717 0.20049218461
