00 1.0095998096e+17 0.187083466258 0.491086522973 0.117491165644
01 8.96404733962e+16 0.169492872715 0.395028955033 0.187188339462
02 9.14381503514e+16 0.149870619848 0.356301199044 0.138318270682
03 9.73579388612e+16 0.131024520016 0.331663207436 0.222522213919
04 1.44984168843e+17 0.117390778443 0.442514915502 0.236292844095
05 2.21980042516e+17 0.116968475972 0.675081348998 0.375062913797
16 4.5740782535e+17 0.17985667974 2.13896417162 0.327292964157
17 3.08258541497e+17 0.180831080656 1.44931085469 0.289018797993
18 2.25373567042e+17 0.190710396557 1.11750814094 0.198183698662
19 1.62454071963e+17 0.201441354 0.850849173697 0.245176322864
20 1.16899898043e+17 0.209126530658 0.635618622909 0.144172050857
21 1.08365248036e+17 0.21185217702 0.596892756453 0.199943687466
22 9.5635679611e+16 0.208809438532 0.519210446644 0.133225240959
23 1.00737987872e+17 0.199984902807 0.523797994554 0.195098758364
