00 1.08674718664e+17 0.192065266341 0.542688608402 0.117341877741
01 9.87932923512e+16 0.17558993469 0.451024801546 0.175587502895
02 1.13856300012e+17 0.156376061508 0.462914394118 0.128007184856
03 1.28803976882e+17 0.136890139993 0.458431855103 0.191071963636
04 1.79517216674e+17 0.120897380322 0.564282191682 0.200234842007
05 2.43194695433e+17 0.114921627336 0.726656584121 0.264442726222
06 3.29419439189e+17 0.13060473566 1.11861720819 0.372300850554
16 8.71222508749e+17 0.18370137761 4.16116415162 0.352835441035
17 5.87261362801e+17 0.178958921589 2.73248716462 0.299369222784
18 3.60476437674e+17 0.187101106807 1.75358405214 0.201468325208
19 2.38932294427e+17 0.198124956496 1.23079971141 0.240562968297
20 1.51212017837e+17 0.207090573238 0.814179169813 0.142211291416
21 1.11076878014e+17 0.211574996182 0.611028341083 0.196731977816
22 1.02026511096e+17 0.210459199776 0.55828286491 0.130263695385
23 1.0249089405e+17 0.203488733443 0.542249297712 0.192547531424
