82.0945217677 32.757799934
81.9986705643 28.6239256026
77.2881409404 28.6177798015
77.1776742219 32.7513565488
82.3963879749 36.0896248833
86.0683289458 32.7989398555
85.7856210502 28.3343897312
82.1213870127 25.2846060341
77.1763772868 25.2781785512
73.5026247995 28.3183955294
73.2043024443 32.7821115128
76.8629825944 36.0823492594
82.5438988429 39.1630415098
87.365077501 36.7018548446
89.7163958831 32.6065958546
89.2655038985 28.0947193355
86.4535846225 24.3332971041
82.0994078692 22.2090378551
77.2078780925 22.202702349
72.8476658881 24.3156675686
70.0243001569 28.0697410499
69.5579205825 32.5803111854
71.892796396 36.6815526187
76.7025884493 39.1553381412
82.680201097 42.170398866
88.1133588132 40.1930853585
91.7799118864 36.6746106125
93.2642946022 32.3013858159
92.654538735 27.7911747663
90.2834129687 23.7830209008
86.5868595162 20.7954059853
82.0622816756 19.2001068494
77.2538914684 19.1939010813
72.7250918756 20.7775204064
69.0203168259 23.7555806512
66.637302431 27.7575430949
66.012465218 32.2660154434
67.479702964 36.6428677896
71.12989132 40.1707384611
76.5525028916 42.1622953263
82.8269752825 45.1559327579
88.7227665617 43.4792133292
93.2103794678 40.4030936559
95.8922445465 36.3805814292
96.7590487773 31.8995645009
95.9981932724 27.4099224858
93.863791616 23.3018676069
90.62827736 19.9036168571
86.5788787401 17.4780982321
82.0252666191 16.2128967927
77.2993834227 16.2068194285
72.7425993156 17.4603161017
68.6869906821 19.8754403446
65.4424036286 23.265375716
63.2961788526 27.367878651
62.5208072973 31.8553882153
63.3706681048 36.3383640369
66.0342890488 40.3675326787
70.5052402055 43.4551832786
76.3906476345 45.1473987766
82.9929736038 48.1360947034
89.3161697049 46.6568440593
94.4210550624 43.8990046253
97.9357237358 40.1986630214
99.8210121211 35.9214325287
100.214510354 31.4061063452
99.3104687844 26.948202873
97.304669329 22.8025564227
94.382507715 19.1892268407
90.7263750438 16.2956478164
86.5272010566 14.273364508
81.9916634527 13.2307380337
77.3411671389 13.2247794842
72.803116272 14.255794872
68.599021556 16.2673586233
64.9357097993 19.1516294914
62.0042118397 22.7575112071
59.986899384 26.8979792177
59.0690233201 31.3533980708
59.4462205534 35.869426894
61.3129525087 40.1511172681
64.8080559008 43.8601990793
69.8954330967 46.6311707319
76.2078953017 48.1270761545
83.1851482798 51.1191649471
89.9493617975 49.7734844169
95.5884833292 47.2422042091
99.7492226122 43.7981000197
102.386322191 39.7378593131
103.622717878 35.3346091082
103.635155566 30.8236777584
102.596406744 26.4057702087
100.657659388 22.2548513945
97.9508755609 18.5246320766
94.5986458755 15.3515711055
90.7250496106 12.8541299335
86.4639219418 11.1289364811
81.9623350711 10.2452151294
77.3784580367 10.2393637914
72.8747945663 11.1116067916
68.6096062468 12.8259754595
64.730108046 15.3136243871
61.3702609899 18.4782435427
58.6541854309 22.2016410732
56.7043796764 26.3476118803
55.652567076 30.7627277117
55.6495996581 35.2733824627
56.8679874674 39.6793410416
59.4846918591 43.7458407487
63.6240578523 47.2002738729
69.2441948767 49.7460611487
75.9968452706 51.1095884307
83.4113391323 54.1103430766
90.6601860505 52.854864245
96.8111454699 50.4821751485
101.521151753 47.2302700505
104.750695271 43.356007891
106.62628852 39.0926685071
107.326412017 34.637353101
107.022303175 30.1543429148
105.857944987 25.7832232278
103.949635717 21.6464641684
101.39329063 17.8546925919
98.2738887915 14.5093284257
94.6745860334 11.7027278388
90.6841420458 9.51618034859
86.4016099977 8.01634252742
81.9374841071 7.25099371714
77.4111164321 7.24523764527
72.9452140606 7.99924868804
68.6592132678 9.48825686384
64.6637466884 11.6647765561
61.05801083 14.4623927221
57.9308600679 17.8000087064
55.3654500797 21.585429977
53.4466317465 25.7173944587
52.2700470049 30.0854632638
51.9515841352 34.5674222409
52.6347444709 39.0240481928
54.490406739 43.2915538222
57.6972658406 47.1734406123
62.383420381 50.4369895075
68.5131591989 52.825485024
75.7490746009 54.1001133073
83.6817516222 57.1134729093
91.4847538217 55.9160000991
98.1622115336 53.6490240197
103.374186928 50.5332674117
107.096490006 46.8034118195
109.473104384 42.6683892105
110.696785634 38.3004603685
110.948327183 33.8392377308
110.376250984 29.4000031934
109.095927542 25.0815292791
107.195946083 20.9719872598
104.746342276 17.1528174058
101.806693053 13.7007607265
98.4334090962 10.6882617257
94.685876159 8.18243109201
90.6310256673 6.24281144751
86.3458067088 4.91833592736
81.9171212014 4.24406078319
77.439186966 4.23838816823
73.0089357034 4.90146019882
68.7206634035 6.21514686984
64.6614058671 8.14463122857
60.9082642481 10.6411746802
57.5282981859 13.6453835639
54.5809598116 17.0902598633
52.1226341021 20.9034521522
50.2127570529 25.0083143855
48.9210900972 29.3235280733
48.3358034024 33.7610990822
48.5717112986 38.2225202634
49.7767078969 42.5928988131
52.1310986858 46.7331613845
55.8278033347 50.4717151893
61.0125631369 53.6002709413
67.6655774436 55.8843646489
75.4535851625 57.1024660663
84.0106077639 60.1317316503
92.4660448505 58.9659648046
99.7124217333 56.760649976
105.408116896 53.7318437188
109.55620824 50.1040402527
112.332821354 46.0717419909
113.956374459 41.790625928
114.625142261 37.3829573408
114.498424728 32.9464994457
113.697153864 28.5625207516
112.310934799 24.301843781
110.40616998 20.2290463864
108.033549185 16.405159418
105.234591259 12.8891425094
102.047321971 9.73831031396
98.5111560935 7.00780826402
94.6708810658 4.74922791437
90.5794516011 3.00851367871
86.2992078719 1.8234315198
81.9012175627 1.22100450795
77.4627498738 1.21540376935
73.0633428609 1.80674973133
68.7803393166 2.98110205962
64.6849364136 4.71164076926
60.8396297971 6.96076415057
57.2975215996 9.68265039687
54.1035074004 12.8257938447
51.2970458088 16.3351088902
48.9161229321 20.1533287886
47.0021181982 24.221546045
45.6054653402 28.4788040699
44.7921745926 32.8606420267
44.6513032737 37.2964225406
45.3030758745 41.705162629
46.9059810642 45.9895236365
49.6576008783 50.0278380693
53.776368873 53.6651897367
59.4402985556 56.7078477762
66.657643526 58.9316617362
75.0950385166 60.1197841619
84.4186978337 63.1679259744
93.6619511168 62.0099712549
101.544538546 59.8264811341
107.722399673 56.839741226
112.244538656 53.2732298271
115.338070296 49.3136839583
117.259721292 45.1052582974
118.232478475 40.7572469171
118.430574542 36.3540942672
117.98355966 31.9637473294
116.985431135 27.6437436801
115.503676016 23.4454212575
113.586881552 19.4167462038
111.270907738 15.6041315725
108.583968032 12.0534746939
105.550958363 8.81052893491
102.197245408 5.92065590901
98.5519543734 3.42797858607
94.6506220153 1.37397606844
90.5369424526 -0.204374460417
86.2632856723 -1.27670675194
81.8897632882 -1.8213259149
77.4818650795 -1.82686618011
73.1070304386 -1.29322211652
68.8308193307 -0.231557259256
64.7134691097 1.33661176669
60.8075061232 3.38106274483
57.1567827849 5.86492459133
53.7969695518 8.74678891427
50.7572796806 11.9825752918
48.0631069192 15.5269465012
45.7393016422 19.3341666784
43.813947891 23.3583609191
42.3226779587 27.5531560636
41.3137322707 31.8706577018
40.8541028705 36.2596496569
41.0371090558 40.6627910112
41.9914144071 45.0124411468
43.890188641 49.2246178444
46.9553965492 53.1906942125
51.4434565497 56.7673994894
57.5833789008 59.768958056
65.4303532605 61.9724414259
74.6510137737 63.1548162336
84.9378677887 66.2245986731
95.1565717702 65.0500703083
103.767511644 62.8489407551
110.432127457 59.8610760044
115.27723301 56.3167618327
118.607466637 52.3994201792
120.733071594 48.2444796517
121.908953311 43.9505827307
122.327299762 39.5912196311
122.127570012 35.2235867754
121.409112855 30.8947008873
120.241971068 26.6454959195
118.675195322 22.5135599019
116.743088376 18.5349637699
114.46997946 14.7454581852
111.874042886 11.1811893065
108.970533972 7.87900095606
105.774673167 4.87633845009
102.304271233 2.21074394289
98.5820525673 -0.0810650898833
94.6375084508 -1.96451139131
90.5080224862 -3.40878509901
86.2389956957 -4.38862247451
81.8827938654 -4.88600293756
77.4965475666 -4.89149406876
73.1391041558 -4.40500097603
68.867662021 -3.4357738914
64.7347099468 -2.00167244314
60.7858054675 -0.127830148384
57.0584970579 2.15503855838
53.582425809 4.81241824746
50.3804323828 7.80762488454
47.4703974498 11.1031289821
44.8675565861 14.6614856917
42.587118981 18.445848099
40.6471441384 22.4200718264
39.071766365 26.5484214348
37.8949947362 30.7948642805
37.165458257 35.1218859497
36.9526071308 39.4886787242
37.3549697334 43.8484306125
38.5108969147 48.1442676432
40.6111649985 52.3031968097
43.9091398088 56.227319175
48.7141302143 59.7822457363
55.3323745451 62.7857873544
63.8980748083 65.0085435216
74.0871823126 66.2100163499
85.6196050913 69.3039952972
97.079486186 68.0848185592
106.535528019 65.8231317134
113.683412299 62.7902142273
118.784534291 59.2302538572
122.259503083 55.3257767169
124.490224071 51.2043062602
125.77020833 46.9545395056
126.311225315 42.6400445453
126.262422161 38.3086782678
125.727883674 33.9986712385
124.779875101 29.7425262333
123.468238502 25.5695537855
121.826989883 21.5075603244
119.879035305 17.5839936219
117.639683346 13.826716987
115.119425873 10.2644998069
112.326305599 6.92725801204
109.268071789 3.84604297455
105.954225741 1.05275693886
102.397961603 -1.42043246101
98.6179112454 -3.54199388246
94.6395127242 -5.28223279917
90.4957631023 -6.61472129807
86.2271197544 -7.51782424977
81.8804057725 -7.97613229331
77.5067534942 -7.98158571518
73.1588417953 -7.53409704991
68.8878694363 -6.64155793563
64.7407810094 -5.31922890698
60.7581909071 -3.58862438042
56.9732658508 -1.4760838587
53.4116047363 0.988754644129
50.0919745373 3.77438839018
47.027667386 6.84865661393
44.2282388319 10.1796492374
41.7014450098 13.7362993136
39.4552852 17.488674023
37.5001530451 21.4079916463
35.8511957159 25.4663867706
34.5310797318 29.6364259132
33.57347853 33.8903410826
33.0277491331 38.1988953705
32.9654692664 42.5297118089
33.4897470994 46.8447650744
34.7483520536 51.0965271472
36.9511727805 55.2219525636
40.3893960434 59.1331626891
45.4428564959 62.7038584993
52.5327788023 65.7531239972
61.9290952933 68.0382068853
73.3480827727 69.2874870205
86.5529687734 72.4078391973
99.6421912552 71.1076510559
110.077740427 68.7345264479
117.671312266 65.6098612847
122.922069717 61.9977198088
126.421107566 58.0794684166
128.641410512 53.97341555
129.919251333 49.7575954154
130.484973489 45.4856868616
130.495160604 41.1968198006
130.056470272 36.9214623753
129.241728759 32.685002043
128.100543576 28.509992164
126.666333446 24.4176177128
124.961084214 20.4286912673
122.998683318 16.5643526714
120.78738449 12.8465658121
118.33176429 9.29845713644
115.634410859 5.94450861937
112.697502273 2.81059576709
109.524365872 -0.076153791988
106.121046778 -2.68771325136
102.497845775 -4.99575115741
98.6707137206 -6.97248238542
94.6623222477 -8.59175956945
90.5025896521 -9.83034350976
86.2284536356 -10.6692382909
81.8827693993 -11.0949313011
77.5123690632 -11.1003587001
73.1655085573 -10.6854381704
68.8890859931 -9.85707524933
64.726077996 -8.6286420827
60.7135808469 -7.01902033995
56.8816870624 -5.05136540961
53.2532378221 -2.75177134839
49.8443327802 -0.147997245569
46.6653901071 2.73162948719
43.7225352038 5.8590702114
41.0191363993 9.20717563332
38.557373032 12.7500441789
36.3397942705 16.4631680502
34.3708952377 20.3233991897
32.6588001604 24.3087599159
31.2172079579 28.3981081319
30.0678379487 32.5706451085
29.2437331063 36.8052222666
28.7939658778 41.0793552072
28.7905887973 45.3677744394
29.339123313 49.640206656
30.5944695953 53.8578417425
32.7844972372 57.9675286983
36.2420272378 61.8921075071
41.4360211631 65.5146890933
48.9557269255 68.6560164535
59.3090016274 71.0543653625
72.3378862476 72.3887052036
87.9063472728 75.5366857951
103.212621511 74.102779242
114.746802235 71.5535754595
122.66098888 68.2868323284
127.878746084 64.5888516811
131.231330392 60.6351964269
133.296739615 56.5311101993
134.45112283 52.3419737168
134.937444915 48.1109155002
134.914393448 43.8684731459
134.487115615 39.6379582313
133.72604235 35.4385452249
132.678498439 31.2871350886
131.376009209 27.1995404753
129.839025243 23.1912829157
128.080082833 19.278159331
126.10601383 15.4766634425
123.919586975 11.8043066237
121.520828198 8.27985724477
118.908186746 4.92349995815
116.079661689 1.75690294559
113.033963552 -1.19682950096
109.771747428 -3.91334927052
106.296909782 -6.36743461379
102.6178879 -8.53356646303
98.7488412277 -10.3867236057
94.7105389203 -11.9033810238
90.5307472687 -13.0626555954
86.2439282823 -13.8474980576
81.8901432578 -14.2457920424
77.5131983439 -14.2512055734
73.1582386635 -13.8636597258
68.8691369183 -13.0893346085
64.6860773558 -11.9402116077
60.6436836967 -10.4332299382
56.7699018443 -8.58919181595
53.0856786508 -6.4315708475
49.605333602 -3.98536357409
46.3374359592 -1.27608640223
43.2859807875 1.67102514237
40.4516869473 4.831598261
37.833294754 8.18249799045
35.4288007177 11.7020235859
33.2366202689 15.3699591962
31.2567137338 19.1675091958
29.4917492041 23.0771410589
27.9484155844 27.0823480888
26.6390507639 31.1673309854
25.5838293622 35.3165797966
24.8138869062 39.5143126377
24.3759851101 43.7436871701
24.3397202086 47.9856303391
24.8089685685 52.2170013424
25.9404355144 56.4075514055
27.9739461375 60.5146502614
31.2807227026 64.4737974683
36.4316317193 68.1813218357
44.2506774876 71.4643598324
55.66628769 74.0404045924
70.8757125262 75.5137635211
90.0400992331 78.6880557786
108.478935213 77.0351467604
121.0947912 74.2247319543
129.006537961 70.7647019644
133.876547822 66.9549186091
136.837648581 62.9533880123
138.563612652 58.8457335543
139.452426945 54.6818556974
139.74545408 50.4934279739
139.593754147 46.3024173205
139.094479338 42.1254572625
138.311314663 37.9762335881
137.286348559 33.8668714386
136.047212966 29.8087973114
134.611529426 25.8133136695
132.989776666 21.8920105786
131.187214011 18.0570813675
129.205236794 14.3215782836
127.042397917 10.699625879
124.69524973 7.20659781516
122.15911399 3.85925356927
119.428858845 0.675823523399
116.499740555 -2.32397651736
113.368346828 -5.1190269796
110.033652567 -7.68701274265
106.498163468 -10.0047892823
102.769076963 -12.0489325041
98.8593374444 -13.7964830174
94.7884145832 -15.2258694117
90.5826086402 -16.3179589574
86.274706555 -17.0571440104
81.9028921135 -17.4323392138
77.508947624 -17.4377517448
73.1359414834 -17.0733046419
68.8257241918 -16.3446425797
64.6166058394 -15.2627190942
60.5415402422 -13.8430341864
56.6270142932 -12.1046413265
52.8926841985 -10.069061571
49.3516649498 -7.75923038572
46.0112981905 -5.1985699582
42.8742022023 -2.41023965869
39.9394317427 0.583419045671
37.203623182 3.76125341763
34.6620530394 7.10351151959
32.3095841931 10.5919268398
30.1415097077 14.2097059653
28.1543304858 17.941445076
26.3465238346 21.7729944191
24.7193811399 25.6912825063
23.2780212716 29.6841038026
22.0327319698 33.7398645287
21.0008700145 37.8472692895
20.2096903731 41.9949132836
19.7007276704 46.1707143964
19.5368247777 50.3610632383
19.8138050313 54.5494584547
20.6805487959 58.7141644951
22.3747045254 62.823926701
25.2877389027 66.8296386694
30.0820078385 70.6472555731
37.8726674794 74.12197655
50.3106166187 76.9598661736
68.5756103772 78.6592036604
79.1345083589 82.0291761556
107.825367911 80.8266214218
125.584601359 77.8631822564
135.019631015 74.1006549256
140.084927517 69.9931629834
142.829500322 65.7250457424
144.236741554 61.3791227233
144.807082401 56.998179054
144.813827917 52.6075282763
144.415390533 48.2241810995
143.70775729 43.8609911163
142.750768251 39.5287230708
141.582122943 35.237185452
140.225258212 30.9959118596
138.693990281 26.8146134497
136.995367654 22.7035113389
135.131500249 18.6736048857
133.100792921 14.7369049609
130.89883798 10.9066462232
128.519129549 7.19748250675
125.953713394 3.62566147505
123.19385881 0.209167037814
120.230822528 -3.03219013112
117.056760052 -6.07676238944
113.665820188 -8.90117221548
110.055426941 -11.4805800443
106.227704127 -13.7891574052
102.190930758 -15.8008011559
97.9608369326 -17.4901013148
93.5614809849 -18.8335346016
89.0254218208 -19.810801171
84.3929515768 -20.4061643184
79.7103014922 -20.6096112517
75.0269570174 -20.4176484136
70.3924492165 -19.8335895485
65.8531386451 -18.8672824956
61.4495100904 -17.5343259409
57.2143508598 -15.8549160387
53.1719553133 -13.8525088831
49.3382739038 -11.5524814491
45.7217746303 -8.98093268539
42.3247310512 -6.16370888097
39.1446761214 -3.12568252703
36.1758294367 0.109726960784
33.4103838426 3.52082604015
30.8396051212 7.08775783794
28.45474783 10.7924945266
26.2478223303 14.6187484853
24.2122679385 18.5518309112
22.3436017 22.5784777829
20.6401287158 26.6866549055
19.1038264811 30.8653461038
17.7415639721 35.1043207187
16.5669061327 39.3938667516
15.6029244089 43.7244611587
14.8867638997 48.0863225265
14.4773833178 52.4687396145
14.4692943458 56.8589586935
15.0182912376 61.2401577262
16.3927133574 65.5873980771
19.082855632 69.8587006372
24.0499660094 73.9731625822
33.2949085016 77.7514842041
50.7112597678 80.7525226806
103.516200255 84.5302795025
131.95662673 81.4308135035
142.865454393 77.3098119496
147.524428616 72.8976356442
149.603898123 68.3808258312
150.400522897 63.8236815635
150.463527326 59.2552919709
150.059354026 54.6920683093
149.33003851 50.1451639134
148.356172164 45.6234101958
147.185100352 41.1346646225
145.844770023 36.6865194134
144.351039879 32.2867289937
142.711768808 27.9435073048
140.92921443 23.6657648139
139.001503143 19.4633198513
136.923576851 15.3471020106
134.687848495 11.3293560369
132.284711986 7.42384824779
129.703009134 3.64607180065
126.930535923 0.0134407143047
123.954661648 -3.45454534043
120.763129316 -6.73619326658
117.345096908 -9.8076050301
113.692458519 -12.6428134598
109.801442625 -15.2141255091
105.674414062 -17.4927343077
101.32170565 -19.4496473961
96.7631889877 -21.0569421627
92.0291983838 -22.2892974283
87.1604041077 -23.125668937
82.2063469521 -23.5508969985
77.222610923 -23.5569889461
72.2669639092 -23.143838025
67.3951055632 -22.3192333233
62.656787418 -21.0981586566
58.0929509484 -19.5015223722
53.7342232736 -17.5545548829
49.6007563672 -15.2851317285
45.7031271718 -12.722235787
42.0438959931 -9.89469320866
38.6194353212 -6.83023615008
35.4217354499 -3.55488263959
32.4400097064 -0.0925868372437
29.6620234614 3.53490150608
27.0751426374 7.30802871855
24.6671398689 11.2093313655
22.4268175455 15.2232724774
20.3445159265 19.3360479318
18.4125796393 23.5353812231
16.6258644566 27.8103169098
14.9823859859 32.1510165958
13.4842539404 36.5485555739
12.1391202739 40.994711931
10.9625387148 45.4817307567
9.98198100422 50.002029566
9.24400609273 54.547776716
8.82781285583 59.1101955937
8.87276618025 63.6782468835
9.63965497225 68.2357712056
11.6641129578 72.7543052564
16.2042679158 77.171412132
26.7995308977 81.3076968174
54.3961449138 84.4658107551
77.5593583409 87.9132712652
144.30565454 84.853276062
154.343922705 80.2891852458
156.949139018 75.5914599942
157.524536918 70.8663079439
157.257372826 66.1392646186
156.549591964 61.4214611253
155.571645086 56.720006038
154.405793596 52.0406902265
153.094558731 47.3889438718
151.660206982 42.770269208
150.113599405 38.1904886179
148.458581313 33.6559234924
146.694305061 29.1735497855
144.816518238 24.751151274
142.818304226 20.3974814106
140.690524935 16.1224398875
138.422106604 11.9372671155
136.000258998 7.85475719069
133.41069667 3.88948664608
130.637924865 0.0580515860016
127.665655316 -3.62070104244
124.477423705 -7.12547197718
121.057485504 -10.4323748276
117.392062594 -13.5149205572
113.470988178 -16.344190537
109.289738304 -18.8892802555
104.851732618 -21.1180964987
100.170634766 -22.9985680811
95.2722112912 -24.5002729071
90.1951829325 -25.5963890569
84.9905202185 -26.2657593541
79.7188763862 -26.4947555147
74.44630571 -26.2785916797
69.2389387043 -25.6218070582
64.1576421692 -24.537808217
59.2536974173 -23.0475748542
54.5661813567 -21.1778058597
50.1212130445 -18.9588554727
45.9327687881 -16.4227755832
42.0045211249 -13.6016779747
38.3321337048 -10.5265118645
34.9055664254 -7.22625606884
31.7111165573 -3.72746676697
28.7330748494 -0.0540982873642
25.9549826569 3.77248540693
23.3605365122 7.73337825042
20.9342121596 11.8119317271
18.6616848214 15.9935239047
16.5301176276 20.2653221001
14.528383575 24.6160536495
12.6472835322 29.0357923401
10.8798285192 33.5157633165
9.22167550816 38.0481659697
7.67185532605 42.6260116807
6.23403749499 47.2429704103
4.91880803596 51.8932154529
3.74796660682 56.5712458238
2.76316845095 61.2716415777
2.04489087715 65.9886402707
1.759377122 70.7152074172
2.29656141005 75.4404312627
4.79735148673 80.1396405286
14.3531755069 84.7127348587
185.811527191 87.5454642579
173.165419644 82.7635381642
169.46166962 77.9297196109
167.04187386 73.0953226881
165.035200698 68.2689199953
163.200393763 63.4553091667
161.441078845 58.6585855438
159.708829253 53.8828000053
157.974639361 49.1321973344
156.218371076 44.4113509425
154.424178288 39.7252704761
152.578262937 35.0795071306
150.667651878 30.4802672378
148.679462241 25.9345401166
146.600419347 21.4502445229
144.416517299 17.0363972922
142.112772421 12.7033071109
139.673052676 8.46279532996
137.079988438 4.32844384064
134.314988701 0.315866718399
131.358405692 -3.55700319495
128.189910751 -7.26963028104
124.789164067 -10.7986250605
121.13687517 -14.117574067
117.216349851 -17.1970207883
113.01558536 -20.0046913157
108.529887542 -22.5060760763
103.76482211 -24.6654778794
98.7390809357 -26.447598584
93.4865953886 -27.8196457374
88.0570813135 -28.753795738
82.5143120081 -29.2296826612
76.9318860903 -29.2364594841
71.3870000024 -28.7739803154
65.9534423711 -27.852816927
60.695326043 -26.4931054081
55.6627902484 -24.722503075
50.8902044801 -22.573704715
46.396658802 -20.0819733733
42.1880450192 -17.2830208894
38.2599121844 -14.211406145
34.6004223439 -10.8994729743
31.192980361 -7.37675714254
28.0183444727 -3.66975260364
25.0561877994 0.198074645363
22.2861710803 4.20611937711
19.688621881 8.33638737719
17.2449174384 12.5732117083
14.937654212 16.9029657699
12.7506676037 21.313790958
10.6689453324 25.7953479439
8.67845911113 30.3385949884
6.76592055622 34.9355933353
4.918445282 39.5793378136
3.12307666755 44.2636097306
1.36606205441 48.9828484839
359.631651247 53.7320375872
357.899899352 58.5065992043
356.142202623 63.3022868608
354.311046814 68.1150522892
352.312460223 72.940812903
349.913251179 77.7748197567
346.284921341 82.6087634675
334.513703132 87.3960784714
260.982138966 86.5667403724
203.611714285 84.0670374703
186.244494785 79.6589511991
178.616870812 74.9389314904
173.962158437 70.1350096695
170.549385127 65.3041367571
167.755815135 60.4684376121
165.302836609 55.6396287139
163.045516935 50.8256085979
160.899223152 46.0327709225
158.809485751 41.2669937721
156.73803102 36.5341459
154.655662832 31.8403985101
152.538336825 27.1924571535
150.364839388 22.5977654005
148.115325939 18.064706677
145.770347743 13.6028195366
143.310177709 9.22303611189
140.714341675 4.93794995727
137.961319427 0.762116069254
135.028420863 -3.28761883168
131.891877936 -7.19176502395
128.527227088 -10.9278383311
124.910089269 -14.4700467032
121.01747903 -17.789077489
116.82977474 -20.8520790747
112.333432088 -23.6229637663
107.52438724 -26.0631827321
102.4118457 -28.1331176703
97.0218010186 -29.794169577
91.3992762486 -31.0114799376
85.608142709 -31.7570016021
79.7276920941 -32.0124093044
73.8460033805 -31.7712190459
68.051280542 -31.039580057
62.423160388 -29.8355237383
57.0260024893 -28.1868741543
51.90536709 -26.1283503383
47.0877523947 -23.6984918391
42.5827842311 -20.9369228988
38.3867143598 -17.8822445528
34.4862124651 -14.5706244741
30.8617855139 -11.0350070046
27.490511948 -7.3047995412
24.3480317818 -3.40588408734
21.4098723369 0.639173774413
18.6522411345 4.81081308992
16.0524178481 9.09212635469
13.5888533011 13.468507737
11.241051144 17.9273219152
8.98927386605 22.4576030499
6.81407964773 27.049785969
4.69565574026 31.69546689
2.61285713507 36.3871875629
0.541764981291 41.1182332204
358.453401954 45.8824293
356.309876138 50.6739110594
354.057405567 55.486815626
351.612668089 60.3147850118
348.833449584 65.1500005143
345.447490154 69.9809382615
340.849677138 74.7860191263
333.372360573 79.5103188251
316.581716534 83.9377353853
237.391094803 83.4530073012
207.106444898 80.4291159188
192.453204954 76.2242033033
184.19629809 71.6378589809
178.705449302 66.9030055174
174.593412669 62.1029292768
171.245895315 57.2748861689
168.352683876 52.4389753195
165.739689463 47.6079662258
163.300285859 42.7912451477
160.963954436 37.9966321235
158.680610722 33.2313290288
156.41215498 28.5024824107
154.127608002 23.8175684233
151.800138639 19.1846979305
149.405143178 14.6128928527
146.918939865 10.1123631179
144.317846575 5.69480264957
141.577523053 1.37371635925
138.672530148 -2.83521519939
135.576111435 -6.91373329457
132.260250074 -10.8405700893
128.696101491 -14.5910141975
124.854949707 -18.1365212434
120.709871748 -21.4444518809
116.23829566 -24.4780634281
111.425559909 -27.1969279396
106.269367838 -29.5579808371
100.784638168 -31.5173865999
95.0077192153 -33.0332979535
88.9984606558 -34.0693536063
82.8385951492 -34.598437285
76.6256289371 -34.60593259
70.4629367945 -34.0916413363
64.4483337318 -33.0698107281
58.6640912874 -31.5672611329
53.1707059116 -29.6201568396
48.0051617181 -27.270249331
43.1829196443 -24.5613642272
38.7020942772 -21.5366183183
34.5483032627 -18.2365296034
30.6991416799 -14.6979485637
27.1277690378 -10.9536257257
23.8054942111 -7.03221100874
20.7034622664 -2.95851083449
17.7936278972 1.24612446695
15.0492005536 5.56336649795
12.4447103601 9.97747719471
9.95579678122 14.4749051932
7.55877424548 19.0439199877
5.22998156923 23.6742838797
2.94486943384 28.3569552213
0.676710024474 33.0838111536
358.394701514 37.8473716574
356.061039488 42.6404960298
353.62613338 47.4560016868
351.020313593 52.2861094039
348.13848275 57.1215128932
344.809490569 61.94960272
340.729283898 66.7506246109
335.298021364 71.4881583227
327.167366413 76.0813075418
312.823776415 80.3055644188
283.226592754 83.3926177737
260.19692776 81.311879028
228.649010445 80.0007993366
208.02108148 76.7689042697
195.696639282 72.662960053
187.711319827 68.1763526907
182.005409126 63.5083915564
177.584228171 58.7476869534
173.93541896 53.9391536997
170.772974084 49.1085934041
167.924842598 44.2726792875
165.28028575 39.4434682213
162.763405531 34.6306517414
160.318928723 29.8427922517
157.90410356 25.0880748631
155.483818787 20.3748205474
153.027504382 15.7118839039
150.507059656 11.1090027411
147.895399589 6.5771394582
145.165395579 2.12884009574
142.289095683 -2.2213714666
139.237182954 -6.45655344226
135.978690606 -10.5568576005
132.481051975 -14.4990021473
128.710627453 -18.2557362847
124.633917566 -21.79535893
120.219724613 -25.081401423
115.442524841 -28.0726458536
110.287187242 -30.7237160356
104.75483062 -32.9865171819
98.868988904 -34.8127584819
92.6804542489 -36.1576034126
86.268579157 -36.9841253886
79.7370782431 -37.2677845354
73.2039137658 -36.9998188382
66.7872524947 -36.1885371786
60.5913638143 -34.8580929609
54.696358572 -33.0451382326
49.1538228806 -30.7943607985
43.9879904833 -28.1540151522
39.2005191791 -25.1722435348
34.7766452292 -21.8945216748
30.6910636306 -18.3621921128
26.9126834495 -14.6118538167
23.4080364618 -10.6753317643
20.1434690547 -6.57998782421
17.0863779618 -2.34919945123
14.2057532523 1.99710516327
11.4722395337 6.44191906283
8.8578594455 10.9706665898
6.33547916738 15.5707618714
3.87803639253 20.2312134035
1.45749131618 24.9422642172
359.043388405 29.6950503648
356.600809469 34.4812521864
354.087316678 39.2926989762
351.448146215 44.1208610518
348.608242423 48.9561084648
345.458308481 53.7864963513
341.828883312 58.5955600679
337.438901568 63.3579092655
331.786122037 68.0295099162
323.897993427 72.5238426563
311.762929197 76.6470921791
291.477426384 79.9200203213
246.671167247 78.4933222914
223.851284648 76.4653804988
208.083078774 73.1035806784
197.487799453 69.0445413304
189.994839385 64.6261181509
184.342545153 60.013095014
179.822417221 55.2900843739
176.026534676 50.5043488474
172.708002339 45.6847478829
169.709087079 40.8505493823
166.923489443 36.015823521
164.275691553 31.1918004751
161.709112382 26.388236724
159.178987282 21.61427775
156.647881027 16.8790601417
154.082720998 12.192182594
151.452736342 7.56412013853
148.727956391 3.00662800109
145.87807447 -1.46683344008
142.871579988 -5.84063018824
139.675134148 -10.0964278141
136.253231637 -14.2126011192
132.568264642 -18.1635908757
128.58119252 -21.9192451949
124.253115952 -25.4442272364
119.54813184 -28.697637529
114.437838638 -31.6330871167
108.907652048 -34.1995491206
102.964526441 -36.3433611612
96.6446865437 -38.0116602038
90.0187963831 -39.1572053725
83.191383124 -39.7439685584
76.2923218229 -39.7522444103
69.4611040424 -39.1817632925
62.8281083653 -38.0517360166
56.4987155155 -36.3978141212
50.5445670764 -34.2670142219
45.0027899733 -31.7121210553
39.881049369 -28.7868319835
35.1652491574 -25.5422812151
30.8272779082 -22.0250009731
26.8313725265 -18.2760434396
23.1386732133 -14.3308911849
19.7101194878 -10.2198262797
16.5080545905 -5.96851924508
13.496915909 -1.59868739908
10.643312854 2.87126063502
7.91569814855 7.42563276738
5.28375114316 12.050924797
2.7175175385 16.7353504487
0.186282850147 21.4684154869
357.657085009 26.2405137391
355.092675924 31.0425139081
352.448591534 35.8652914108
349.668727474 40.6991321267
346.678328577 45.5328810086
343.37234455 50.3525976608
339.595157842 55.139242331
335.103603507 59.8643738604
329.496611407 64.4815421041
322.078557133 68.9078185658
311.610579594 72.9820887027
296.046460355 76.3741529822
273.447849862 78.4574486925
260.006426264 76.2453853129
238.249172569 75.3501587492
220.631585482 72.8960558319
207.789655009 69.4367936124
198.491307627 65.3970348109
191.511759853 61.0238166206
186.025741732 56.4533497542
181.519040727 51.7630607031
177.669640208 46.9995866787
174.269436492 42.1929541005
171.178439152 37.3639077356
168.298305851 32.5278770096
165.556736801 27.6972455759
162.897972306 22.8827355227
160.276785202 18.0943176404
157.654521745 13.3418670549
154.996370548 8.63568820014
152.269383637 3.98698436287
149.44097085 -0.591678523278
146.477709723 -5.08587809846
143.344397245 -9.47878473622
140.00334189 -13.7505343376
136.413971231 -17.8775165624
132.532925613 -21.8315901028
128.314929003 -25.5792724445
123.714866629 -29.0810126634
118.691612223 -32.2907503548
113.214125428 -35.1560899521
107.269980742 -37.6195468267
100.875547874 -39.6213647194
94.0854594466 -41.1042165551
86.997334228 -42.0195415117
79.7474011712 -42.3343889991
72.4952075816 -42.0368610406
65.4006392182 -41.1382396215
58.600823163 -39.6709686375
52.194554552 -37.6832790185
46.2376240502 -35.2323548794
40.7473438959 -32.3779626984
35.7119448815 -29.1776985743
31.1007772419 -25.6841216024
26.8729017513 -21.9434712412
22.9832550557 -17.9954703586
19.3865334378 -13.8737546645
16.03931132 -9.60659551757
12.900939257 -5.21770989531
9.93365484099 -0.727046847806
7.10220135913 3.84849831272
4.37312770101 8.49445442707
1.71384725914 13.1982217193
359.09145633 17.9485767924
356.471240699 22.7352085493
353.814715591 27.548249637
351.076924963 32.377754329
348.202532313 37.2130487155
345.11989705 42.0418313474
341.731716591 46.8488092159
337.899675551 51.6134661979
333.418435966 56.3061706088
327.97063998 60.8809945297
321.049892725 65.2618394013
311.842949803 69.3150382989
299.136663996 72.7981933817
281.680117557 75.2928858233
250.284200223 73.5738774794
232.513631592 72.0461675523
218.217924119 69.3078935982
207.335249139 65.7692212045
199.036943986 61.7333814668
192.533793458 57.3894781068
187.256474 52.8511694538
182.822503057 48.1881196805
178.976224053 43.4448684632
175.543285438 38.6514093192
172.401070235 33.8291384076
169.460157452 28.9943025562
166.652649557 24.1600870275
163.924664255 19.3379509227
161.23135325 14.5385420698
158.533468089 9.77237987613
155.794882378 5.05041915693
152.980710513 0.384567740114
150.055804754 -4.21179089776
146.983507049 -8.72323046928
143.724606694 -13.1316380872
140.236529616 -17.4154691665
136.472877767 -21.5488888526
132.383564094 -25.5008127316
127.915960501 -29.2339077204
123.01768103 -32.7036996462
117.641789372 -35.8580701243
111.755160673 -38.6376080771
105.350096813 -40.9774567443
98.4576986499 -42.8113179465
91.1589743078 -44.0779008114
83.5874709343 -44.7291518629
75.9179675708 -44.738304365
68.3412741035 -44.1049882344
61.0330037885 -42.8553047017
54.1280669587 -41.03683318
47.7089436822 -38.7106243351
41.8079893999 -35.942942445
36.4183983993 -32.7987529189
31.5075803299 -29.3376516467
27.0288541667 -25.6119670953
22.9299035416 -21.6663771134
19.1580629475 -17.5383959572
15.6631569847 -13.2592607975
12.3986843847 -8.85493059
9.32197474037 -4.34704775993
6.39374073382 0.246199980738
3.57727552638 4.90933139729
0.837416819445 9.6289253987
358.13930575 14.3930521868
355.446893831 19.1907499967
352.721076857 24.0115082199
349.91724117 28.8447061584
346.981868015 33.6789355386
343.847614713 38.5010954986
340.425908659 43.2950748141
336.595443526 48.0396957081
332.183917414 52.7053233099
326.938895289 57.2480231746
320.482852826 61.5991789166
312.253368264 65.6469603994
301.467513837 69.2053029929
287.289866612 71.9750411086
269.613432621 73.5479056875
259.919101417 71.3123252473
243.124531551 70.6235858868
228.312314382 68.6507352637
216.286710781 65.7067994338
206.810816174 62.1007428472
199.304940538 58.0601268618
193.227865063 53.7347086009
188.169593333 49.2204499363
183.838577855 44.579682374
180.029561949 39.8542203486
176.596133158 35.073315393
173.431256906 30.2584466124
170.454182379 25.4262640245
167.601700071 20.5904623647
164.822223617 15.7630339463
162.071673921 10.9551624613
159.310506533 6.1779157943
156.501460219 1.44283852109
153.607756497 -3.23748668207
150.59158072 -7.84885630007
147.412750175 -12.37479828
144.027543755 -16.7958211036
140.38775031 -21.0885278475
136.440110082 -25.2245773841
132.126499354 -29.169506479
127.385459797 -32.8814920657
122.155983145 -36.3102548101
116.384709508 -39.3965040176
110.03755542 -42.0725915376
103.115652159 -44.2652808109
95.6727317487 -45.9014862802
87.8271280258 -46.9171067574
79.7591299995 -47.2674891617
71.6880056786 -46.936277137
63.8335968888 -45.9389800864
56.3776730635 -44.3195864844
49.4404043338 -42.141814244
43.0771938539 -39.4786407543
37.2903996196 -36.4033958494
32.0466820582 -32.9839334052
27.2930376061 -29.2797907086
22.9685561532 -25.3414895008
19.0117305458 -21.2110683624
15.3643195198 -16.9231710129
11.9729258578 -12.506283824
8.78920902934 -7.98391704912
5.7693418139 -3.37564800151
2.87306696869 1.30198883733
0.0625323771442 6.03474750802
357.300964521 10.8100205395
354.551156985 15.6162550852
351.773681567 20.4423918105
348.924655204 25.2772745072
345.952796343 30.1089619432
342.795354688 34.9238426209
339.372264593 39.7053967981
335.577514104 44.4323482538
331.266220015 49.0757650228
326.235398723 53.5943449989
320.196774004 57.9265905554
312.744581643 61.9778958356
303.34132391 65.6006109525
291.404729677 68.569954103
276.676819317 70.5789826117
252.226432826 68.7301907481
237.681123752 67.4967378613
225.065563942 65.1969157783
214.678796727 62.095496452
206.264374458 58.4310523852
199.401612457 54.3808388942
193.701426225 50.066597764
188.858032733 45.5703007153
184.644119497 40.9477019143
180.892723846 36.2377107492
177.480108531 31.4684458374
174.312664767 26.6610945528
171.317539118 21.8324066668
168.43603133 16.9963549462
165.618901573 12.1652926374
162.822948191 7.35081289432
160.008411291 2.56444158904
157.136898791 -2.18174726213
154.169629896 -6.87452747562
151.065862525 -11.4988738865
147.781432268 -16.037223706
144.267398525 -20.4685995229
140.46889033 -24.7675522217
136.324399631 -28.9028973948
131.766020435 -32.8362593209
126.721508722 -36.5205271619
121.119514341 -39.8985045275
114.899705666 -42.9023295908
108.029180818 -45.4546393685
100.524464924 -47.4727656666
92.4736252616 -48.8770142641
84.046991021 -49.6026758562
75.4835054337 -49.6128469897
67.0496469565 -48.9070111842
58.9857802077 -47.521166878
51.4644491745 -45.5194347572
44.5759372272 -42.9812802341
38.3384719171 -39.9894274793
32.7202045237 -36.6214628791
27.6613122032 -32.9455375983
23.0905886194 -29.0191381118
18.9357281864 -24.8896333757
15.1286693412 -20.5956137782
11.6077218739 -16.1684347458
8.3178428089 -11.6336773972
5.20994800084 -7.01241806916
2.2397664927 -2.32229095976
359.366490925 2.42163037685
356.551319926 7.20609119861
353.755890398 12.01900697
350.940529117 16.848859064
348.062192172 21.6840808466
345.071889793 26.5123687037
341.911296936 31.3198297872
338.508110302 36.0898368034
334.769519873 40.8013878259
330.572940064 45.4266462613
325.753044377 49.9271360911
320.084753754 54.2477743412
313.265020537 58.3076225102
304.907117454 61.9864643808
294.58938438 65.1090257244
282.044892465 67.4384737946
267.548102089 68.7096065409
259.868132106 66.4683781881
246.088097681 65.9040699258
233.410001416 64.2514815927
222.458293872 61.7022023415
213.306897881 58.4754232862
205.723724105 54.7598621294
199.393724395 50.6976085727
194.026664601 46.3897047257
189.387789878 41.9069302904
185.296230102 37.2992658381
181.614339706 32.6027622876
178.236669528 27.8442116066
175.080954149 23.0442712612
172.081291158 18.2195739051
169.183089522 13.3841910977
166.339302098 8.55069471875
163.507539357 3.73097692227
160.647759812 -1.06306170202
157.720314054 -5.81887593381
154.684181485 -10.5226276859
151.495289498 -15.1584682909
148.10485666 -19.7076946659
144.457772875 -24.1477212666
140.491149269 -28.4508117157
136.133383332 -32.5825303905
131.304451839 -36.4999266883
125.918721847 -40.1495921075
119.892319737 -43.4659912355
113.157650918 -46.3709172382
105.686925292 -48.7755165097
97.5225874755 -50.5867127828
88.8042216111 -51.7191894879
79.7729305339 -52.1114505073
70.7372035933 -51.7405398304
62.0065407631 -50.6282262624
53.8245571152 -48.8351320545
46.333737427 -46.4461542338
39.5789057155 -43.5543501767
33.5337885003 -40.2488057346
28.1315344582 -36.6080665243
23.2884877042 -32.6980172617
18.9189404459 -28.572378057
14.9426639618 -24.2743567788
11.2878147262 -19.8385917441
7.89127660452 -15.2929739358
4.69774846376 -10.6602035159
1.65830273264 -5.95906564439
358.728768217 -1.20546449223
355.868074372 3.58672862939
353.036572558 8.40495492341
350.194277563 13.237318897
347.298920634 18.0719529815
344.303654848 22.8963323349
341.154191992 27.6964607147
337.785069394 32.4558190094
334.114647002 37.1539176628
330.038351289 41.7642125938
325.419736063 46.2510205226
320.079500992 50.5649075584
313.784735202 54.6358994505
306.246776892 58.364096536
297.150259884 61.6088702713
286.257581755 64.182918126
273.628524101 65.8673647786
253.458859174 63.9414970017
241.125887728 62.9028425356
229.967770431 60.9222114222
220.306919466 58.1767032161
212.119338639 54.8474578483
205.206300296 51.0869771376
199.32554064 47.0117729678
194.254050897 42.7071291656
189.807184839 38.2347549656
185.838392434 33.6396039231
182.232708668 28.9550213672
178.899438736 24.2063973781
175.765812186 19.4137139188
172.771925313 14.5933336534
169.866808848 9.75928905245
167.005347996 4.9242534644
164.145795603 0.100321518325
161.247663037 -4.70030838752
158.269816847 -9.46467657222
155.168646172 -14.1783655983
151.896200933 -18.8247019201
148.398246284 -23.3837881129
144.6122577 -27.8312911072
140.465534922 -32.1369090974
135.873912472 -36.2624564573
130.742095214 -40.1595745313
124.967555885 -43.7672588704
118.451140283 -47.0097883295
111.118348201 -49.7963397463
102.953599775 -52.0244711821
94.0421488455 -53.590054659
84.5998312291 -54.4045884445
74.9606226512 -54.4159878899
65.5079568146 -53.6235131116
56.5783349453 -52.0779973881
48.3912847214 -49.8672292163
41.0353947743 -47.0951793214
34.4973058788 -43.8645111802
28.7036292096 -40.2664424925
23.5555497066 -36.3771179437
18.9504531274 -32.2579216799
14.792772289 -27.9575233865
10.9980220875 -23.5143506873
7.49320254632 -18.9588875016
4.21553736527 -14.3156002724
1.1105963777 -9.60448107697
358.130290965 -4.84226730732
355.230926591 -0.0434151507711
352.371339886 4.77909838469
349.511067431 9.61307719797
346.608447408 14.4464486302
343.618520211 19.2665830541
340.490557353 24.0595180432
337.165004775 28.8089952291
333.569582545 33.4951838796
329.614267312 38.0929116164
325.184987251 42.5691464466
320.136322794 46.879385213
314.284913524 50.9625589064
307.408841808 54.734262784
299.265801135 58.0790933747
289.654024992 60.845684009
278.541215492 62.8534611586
266.236550006 63.9243550738
259.834154645 61.6756388859
248.106828437 61.1957257383
237.055131909 59.7722756126
227.134060256 57.530253584
218.498233683 54.6267137797
211.083874292 51.2122322361
204.723932598 47.4123246251
199.227918875 43.3242920209
194.420266659 39.0211219123
190.152726972 34.5570775557
186.304623663 29.9727416511
182.778739921 25.2989491369
179.49632842 20.5596818499
176.392536871 15.7741617205
173.412577447 10.9583741342
170.508599997 6.12620559858
167.637113837 1.29033310688
164.756784266 -3.53703226746
161.826442128 -8.34346729227
158.803162775 -13.1156552679
155.640288628 -17.8386352486
152.285291136 -22.4949103407
148.677407907 -27.0633319856
144.745080549 -31.517661923
140.403421 -35.8247028006
135.552365063 -39.9419032794
130.077017844 -43.8144336527
123.853163351 -47.3719955413
116.762912215 -50.5262426177
108.726663973 -53.1708024382
99.7537973806 -55.1872591405
89.9993999645 -56.4606435199
79.7898307376 -56.9041907898
69.573734048 -56.4846609583
59.8016353026 -55.233580777
50.8043370692 -53.2365642765
42.741577751 -50.6081792605
35.6260384501 -47.4670125516
29.3798210151 -43.9198906838
23.8855782813 -40.055677438
19.0189998469 -35.9451389479
14.6648283236 -31.6434848172
10.7225728614 -27.1935577095
7.10694915 -22.6287708027
3.74606832224 -17.9755181826
0.57891094335 -13.2550578063
357.552761585 -8.48496004767
354.620839961 -3.6802309426
351.740157879 1.14579115407
348.869539447 5.98068202894
345.967701174 10.8122495204
342.991266757 15.6278566375
339.892573531 20.4136813898
336.617109475 25.1538336284
333.100407096 29.8292272801
329.264237407 34.4160719127
325.012057519 38.8838011097
320.22402177 43.1922072451
314.75280241 47.2875445125
308.423613583 51.0975170678
301.046034398 54.5256844717
292.451274403 57.4474423215
282.570551113 59.712827308
271.549726396 61.1644783238
254.325388013 59.1789994038
243.615399611 58.2805793254
233.670012803 56.5431368238
224.763742717 54.0894611443
216.959260556 51.0564269345
210.179738172 47.5702858235
204.285350362 43.7359684857
199.123466213 39.6359605375
194.55304317 35.3334528383
190.452939446 30.8765211086
186.72234237 26.3019393458
183.278085779 21.6382361995
180.051150955 16.9080169708
176.98328662 12.1296981708
174.024037238 7.31881200437
171.128192444 2.48901423709
168.253565168 -2.34709869424
165.358972484 -7.1772788403
162.402285609 -11.9889505583
159.338414632 -16.7685017083
156.117094296 -21.5004708656
152.680344325 -26.1665465597
148.959510015 -30.7442734046
144.871890752 -35.205332466
140.317233118 -39.5132388543
135.17499625 -43.6203080539
129.304628868 -47.463861337
122.55354028 -50.9620416019
114.780867019 -54.0105931686
105.906809208 -56.4837856258
95.9886171938 -58.2447416882
85.2939831827 -59.1697287939
74.303832823 -59.1826744768
63.5937657833 -58.2824770151
53.6494688126 -56.5434379799
44.7449983817 -54.0884719199
36.9425799487 -51.0544982119
30.1650878977 -47.5677572189
24.2725485179 -43.7331418351
19.1122814656 -39.6330929137
14.5432469955 -35.3307588378
10.4443285179 -30.8741781901
6.71474525243 -26.3000933484
3.27136252151 -21.6370060205
0.0451900690006 -16.907498211
356.97800156 -12.1299658546
354.019363323 -7.31992256059
351.124084579 -2.49100690876
348.249996516 2.34420088193
345.355934162 7.17346847281
342.399787504 11.9842355517
339.336487509 16.7629053725
336.115793431 21.494032385
332.679755027 26.1593220342
328.959755407 30.7363376885
324.873142096 35.1967821549
320.319722359 39.5041968897
315.179028771 43.6109304632
309.310590404 47.4543463675
302.561883913 50.9526403887
294.792054208 54.0016180987
285.921172207 56.4756068646
276.006138883 58.2377562193
265.314088061 59.1642902495
259.80946882 56.8996185223
249.594085678 56.4817257799
239.82161999 55.2322138446
230.823132654 53.2365544366
222.758725897 50.6092346856
215.641392679 47.4688189486
209.393434703 43.9221488785
203.897604346 40.0581208677
199.029624746 35.9475383331
194.674236221 31.6456466104
190.730929319 27.1953203394
187.11439554 22.6300006586
183.752721403 17.9761061002
180.584864519 13.2549162442
177.558088672 8.48402091962
174.625594709 3.67844399657
171.744376871 -1.14845951625
168.873242182 -5.98424957392
165.970889573 -10.8167186929
162.993923484 -15.6332147609
159.894658853 -20.4199005101
156.61855623 -25.1608698891
153.101113195 -29.8370196248
149.264055171 -34.4245397844
145.010779236 -38.892840643
140.221361595 -43.2016852435
134.748377281 -47.2972893794
128.416932459 -51.1073061878
121.036519174 -54.5352292995
112.43835723 -57.4563775101
102.553900322 -59.7207199917
91.5295814066 -61.1708822496
79.8115541258 -61.6802030309
68.0834095341 -61.1983121053
57.0325254734 -59.7730011248
47.1133682422 -57.5294266417
38.4799219205 -54.6247257462
31.0679550078 -51.2094724463
24.7101893773 -47.409138638
19.2160602278 -43.3209705526
14.4100046147 -39.0179041112
10.1438085622 -34.5541586498
6.29683886636 -29.9702806028
2.77191972395 -25.2970749182
359.490339666 -20.5584981773
356.387276796 -15.7737504862
353.407969013 -10.9587978382
350.504588362 -6.12750903973
347.633664009 -1.29254452626
344.753879926 3.53390046495
341.824085588 8.33941817025
338.801376143 13.1107073298
335.639116274 17.8328227858
332.284803655 22.4882842544
328.677707757 27.0559612475
324.746309445 31.509635917
320.4057687 35.81613486
315.556078029 39.9329357422
310.082403746 43.8052445603
303.860582619 47.362806375
296.772740909 50.5173246475
288.73920743 53.1624758431
279.769145562 55.1798749477
270.017263555 56.4545385421
254.979543424 54.4121673331
245.527082871 53.6211769144
236.596844274 52.0770255913
228.40860295 49.8674004946
221.051225046 47.0962210963
214.511571088 43.866141404
208.716389675 40.2683954498
203.566934335 36.3791562304
198.960614209 32.2598395186
194.801860226 27.9591456229
191.006173258 23.5155301419
187.50053464 18.9595020303
184.222148515 14.3155501084
181.116565922 9.60368663058
178.135680668 4.84066742644
175.235781693 0.040965784601
172.375689624 -4.78242518294
169.514924795 -9.61729397643
166.611807888 -14.4515529689
163.621359232 -19.2725576969
160.492825951 -24.0663306535
157.166622864 -28.8165976102
153.570428855 -33.5035103847
149.614164792 -38.101876289
145.183682681 -42.578638166
140.133460249 -46.8892597708
134.280005166 -50.9726266568
127.401250664 -54.7442709039
119.254776316 -58.0887046437
109.638869475 -60.8544630489
98.5216687376 -62.8608964526
86.2132857369 -63.9299549864
73.4336241806 -63.9449532151
61.100872671 -62.9041550617
49.9446823284 -60.9216649213
40.2865756842 -58.1747308752
32.1018480376 -54.8445110485
25.1914067709 -51.083457116
19.3128699894 -47.0080122462
14.2432335441 -42.7033961431
9.79790131115 -38.231265029
5.83038249121 -33.6365302057
2.22576654854 -28.9525032462
358.893404622 -24.2045466654
355.760563863 -19.4126192063
352.767371293 -14.5930633059
349.862883193 -9.7598932388
347.002006728 -4.92576550676
344.143014516 -0.102758742825
341.245436779 4.69694419051
338.268159187 9.46039903051
335.167591462 14.1732039888
331.895806814 18.8187018052
328.398597686 23.3770124943
324.613472113 27.8238222608
320.467768563 32.1288512992
315.877366217 36.2539398017
310.747017522 40.1507598911
304.974237073 43.7583435606
298.459888321 47.0010108867
291.129432935 49.7879801263
282.967156993 52.0168399681
274.058059373 53.5834639293
264.617633774 54.3993026081
259.790393483 52.106900803
250.755285352 51.7373529901
242.02449463 50.6263608766
233.841769595 48.8344393128
226.349807771 46.4464141943
219.59364142 43.555310889
213.547153673 40.2502133754
208.143589779 36.6096835487
203.2993423 32.6996309087
198.928720158 28.5738028413
194.951493095 24.2754338936
191.295806831 19.8391872014
187.898530569 15.2929764066
184.704347417 10.659522309
181.66431421 5.95762897865
178.734244705 1.2032180883
175.873053688 -3.58982266364
173.041077746 -8.40891894785
170.198315996 -13.2421603556
167.302482031 -18.0776647743
164.306707754 -22.9028928971
161.156678094 -27.7038336935
157.786894677 -32.4639523286
154.115668312 -37.1627416071
150.03835626 -41.7736362814
145.418413977 -46.2609257186
140.076403046 -50.5751381752
133.779228398 -54.646244475
126.238015425 -58.3742645215
117.137247535 -61.6184584167
106.239476092 -64.1913959289
93.6053033736 -65.8741240375
79.8412792465 -66.4729041592
66.0603385144 -65.9061699959
53.3839435566 -64.2513648676
42.4353766641 -61.7003373666
33.2874310455 -58.4723396339
25.7074098407 -54.7560341083
19.3800711991 -50.6934222184
14.0151875587 -46.3854641135
9.37807837119 -41.9028740216
5.28795747148 -37.2955824244
1.60725323049 -32.5996017944
358.230576399 -27.8416938016
355.075708789 -23.0424911348
352.076785215 -18.2186053538
349.179244487 -13.3840893597
346.336064135 -8.5514979583
343.504875944 -3.73270722112
340.64565786 1.06039778997
337.718779308 5.81528718244
334.683239076 10.5181383264
331.494985606 15.1531184953
328.105261241 19.7015414526
324.458983344 24.1408399382
320.493294806 28.4432979656
316.136628927 32.5745032
311.309000159 36.4915320245
305.924809168 40.1410070935
299.900199655 43.4574277224
293.167557341 46.3626223674
285.699007911 48.7677660713
277.536824787 50.5797921074
268.820341715 51.7133589457
255.50045541 49.6089394139
247.066854113 48.9043438125
239.002652525 47.5196579749
231.480533233 45.5189215562
224.590952982 42.98155054
218.352294873 39.990249677
212.732823278 36.6226079076
207.672784609 32.9467920448
203.101007545 29.020310465
198.945198744 24.8905559995
195.137295426 20.5961426153
191.615599036 16.1684480246
188.325054959 11.6330740439
185.216566209 7.01111616072
182.245848758 2.32022635553
179.372082225 -2.42450518992
176.556452092 -7.20980805134
173.760581479 -12.0235827602
170.944781909 -16.8542963118
168.065991503 -21.6903680307
165.075197982 -26.5194803101
161.914046512 -31.3277259266
158.510192534 -36.098462131
154.770766856 -40.8106692799
150.573096924 -45.4364887571
145.751726946 -49.9374146462
140.081387491 -54.2583200497
133.258764934 -58.3181984947
124.896815965 -61.9967280351
114.573681796 -65.1184822752
102.022819925 -67.4464601775
87.5202619256 -68.7154038126
72.1957238047 -68.7333244236
57.651372961 -67.4972456128
45.0393204331 -65.1952745116
34.6567922541 -62.0923339646
26.2462790874 -58.4269422069
19.386761827 -54.3762379451
13.6891665422 -50.0618547757
8.84782510365 -45.5656814239
4.63554778487 -40.9434115564
0.885474640747 -36.2339102393
357.473947965 -31.4652625714
354.307419173 -26.6586294319
351.313080516 -21.8307386238
348.432267037 -16.9955438488
345.615767016 -12.1653811337
342.820402126 -7.35182755122
340.006432857 -2.56639353806
337.135486018 2.17886205219
334.16879942 6.87072824446
331.065650351 11.494195442
327.781895477 16.0317171339
324.268617746 20.4623333138
320.470972682 24.760613902
316.32748144 28.8953957341
311.770268351 32.8283270994
306.727116696 36.5123242497
301.126692324 39.8902205309
294.908654426 42.8941844532
288.040047824 45.446879129
280.537282283 47.4656496726
272.488244927 48.87079098
264.063049935 49.5975487658
259.774935886 47.262993723
251.704349803 46.9329144032
243.849947437 45.9367254388
236.39356945 44.3183330924
229.455512826 42.141395027
223.091318263 39.4788545763
217.303460164 36.4040304227
212.058681769 32.9847815471
207.304030147 29.2806600263
202.978621046 25.3422071436
199.02095652 21.2114826564
195.372794396 16.9231513841
191.980730951 12.5057199169
188.796416349 7.9827175584
185.776012842 3.37373948059
182.879252166 -1.30466307395
180.068270882 -6.03822834788
177.306283636 -10.8143338926
174.55607111 -15.6214125612
171.778190213 -20.4483912407
168.928739568 -25.2841002735
165.956413671 -30.1165850261
162.798429149 -34.9322201927
159.374672557 -39.7144710312
155.579060279 -44.4420437237
151.266598653 -49.08598353
146.234131013 -53.6049555872
140.193111243 -57.9374106198
132.737375364 -61.9886564711
123.328932266 -65.6108989432
111.385255241 -68.5791394498
96.6493141377 -70.5862139634
79.8856498792 -71.3167836494
63.0902307949 -70.6249798284
48.2816645285 -68.6494729583
36.2613570014 -65.7036274593
26.7904428141 -62.0963747998
19.288615988 -58.0551174261
13.2146773425 -53.7294640329
8.15881733064 -49.2152681205
3.8296744517 -44.5747866605
0.0221384135062 -39.8497823997
356.589904308 -35.0694696024
353.426015349 -30.2552990415
350.449777412 -25.4238979329
347.598023175 -20.5889416404
344.819198643 -15.7624052252
342.069250573 -10.9554564098
339.308656209 -6.17914783565
336.500173577 -1.44500916583
333.607042364 3.23439181792
330.591466065 7.8448667599
327.413280964 12.3699593239
324.028786485 16.7901945953
320.389793923 21.0821935219
316.443067719 25.217634533
312.130508934 29.1620760272
307.390681663 32.8737188442
302.162591981 36.3023094951
296.392876794 39.3885836304
290.047418752 42.0649166084
283.127270927 44.258086609
275.686036672 45.8950057238
267.841883693 46.9115448907
255.933396207 44.7343607267
248.356976877 44.1020748316
241.048546767 42.8533651778
234.143095769 41.0357466084
227.723212898 38.7102254128
221.821361291 35.9430426562
216.430822839 32.7991580586
211.519068701 29.3381740463
207.039455559 25.6124329628
202.93968656 21.666630257
199.167103327 17.5382991872
195.671529868 13.2586960083
192.406459869 8.85379817682
189.329215494 4.34526576055
186.4005008 -0.248696812715
183.583599677 -4.91259248721
180.843340014 -9.63298517238
178.144852343 -14.3979308038
175.452076178 -19.1964539861
172.725892894 -24.0180309987
169.921670332 -28.8520283858
166.985864475 -33.6870252048
163.851096197 -38.5099075504
160.428737779 -43.3045499238
156.597396115 -48.0497574076
152.184628023 -52.7158719167
146.937762826 -57.2589232656
140.478881502 -61.6102337101
132.24493142 -65.657860462
121.452163608 -69.2155326966
107.264864133 -71.983759978
89.57843027 -73.5539959264
70.2445387602 -73.5765160831
52.4769801058 -72.0455050267
38.1879842227 -69.3047995364
27.3118837033 -65.7646158308
19.0187821274 -61.7279611175
12.5195068023 -57.3837255356
7.2450572023 -52.8454209931
2.81324437223 -48.1826179617
358.968626085 -43.4397952672
355.536998843 -38.6469049217
352.395847382 -33.8253129018
349.455821654 -28.9912425392
346.64907488 -24.157859589
343.921762299 -19.3366060312
341.229064508 -14.5381139792
338.531756381 -9.77288791074
335.793731421 -5.05186807793
332.98012203 -0.386947804091
330.055797724 4.20850413752
326.984117851 8.71907660737
323.725889881 13.126672571
320.238559053 17.4097642871
316.475747661 21.5425350369
312.387389179 25.4939201023
307.920874114 29.2266077674
303.023829169 32.6961466272
297.649318178 35.8504414165
291.764194731 38.630102173
285.360707316 40.9702870653
278.46986503 42.8047006085
271.17255032 44.07203564
263.602172379 44.724198763
259.761911394 42.3299811563
252.510188271 42.0333866144
245.415703812 41.1356848681
238.615623993 39.6692562438
232.208820636 37.6822816804
226.251174763 35.2319128407
220.760082508 32.3779006434
215.72384111 29.1778391306
211.111847153 25.6842946924
206.883190014 21.9435197777
202.992821402 17.9952532426
199.395443323 13.87314802
196.04762995 9.60549288416
192.908728015 5.21602186168
189.940969263 0.724700421083
187.109090011 -3.85156043698
184.379631467 -8.49827460956
181.719998673 -13.2028280972
179.097278622 -17.9539839573
176.476746201 -22.74141817
173.819903016 -27.5552510039
171.081774806 -32.3855247715
168.206999067 -37.2215537887
165.123895907 -42.0510245745
161.735100244 -46.8586309466
157.902192641 -51.6238406493
153.419654428 -56.3169990383
147.969802409 -60.8921398639
141.045644801 -65.2730914539
131.832879986 -69.3260354645
119.116872966 -72.808261885
101.646563526 -75.3008340136
79.9613686771 -76.2497486833
58.2041341416 -75.350434914
40.5950415866 -72.8931591827
27.7622163833 -69.4319638116
18.4708211945 -65.3911867277
11.4961789359 -61.0175383773
6.0136215497 -56.4470236382
1.50942226128 -51.7569489349
357.661887325 -46.993879517
354.263120187 -42.1877958107
351.173264574 -37.3594107756
348.294067291 -32.524129958
345.553289743 -27.6943176527
342.895215825 -22.8806791921
340.274650749 -18.0931700954
337.652965985 -13.3416510224
334.995370859 -8.63641231099
332.268935422 -3.98864322276
329.441086136 0.58910449678
326.478416681 5.0824230441
323.34574036 9.47449792104
320.005382481 13.745480941
316.416787945 17.8717786731
312.536614313 21.8252678907
308.319601127 25.5724853854
303.720644692 29.0739005276
298.69862069 32.283473409
293.222475107 35.1488274541
287.279745721 37.6124925232
280.886736661 39.6147179367
274.09798656 41.09816805
267.011003294 42.0142549116
256.306549908 39.7483123946
249.475606082 39.1786765016
242.842562727 38.0494557568
236.512846937 36.396250352
230.558168989 34.2660385793
225.015729296 31.7115816099
219.893258363 28.7865666723
215.176710953 25.5421283451
210.838011086 22.0248065001
206.841417776 18.2756654845
203.14808315 14.3302025047
199.718951527 10.2187153751
196.516366288 5.96689062847
193.50476209 1.59646138357
190.650743918 -2.87414839904
187.922759065 -7.42923187697
185.290480768 -12.0552707316
182.723947938 -16.7404652205
180.192438336 -21.4743082888
177.662980529 -26.2471815786
175.098314284 -31.0499422065
172.453958582 -35.8734545249
169.67378367 -40.7079937012
166.682993938 -45.5423939539
163.376470938 -50.3627033096
159.598475862 -55.1498677368
155.10561603 -59.8754247183
149.496369967 -64.4928847846
142.074179775 -68.9192335189
131.598274784 -72.9931469541
116.019408884 -76.3839150726
93.4002907164 -78.4640873333
66.6144151931 -78.4951001765
43.8045258069 -76.4628657467
28.0498147195 -73.0985239171
17.464326397 -69.038224204
9.97775939827 -64.6192794828
4.32969223194 -60.0061706354
359.812472791 -55.2833540817
356.018679924 -50.4980078562
352.701711614 -45.6789413385
349.704012082 -40.8453896905
346.919393569 -36.0113994215
344.272411568 -31.1881819503
341.706535375 -26.3854776992
339.177036443 -21.6124175684
336.646506725 -16.8781243276
334.081895174 -12.1921831825
331.452449055 -7.56505572195
328.728213821 -3.00848356978
325.878897911 1.46408682414
322.873005524 5.83703587324
319.677212699 10.0920441924
316.256029045 14.2075024048
312.571861331 18.1578679885
308.585682052 21.9130066504
304.258601529 25.4375998251
299.554719507 28.6907663824
294.445625868 31.6261345083
288.916710869 34.1926910808
282.974881813 36.3367808578
276.656293502 38.0055373187
270.0315229 39.1517016727
263.205007391 39.7392115116
259.750557595 37.2635000943
253.21780623 36.9962911929
246.801273756 36.1857599644
240.605250941 34.8560104208
234.709895313 33.043653722
229.166852019 30.7933485143
224.000413944 28.1533323343
219.212289932 25.1717411581
214.787755607 21.8940527112
210.701533501 18.3616172922
206.922550128 14.6110452792
203.417346985 10.6741751392
200.152274706 6.57838323501
197.09473063 2.34706183202
194.213703146 -1.99984616726
191.479833803 -6.44531943585
188.865141366 -10.9747684224
186.342487587 -15.5755939147
183.8848052 -20.2367916716
181.464048671 -24.9485926227
179.049755398 -29.7021213799
176.606997708 -34.4890475179
174.093323864 -39.3011902275
171.453947986 -44.1300103094
168.613776869 -48.9658686543
165.46344557 -53.7968109826
161.833361232 -58.6063613869
157.442185046 -63.3691120806
151.787061755 -68.0409928032
143.893944099 -72.5353886946
131.747457813 -76.6581890525
111.43681854 -79.9292236501
80.1260806548 -81.3161291581
48.5846785675 -79.9990069501
27.9788738486 -76.7635846164
15.6692916324 -72.6560896385
7.69258414447 -68.1688935226
1.99188076882 -63.500836028
357.574066544 -58.740324881
353.927572705 -53.9321783818
350.766806974 -49.1021459351
347.919950528 -44.2668686203
345.276402408 -39.4383808911
342.760351031 -34.6263568093
340.316580239 -29.8393438748
337.902377855 -25.0855136172
335.482661521 -20.3731740568
333.026883457 -15.7111670698
330.506961079 -11.1092177203
327.895824974 -6.57827547285
325.16636072 -2.13087311473
322.290629844 2.21847915666
319.239328553 6.45285376788
315.981503001 10.5524173202
312.484598961 14.4939035237
308.714987963 18.2500777266
304.639178879 21.7892554398
300.225977192 25.0749845525
295.449853851 28.0660626967
290.295660077 30.7171265994
284.764480693 32.9800893614
278.879797669 34.8066599943
272.692335771 36.1519906068
266.281373256 36.9791299073
256.638896223 34.6020595711
250.476469163 34.0884474957
244.461891762 33.0672701664
238.677462727 31.5653073049
233.183721772 29.6186909837
228.017702498 27.269150653
223.194913215 24.5604998975
218.713508609 21.5358520192
214.559137142 18.2357281037
210.70941565 14.6969863511
207.137517737 10.9523880129
203.81476048 7.03059551251
200.712292942 2.95642869377
197.802070993 -1.24874834459
195.057303484 -5.56659345558
192.452518907 -9.98135507444
189.96335454 -14.4794687298
187.566122343 -19.0491912999
185.237158478 -23.6802730347
182.951910691 -28.3636608626
180.683647615 -33.0912211899
178.401562506 -37.8554640132
176.06784316 -42.6492394573
173.632885235 -47.4653566226
171.026992733 -52.2960288128
168.145014123 -57.131942905
164.815680018 -61.9604824283
160.73465207 -66.7618828633
155.301325815 -71.4996991435
147.165007213 -76.0929464012
132.803746072 -80.3167087915
103.15431629 -83.4006455214
57.2912552094 -83.452758244
27.0489409849 -80.4234135983
12.420932374 -76.2166172659
4.17598655491 -71.6296839781
358.69151074 -66.8947729095
354.583287196 -62.0949191938
351.238265607 -57.2672776254
348.346805457 -52.4318979883
345.735110961 -47.6015210939
343.296719281 -42.7855136532
340.961209579 -37.9916804595
338.67855962 -33.2272102154
336.41071156 -28.4992372553
334.126715957 -23.8152258968
331.799763995 -19.1832752181
329.40526969 -14.6123952161
326.919566173 -10.112783637
324.318984508 -5.69612187996
321.579196649 -1.37590192258
318.674775095 2.83220908179
315.578974651 6.90996631018
312.263789103 10.8361163533
308.700383323 14.5859627145
304.860048508 18.130976184
300.715864867 21.4385324514
296.245257233 24.471902992
291.43355155 27.1906719109
286.278426444 29.5517827808
280.794761965 31.5114020247
275.018854688 33.0276756084
269.010494406 34.0642247656
262.85135494 34.5939044166
259.74034363 32.0082877445
253.8590188 31.7676950537
248.064450049 31.0366524688
242.436285857 29.8331530707
237.038914192 28.1849879564
231.917933534 26.1268509935
227.099882958 23.6972652133
222.594426213 20.9358465023
218.397846797 17.8811944135
214.496838845 14.5694804309
210.87192685 11.0336564866
207.50020095 7.30314008116
204.357308378 3.40382486435
201.418780465 -0.641711090084
198.660826612 -4.81389397283
196.060727088 -9.09580338277
193.596932663 -13.4728207657
191.248946755 -17.9322983998
188.997031789 -22.4632584777
186.821746313 -27.0561243805
184.703278578 -31.7024814815
182.620485353 -36.3948613736
180.549450385 -41.1265399138
178.461199575 -45.8913340612
176.317844017 -50.6833716426
174.065601913 -55.4967836092
171.62114051 -60.3252073363
168.84219955 -65.1608213629
165.456351651 -69.9921009409
160.8578435 -74.7974646361
153.376025907 -79.5219525857
136.556593369 -83.9490163404
80.8042210495 -86.5709406467
23.5230813609 -84.0605567318
6.20701001829 -79.6503462622
358.595892293 -74.9299070239
353.948555272 -70.1260485504
350.539823498 -65.2954670285
347.748774417 -60.4602044955
345.297515997 -55.6319407767
343.041451891 -50.818553609
340.896125759 -46.0264221223
338.807169554 -41.2614125098
336.736372249 -36.5293827113
334.654578961 -31.836493464
332.537774088 -27.1894398361
330.36476525 -22.5956547117
328.115724447 -18.0635105265
325.771216646 -13.6025344843
323.311526685 -9.22364697395
320.716191258 -4.93942938847
317.963700333 -0.76442412999
315.031373462 3.28453511129
311.895451619 7.18797205558
308.5314792 10.9234163006
304.915083246 14.4650897241
301.023281267 17.783693411
296.83644971 20.8463886952
292.341035328 23.6170990972
287.532956144 26.0572839073
282.421388768 28.1273280974
277.03228717 29.788629127
271.410626887 31.0063163879
265.620229635 31.7523211716
256.944380048 29.2326951637
251.399745614 28.7707441428
245.966262079 27.85009259
240.708058137 26.4908447289
235.675300064 24.7206314469
230.902390168 22.5721280336
226.408451989 20.0805852828
222.199407757 17.2817094431
218.270831884 14.2100593713
214.610906125 10.8979831856
211.203049774 7.37502405991
208.028031096 3.66768548603
205.065529864 -0.200555647003
202.29521109 -4.20908243695
199.697405097 -8.33988861755
197.253491092 -12.5772951059
194.946067315 -16.9076632608
192.758971287 -21.3191226862
190.677193697 -25.8013226206
188.686710642 -30.3452103396
186.774240249 -34.9428366284
184.926907786 -39.5871864581
183.131770977 -44.2720319543
181.375098742 -48.9918040957
179.641174076 -53.7414788512
177.91010496 -58.5164718768
176.153376072 -63.3125315144
174.323631155 -68.1256062251
172.327206656 -72.951613523
169.93158124 -77.7858124122
166.309771371 -82.619927834
154.533446257 -87.4075391384
5.65648073879 -87.5363252098
353.129908566 -82.7534511621
349.443545605 -77.9197243669
347.030408057 -73.0856111085
345.027230298 -68.2596050844
343.194581461 -63.4464811841
341.436741774 -58.6503233068
339.705576413 -53.8751739363
337.972229745 -49.1252702174
336.216649042 -44.4051778889
334.423040795 -39.7198985838
332.577641601 -35.0749750225
330.667502569 -30.4766045592
328.679758807 -25.9317670256
326.601149735 -21.4483711931
324.41768113 -17.0354234308
322.114379478 -12.7032214968
319.675121959 -8.46357537004
317.082547538 -4.33005514853
314.318073299 -0.318262723378
311.36205896 3.55388158604
308.194182435 7.2658549254
304.794108954 10.7942806468
301.142550624 14.1127578834
297.222812054 17.191842003
293.022883986 19.9992695187
288.538058789 22.5005387776
283.773880449 24.6599566646
278.749010582 26.4422237414
273.497343235 27.8145394328
268.068553513 28.7490642329
262.5263762 29.2254085368
259.730863494 26.4908417857
254.458613606 26.2751302724
249.2514136 25.6188005818
244.170136504 24.5352298344
239.266080748 23.0453716336
234.578347661 21.1759039033
230.133083943 18.9571659144
225.944293215 16.4212006116
222.015672555 13.6001162777
218.342906115 10.5248631683
214.915969968 7.22442468267
211.721173585 3.72536419602
208.742816632 0.05164505816
205.96444691 -3.77535854454
203.369765731 -7.73672958932
200.943252685 -11.8158082093
198.670586582 -15.9979609721
196.538934515 -20.270343721
194.537174475 -24.6216724735
192.656114145 -29.0420099465
190.888774203 -33.5225705255
189.230825651 -38.0555431865
187.681320113 -42.6339292363
186.243958745 -47.251388842
184.929377332 -51.9020856264
183.759457495 -56.5805087008
182.775998028 -61.2812272003
182.059749552 -65.9984648978
181.777539965 -70.725165773
182.320787364 -75.4503732206
184.835347859 -80.149281113
194.439737136 -84.7210718147
257.85729639 -87.9099003035
324.318274729 -84.8422028293
334.338834146 -80.2783991072
336.94361783 -75.5811146275
337.519998485 -70.856439277
337.253825236 -66.1299197954
336.546883907 -61.4126941105
335.569636603 -56.7118721852
334.404377252 -52.0332429535
333.09365621 -47.3822325408
331.659762835 -42.7643376436
330.113575847 -38.1853739807
328.458954442 -33.6516553687
326.695062238 -29.1701494201
324.817656318 -24.7486309053
322.819828386 -20.3958436827
320.692447912 -16.1216773258
318.424448201 -11.9373616561
316.003045736 -7.85567976162
313.413961456 -3.89119680543
310.641706539 -0.0604972348064
307.669997921 3.61758383824
304.482375266 7.12175899508
301.063096101 10.4281534318
297.398381463 13.5102890376
293.478059659 16.3392568597
289.297596556 18.8841600025
284.860395312 21.1129097758
280.180096395 22.9934352388
275.282437203 24.4953090883
270.206105608 25.5916978574
265.002039316 26.2614262201
257.234485814 23.5533884031
252.279074426 23.1406270767
247.407321923 22.3164030438
242.668988941 21.0956755806
238.105033611 19.4993319565
233.746104369 17.5525861297
229.612376208 15.2833022835
225.714448357 12.7204569235
222.054901067 9.89287428892
218.630123642 6.82828835393
215.43211994 3.55272190625
212.450113917 0.09013607305
209.6718792 -3.53771084681
207.084788259 -7.31125555269
204.676619255 -11.2130242792
202.436179754 -15.2274693026
200.353815516 -19.3407755247
198.421877721 -23.5406553875
196.635230623 -27.8161424175
194.991901401 -32.157387257
193.494016126 -36.5554543009
192.149250527 -41.0021107212
190.97319389 -45.4895904731
189.993372939 -50.0102993065
189.256435237 -54.5563923604
188.841730175 -59.1190766683
188.888896089 -63.6872897391
189.659263863 -68.2448333062
191.689670466 -72.7631649653
196.241327971 -77.179647718
206.862662063 -81.3142343056
234.513771164 -84.4671473436
283.602805648 -84.5226991671
311.980311185 -81.4204656204
322.871909309 -77.2993207916
327.526114632 -72.887476718
329.604122528 -68.3711373322
330.400351362 -63.8145387391
330.463354838 -59.2467542991
330.059340537 -54.6841888967
329.330252668 -50.1379910083
328.356645272 -45.616986839
327.185848655 -41.1290278749
325.845804618 -36.6816995385
324.352371381 -32.2827486963
322.713409673 -27.9403810456
320.931180184 -23.6634982008
319.003813066 -19.4619091012
316.926254375 -15.3465334785
314.690921418 -11.329605811
312.288212509 -7.42488181677
309.706973685 -3.64784380804
306.935004682 -0.0158948285481
303.959677655 3.45147639236
300.768737001 6.73258742902
297.351339886 9.80355030841
293.699376518 12.6384068343
289.809067485 15.2094712129
285.682764951 17.4879413063
281.330783884 19.4448259483
276.772973179 21.0521994492
272.039640946 22.2847324146
267.17143023 23.1213668699
262.21785689 23.5469241588
259.721763637 20.6059586887
255.038701216 20.4143148294
250.404364992 19.8305803329
245.86511872 18.8645808805
241.461457312 17.5318950648
237.226183338 15.852702246
233.183609358 13.8504457638
229.349704874 11.5504941213
225.732956122 8.97894190718
222.335653039 6.16163471882
219.15534261 3.12344743733
216.186256085 -0.112195670917
213.420595877 -3.52359433344
210.849635723 -7.09088356478
208.464637104 -10.7960264364
206.25761689 -14.6227255327
204.222021147 -18.556281777
202.353374633 -22.583420551
200.649992001 -26.6920968415
199.113863294 -30.8712834773
197.75187467 -35.110738595
196.577615371 -39.4007386473
195.614192222 -43.7317484006
194.898803406 -48.0939730392
194.490490087 -52.4766856315
194.483897304 -56.8671123929
195.035045611 -61.2484026658
196.412680279 -65.5955715469
199.107868348 -69.8665547343
204.08338854 -73.9802712084
213.342908995 -77.7570089799
230.781257659 -80.754729616
259.212124328 -82.0258136434
287.873335955 -80.8186749346
305.607004179 -77.8535547084
315.030390367 -74.0907414037
320.090671051 -69.9834561007
322.832968316 -65.7157494262
324.239137901 -61.3703473688
324.808982799 -56.9899998415
324.815530303 -52.6000039276
324.417060768 -48.2173602379
323.709494742 -43.8549143493
322.75263749 -39.5234234812
321.584170041 -35.2326884736
320.227519593 -30.9922349202
318.696497758 -26.8117655411
316.998151428 -22.7014925835
315.134590745 -18.6724061362
313.104221918 -14.73650745
310.902639256 -10.9070212806
308.52333914 -7.19859136237
305.958369478 -3.62745517486
303.199001171 -0.211586512664
300.23649152 3.0292137866
297.062994983 6.07330734983
293.672657023 8.89732496983
290.062895315 11.4764339379
286.235823746 13.7848105614
282.199707452 15.7963536876
277.970258829 17.485651806
273.571515491 18.8291759564
269.036014196 19.8066160851
264.404025779 20.4022207934
257.520339203 17.4343799011
253.147550767 17.0701949043
248.837459238 16.3417918276
244.628379803 15.2601058947
240.553276275 13.8406209413
236.638649007 12.1023772597
232.904169521 10.0668861817
229.362968529 7.75707701122
226.02240269 5.19636916367
222.885103909 2.40792226265
219.95013888 -0.585919410384
217.214154248 -3.76399823618
214.672435424 -7.10655579031
212.319853229 -10.5953178558
210.15170825 -14.2134823863
208.164509081 -17.9456362059
206.356741549 -21.7776196345
204.729707185 -25.6963507904
203.288537674 -29.6896133256
202.043537696 -33.7458021922
201.01208721 -37.8536101142
200.221473819 -42.0016194623
199.713279338 -46.1777337264
199.55041672 -50.3683264396
199.828816361 -54.5568744728
200.697526953 -58.7216120526
202.394468475 -62.8312386272
205.311550214 -66.8365718764
210.111819211 -70.6534325187
217.91126023 -74.1267768265
230.360409127 -76.9622874666
248.632910742 -78.658018442
270.090378952 -78.6829424315
288.512598185 -77.0273834936
301.115052655 -74.2158003837
309.018934973 -70.7554669639
313.88463829 -66.945807406
316.843361605 -62.944623186
318.567986338 -58.8374467735
319.456041001 -54.6741354771
319.748648417 -50.4863396757
319.596738695 -46.2960117409
319.097390993 -42.1197743607
318.314248034 -37.9713040505
317.28937328 -33.8627172438
316.050383834 -29.8054318272
314.61489254 -25.810741536
312.993373257 -21.8902275073
311.191082867 -18.0560739263
309.209415773 -14.3213237118
307.046924815 -10.7000919668
304.700162634 -7.20774287835
302.164451156 -3.86102655866
299.43465811 -0.678164315619
296.506038233 2.32113658663
293.375176071 5.11576426637
290.041041184 7.68341004583
286.506131274 10.0009341125
282.777632834 12.0449148061
278.868476388 13.7923923272
274.798115284 15.2217915087
270.592832017 16.3139721745
266.28539584 17.0533154843
261.913974787 17.4287214488
257.524411042 14.2479793229
253.169668091 13.8606516821
248.880696536 13.0865420846
244.697685907 11.9376132054
240.655270068 10.4307878856
236.781408498 8.58685519826
233.097063473 6.42927933007
229.616570333 3.98305123952
226.348513564 1.27368539996
223.296902187 -1.67358134149
220.462467516 -4.83437212864
217.84396095 -8.18554576473
215.43938915 -11.7053935932
213.247177397 -15.3736905183
211.267296284 -19.1716305401
209.502425395 -23.0816697743
207.95926736 -27.0872892992
206.65017743 -31.172676759
205.595353209 -35.3223081999
204.825961719 -39.5203864494
204.388809046 -43.7500519205
204.353555362 -47.992211137
204.824170952 -52.223697569
205.957500847 -56.414227643
207.993577445 -60.5211205421
211.303917581 -64.4797979127
216.459739098 -68.186465161
224.285184132 -71.4680731415
235.707617844 -74.0419070948
250.920448664 -75.5122951393
267.946662123 -75.5321343537
283.24293868 -74.0959482086
294.767589796 -71.5455260045
302.675138257 -68.2783376875
307.888751027 -64.580371491
311.238812596 -60.6269987647
313.302683799 -56.5233610252
314.456127811 -52.3347841301
314.941885032 -48.1043648142
314.918511922 -43.8626200264
314.491077703 -39.6328460829
313.72996604 -35.4342047704
312.682472623 -31.283585554
311.380104724 -27.1967900784
309.843301747 -23.1893290171
308.084593131 -19.2769884429
306.110806583 -15.4762512116
303.924708287 -11.8046178667
301.526322357 -8.28084610134
298.914096246 -4.92511022505
296.086026597 -1.75906866326
293.040820226 1.1941831286
289.77912662 3.91030453389
286.304834214 6.36407944532
282.626369486 8.5299920072
278.75787827 10.3830211917
274.720113721 11.8996386027
270.540824715 13.0589538177
266.254455922 13.843906288
261.901053206 14.2423647149
257.523443734 11.0972864835
253.176800272 10.6825410992
248.900513106 9.85435113241
244.737564505 8.62606947787
240.72506133 7.0165611656
236.893110155 5.04896852581
233.264568103 2.74937666875
229.855551257 0.145539972422
226.676493671 -2.73421482875
223.73353547 -5.86184619272
221.030058393 -9.21019900138
218.568254254 -12.7533636527
216.350684599 -16.466822563
214.38185775 -20.327416215
212.669912829 -24.3131538435
211.228566502 -28.4028788003
210.079560433 -32.5757763964
209.25596704 -36.8106804612
208.80689885 -41.0850867602
208.804464127 -45.3737025655
209.35426263 -49.6462259291
210.611304095 -53.8638093392
212.803606145 -57.9732502141
216.264168017 -61.8973147333
221.462089014 -65.5190090408
228.986460039 -68.6589436825
239.344100311 -71.0552924397
252.374680085 -72.3871270874
266.586693061 -72.4037256868
279.669290571 -71.101568345
290.097904513 -68.727273969
297.686072395 -65.6021070102
302.933121876 -61.9899157381
306.429732984 -58.0719036603
308.648471362 -53.9662784077
309.925312162 -49.7510138461
310.490407506 -45.4797510863
310.500221276 -41.1915943188
310.061336183 -36.9169922527
309.246531284 -32.6813161717
308.105384036 -28.5071049325
306.671293882 -24.4155298557
304.966234192 -20.427390316
303.004084185 -16.563813257
300.7930919 -12.8467499782
298.337829451 -9.29931478309
295.64088076 -5.94597818217
292.704419028 -2.81260523506
289.53176527 0.0736854149493
286.128956183 2.6848739413
282.50628156 4.99263324396
278.679678586 6.96917927892
274.671802891 8.58836190518
270.512555357 9.82693489636
266.238856344 10.6658909878
261.893545633 11.0917022648
257.517727367 7.97867522113
253.170034353 7.53131930178
248.899203644 6.63891134466
244.752186053 5.31669195798
240.769607326 3.58615862708
236.984649157 1.47363799452
233.422927413 -0.991240124884
230.103226649 -3.77697636677
227.038856119 -6.8514086898
224.239387305 -10.1826216986
221.712591088 -13.7395402811
219.466481625 -17.4922215288
217.511469114 -21.4118713055
215.862719577 -25.47060903
214.542921662 -29.6409836666
213.585776259 -33.8952075264
213.040676052 -38.2040215019
212.979246281 -42.5350229511
213.504658718 -46.8501556856
214.764766127 -51.1018528914
216.969558662 -55.2270183707
220.410321899 -59.1377059936
225.466910629 -62.7075303236
232.56029477 -65.7554829936
241.959550004 -68.0387695786
253.379432397 -69.2858948541
265.648678443 -69.3002542216
277.103843944 -68.0793619037
286.554669296 -65.8165933603
293.698174486 -62.7831727142
298.796081557 -59.2231379995
302.268830281 -55.3188809557
304.498060791 -51.1978309442
305.777063689 -46.9486231087
306.317452872 -42.6347839561
306.268271816 -38.3041405144
305.733537482 -33.9949000444
304.785470799 -29.7395456459
303.473884714 -25.5673702069
301.832775873 -21.5061637165
299.885037121 -17.5833583454
297.645967492 -13.8268025648
295.126051188 -10.2652518203
292.333323739 -6.92860929422
289.275526569 -3.84791524943
285.962151563 -1.0550630335
282.406381229 1.41778573006
278.626833296 3.53910210961
274.648929411 5.27918973793
270.505648829 6.61161415781
266.237431195 7.51472890173
261.891083856 7.97310888108
257.507455171 4.88875228415
253.1502335 4.40235007232
248.878940642 3.43321305226
244.746072445 1.99918012377
240.797198995 0.125367602044
237.069885209 -2.1575225375
233.593790894 -4.81498189021
230.391776338 -7.8103276545
227.481741312 -11.1060256735
224.878938242 -14.6646220717
222.598592689 -18.4492600151
220.658784689 -22.4237826771
219.083672377 -26.5524368074
217.907291504 -30.7991681651
217.178303169 -35.1264378846
216.966198073 -39.4934103298
217.369555984 -43.8532407311
218.526790588 -48.1490153851
220.628746428 -52.3076918871
223.9288383 -56.2313099028
228.73633677 -59.7854089881
235.357211965 -62.7877352399
243.924986361 -65.0088790446
254.114582685 -66.2084692962
264.963498081 -66.2211923533
275.178658507 -65.0451579066
283.785545989 -62.843048725
290.446586507 -59.854713714
295.288939582 -56.3103317459
298.617198337 -52.3932134447
300.741440414 -48.2387010102
301.916409886 -43.9453752577
302.334170762 -39.5866821194
302.134094736 -35.2197845533
301.415471024 -30.8916722485
300.248302132 -26.6432559335
298.681611314 -22.5121027817
296.749682166 -18.5342645425
294.476829751 -14.7454741474
291.881216816 -11.1818616017
288.978087898 -7.88025652437
285.782652046 -4.87809255327
282.312706987 -2.21290341166
278.590961905 0.0785978134041
274.646890743 1.96183346427
270.517858399 3.40598795604
266.24924731 4.38578638015
261.89340679 4.88319198691
257.492739008 1.82429943462
253.118130738 1.29070484774
248.842078344 0.22908969127
244.724827437 -1.3390510458
240.818918663 -3.38351252815
237.168223111 -5.86743542683
233.808432882 -8.74941662818
230.7687849 -11.985373095
228.074693736 -15.5299550254
225.751022505 -19.3374159039
223.825880865 -23.3618731036
222.334932829 -27.5569312965
221.326449441 -31.874668571
220.867457953 -36.2638384783
221.051319836 -40.6670654389
222.006746707 -45.0166680843
223.906954283 -49.2286157008
226.97392715 -53.1942246367
231.464020153 -56.770163467
237.605993355 -59.7706097058
245.454496444 -61.9726436149
254.675428186 -63.1533539558
264.441685572 -63.1648314638
273.682160995 -62.0055472836
281.561508341 -59.821183321
287.736416577 -56.8340277468
292.256208903 -53.2674789124
295.348014466 -49.3081792153
297.268456106 -45.1002032761
298.240401637 -40.7527838366
298.437985102 -36.350318599
297.990683628 -31.9607175267
296.992442769 -27.6414873578
295.510713236 -23.443939205
293.594056268 -19.41601527
291.27831223 -15.6041071454
288.59167833 -12.0540932849
285.559035366 -8.81171123364
282.20573435 -5.92231057082
278.560883274 -3.43000689713
274.659999851 -1.37627747787
270.54675792 0.201896161727
266.273507403 1.27413707055
261.900342193 1.8187337953
257.473621452 -1.21778976228
253.074447272 -1.80912719487
248.791614289 -2.98346929916
244.696329596 -4.71401868555
240.851105583 -6.963191001
237.309066272 -9.68517521146
234.115134475 -12.8284693051
231.308805871 -16.3379733673
228.928061111 -20.1563882159
227.014307761 -24.2248310972
225.618030995 -28.4823083516
224.805271204 -32.864323006
224.665120975 -37.3002010978
225.317842983 -41.7089176144
226.921958212 -45.9930853917
229.675052979 -50.0309827731
233.795489776 -53.6676395633
239.461058926 -56.7092886845
246.679576968 -58.9317975447
255.11712332 -60.1184348772
264.03150999 -60.1289344213
272.484694296 -58.9619904903
279.728415216 -56.7559077769
285.421642313 -53.7267552989
289.567735595 -50.0989635227
292.342861054 -46.0669509573
293.965370042 -41.786318413
294.633447265 -37.3792691705
294.506313066 -32.9435167
293.704837863 -28.5602885711
292.31858133 -24.3003724928
290.413912299 -20.228316069
288.041494552 -16.4051238587
285.242825073 -12.8897332668
282.05590923 -9.7394413891
278.52014105 -7.00938169096
274.680286043 -4.75114035225
270.589276054 -3.01066380507
266.309428834 -1.82572769355
261.911792361 -1.22337186615
257.450086846 -4.2405882719
253.020077111 -4.90369216424
248.731990505 -6.21740681556
244.672875027 -8.14693873071
240.919851742 -10.6435661869
237.540005501 -13.6479057056
234.592828905 -17.092980607
232.134761607 -20.9062802163
230.225161313 -25.011345879
228.933923392 -29.3267338776
228.349231523 -33.7644160494
228.585931742 -38.225843221
229.791943345 -42.5960733038
232.147569709 -46.7359791778
235.845661453 -50.473916824
241.031764065 -53.6015657602
247.685713912 -55.88448354
255.473807503 -57.1012507599
263.700971379 -57.1109635202
271.502094785 -55.9124482978
278.177328638 -53.6448100988
283.387219757 -50.5287884073
287.10782501 -46.7990093643
289.48317703 -42.66432621
290.705985532 -38.2969242315
290.956972867 -33.8363513686
290.384594696 -29.3978356618
289.104167987 -25.0801042341
287.204240283 -20.9712897167
284.754813921 -17.1527997926
281.815437209 -13.7013491251
278.442494017 -10.6893629312
274.695343359 -8.18394078636
270.640889652 -6.24462337101
266.35605587 -4.92035145517
261.927721147 -4.24619785707
257.422075165 -7.24724725929
252.95642588 -8.0013297311
248.670630534 -9.49040201708
244.675337055 -11.6670022817
241.06976521 -14.4647301422
237.942787598 -17.802491663
235.377644922 -21.5879993566
233.459201855 -25.7201533021
232.283100372 -30.0883473123
231.96528862 -34.5703441275
232.64929318 -39.026872292
234.505991247 -43.2940892935
237.714016359 -47.1754444365
242.401296552 -50.4381876053
248.531810469 -52.8256245757
255.767778803 -54.0990481174
263.429177463 -54.1081152927
270.676419915 -52.8517161923
276.825483919 -50.4784719667
281.533717299 -47.2263939494
284.76182693 -43.3522874224
286.636373402 -39.0893530743
287.335801654 -34.6346134099
287.031289055 -30.1522801693
285.866760203 -25.7818793436
283.958463692 -21.6458311725
281.402273018 -17.8547216297
278.283130369 -14.5099392642
274.684156918 -11.703819512
270.694078694 -9.51764304016
266.411916953 -8.01807006897
261.948138327 -7.25289535478
257.389506647 -10.2411788064
252.886111712 -11.1135314172
248.621155401 -12.8279966577
244.741872427 -15.3157514863
241.382252634 -18.4804915302
238.666466273 -22.2040019393
236.717070235 -26.3500880723
235.665789972 -30.7652709026
235.66351777 -35.2758811791
236.882771964 -39.6816252732
239.500465375 -43.7476836798
243.640796036 -47.2014128103
249.261600722 -49.7462505244
256.0142925 -51.1086860911
263.201836058 -51.1172146396
269.964650834 -49.7707279294
275.602133813 -47.2390036383
279.761362039 -43.79483097
282.397268858 -39.7348385606
283.632830999 -35.3320673986
283.64476083 -30.8217591607
282.605773666 -26.4045414972
280.667000858 -22.254314162
277.96035293 -18.5247359179
274.608373315 -15.3522281517
270.735096973 -12.8552310077
266.474317918 -11.130368257
261.973073108 -10.2468765046
257.352337743 -13.226396222
252.814576485 -14.2575569003
248.610750952 -16.2692429097
244.947715465 -19.1536303013
242.016546103 -22.7596167242
239.999668979 -26.9001608233
239.082362572 -31.3555844005
239.460280843 -35.8714769206
241.327856452 -40.1528231993
244.823803848 -43.8613064127
249.911780149 -46.6314328531
256.22428839 -48.1263469247
263.008691847 -48.1344192085
269.330645872 -46.6544729253
274.43410092 -43.8963090667
277.947491107 -40.1960186121
279.831820513 -35.9191416699
280.224706782 -31.4043700998
279.320360377 -26.9471221145
277.314502424 -22.8021455309
274.392465532 -19.1894328912
270.736580295 -16.2963732445
266.537720443 -14.2744919386
262.002515847 -13.2321545813
257.31070996 -16.2082345354
252.754245216 -17.4619073936
248.698960194 -19.8771665996
245.454740837 -23.2672030952
243.308981092 -27.369752782
242.534206222 -31.8572044324
243.384787762 -36.3399417903
246.04916106 -40.3686258753
250.520673867 -43.4555360561
256.406147147 -45.1468510929
262.841868537 -45.154530567
268.73653819 -43.4772281172
273.222899662 -40.4009196277
275.903711369 -36.378597472
276.769802699 -31.898047361
276.00857865 -27.4090209581
273.874094211 -23.301613071
270.638705343 -19.9039514142
266.589561859 -17.4789113989
262.036265619 -16.2140641005
257.265410666 -19.1951112716
252.736974531 -20.7789276869
249.032605229 -23.757108291
246.650086274 -27.7590998314
246.025863089 -32.2674514062
247.493781534 -36.643950619
251.144521914 -40.1711949057
256.567237663 -42.1619363275
262.694386397 -42.1692696782
268.126516065 -40.1914968505
271.791989511 -36.6729970815
273.275567139 -32.3001230438
272.665383599 -27.790482116
270.294165835 -23.7829524924
266.597758628 -20.7958929869
262.073462247 -19.2010204404
257.219631073 -22.2037036237
252.859851769 -24.316862586
250.037011591 -28.070973207
249.571252165 -32.5813596546
251.906697944 -36.6821180218
256.71666198 -39.1551742227
262.557471503 -39.1621870313
267.377699129 -36.7006943217
269.728143593 -32.6056219734
269.276771689 -28.0942638428
266.464780043 -24.3334446846
262.110809592 -22.2096926773
257.188413368 -25.2789630815
253.515206825 -28.3192948969
253.217494532 -32.7827658981
256.87647409 -36.0823868831
262.40942414 -36.0890524272
266.080505124 -32.798292608
265.797276814 -28.3341999075
262.133059537 -25.2849950718
257.30053215 -28.6183139621
257.190616253 -32.7516011817
262.107074997 -32.7575466179
262.010704975 -28.6240373521
