53.0061079227 32.7219589714
52.9090156669 28.5882869956
48.200266055 28.583342793
48.0914125401 32.7167687263
53.3089407128 36.0535759972
56.9781402213 32.7622770136
56.6944288184 28.2979724151
53.0307242098 25.2490902162
48.0873616267 25.2439250267
44.4160166733 28.2851065088
44.1197414281 32.7487213449
47.778248333 36.0477096571
53.4574699218 39.1268359604
58.2752786082 36.6648021483
60.6244998044 32.5693432743
60.1729114698 28.0577252221
57.361231492 24.2969359618
53.0079112411 22.1736696852
48.1178202952 22.1685837065
43.759668133 24.2827731913
40.9388045929 28.0376339254
40.474756728 32.5481714491
42.8107187776 36.6484295744
47.6193319627 39.1206194451
53.5948522562 42.1340471102
59.0240824144 40.1557728872
62.687787208 36.6369228004
64.1707247598 32.2637091027
63.5605822352 27.7537527815
61.1896875509 23.7460714585
57.4937141851 20.7591839871
52.9700055463 19.1648897051
48.1628549878 19.1599131153
43.6357754365 20.7448329487
39.9332256175 23.7240312518
37.5527964098 27.726703679
36.9305243094 32.2352213994
38.3996380379 36.6113240963
42.0501247593 40.1377342253
47.4708283122 42.12750253
53.742786924 45.1194388289
59.6340371598 43.4416834696
64.1181192474 40.3651057926
66.7979039968 36.3425134348
67.6638446845 31.8616148215
66.9029042472 27.3722096609
64.7688276942 23.2645152335
61.5338291714 19.86679696
57.4850631604 17.4420341408
52.9322409887 16.1778321702
48.2074124354 16.1729637865
43.6520644304 17.4277829075
39.5983459967 19.8441957158
36.3560951496 23.235209374
34.2125408155 27.338398878
33.4399294914 31.8260388538
34.2922121291 36.3084701668
36.9572613847 40.3363987452
41.4278692084 43.4222698862
47.3107167023 45.1125415847
53.9100455321 48.0994604111
60.2279781221 46.6191140369
65.3286212336 43.8607770451
68.8405968933 40.1603320602
70.7245775818 35.8831905518
71.1177271049 31.3680286333
70.2138887956 26.9103313784
68.2085509709 22.7649550543
65.2869350307 19.1520091558
61.631360125 16.2589827467
57.4327674136 14.2374636177
52.897907927 13.1958270446
48.2482940095 13.191059089
43.7114387402 14.2233991743
39.5089335906 16.2363204673
35.8476391272 19.1218587075
32.9185653025 22.7287862124
30.9040031785 26.8699483818
29.9890468781 31.3255877808
30.369060662 35.841259301
32.2380562332 40.121951751
35.7342090107 43.8294229207
40.8206808005 46.5983572465
47.1299217354 48.0921665998
54.1036026852 51.0823907119
60.8616745298 49.7355615754
66.495756113 47.2037709066
70.6531686791 43.7595792325
73.2885242859 39.6994523601
74.5243216228 35.296374151
74.5368656777 30.7856123081
73.4985905467 26.3678688564
71.5604579211 22.2171394842
68.8542947725 18.4871824863
65.5026287984 15.3145091305
61.6295355938 12.8176281799
57.3688956048 11.0932001639
52.8678626798 10.2104586929
48.2847063539 10.2057817966
43.782028932 11.0793441341
39.5181699122 12.7951024951
35.6403900177 15.2841207038
32.2826610173 18.4499907916
29.5690811692 22.1744223239
27.6220941159 26.321113865
26.5733261826 30.7365435376
26.5734619457 35.2470159113
27.7947212995 39.6522197964
30.4135843983 43.7173550751
34.5536955709 47.1698653508
40.1724010531 49.7133748676
46.9211054878 51.0746408136
54.3313254154 54.0734279686
61.5729384926 52.8167511212
67.7179239483 50.4435604394
72.423919475 47.1916139918
75.6512836216 43.3175256564
77.5260469294 39.0544104505
78.2261984987 34.5992899229
77.9225959091 30.1164254268
76.7589607609 25.7454176169
74.8514224053 21.6087711091
72.2957942718 17.8171568095
69.1770039653 14.4720420904
65.5781972271 11.6658287375
61.58816006 9.47984448999
57.3060034202 7.98077071542
52.8423027359 7.21639256893
48.3165024821 7.21179711171
43.8513987488 7.96711953086
39.5665002037 9.45753184862
35.572487226 11.6354779655
31.9685779709 14.4344666752
28.8436259285 17.7733247099
26.2807682884 21.559782971
24.3648217824 25.6925066192
23.1913729712 30.0609838151
22.8762152169 34.542925429
23.5626777038 38.9990327772
25.4213271895 43.2654529965
28.6303288318 47.1456598233
33.3170035283 50.4069970031
39.4447943148 52.7929673721
46.6759283949 54.065144726
54.6034530541 57.076414343
62.3978327601 55.8776965837
69.0681903336 53.6102504858
74.2753979371 50.4945284112
77.9950895547 46.7649360421
80.370676249 42.6302195085
81.5943438616 38.2625462426
81.8464529169 33.8014985542
81.2752306337 29.3623644305
79.9958560442 25.0439415633
78.0967969048 20.9344361746
75.6480146713 17.1153284527
72.7090463508 13.6634014369
69.3362909097 10.6511412669
65.5891484215 8.14569682247
61.5345895338 6.20664159269
57.2496248431 4.88292788253
52.8212342114 4.20961545304
48.3437205128 4.20509194419
43.914096437 4.86946713356
39.6267247925 6.18456379528
35.5686877903 8.11550777939
31.8171114859 10.6134987391
28.439062211 13.6190811677
25.4939861167 17.0651976401
23.0382547118 20.8794400969
21.1312854621 24.9851070834
19.8428135266 29.3008231352
19.2609641321 33.7385324891
19.500463722 38.1996598034
20.709030056 42.5692396192
23.0666292951 46.7081330893
26.7655838058 50.4447193302
31.9507352541 53.5707758006
38.6012815074 55.8520723075
46.3835088404 57.0674973754
54.9342501401 60.0945247912
63.3792559724 58.9274694921
70.6171441426 56.7217443265
76.3072253904 53.6930827384
80.4522916072 50.0656614973
83.2277401379 46.0337750606
84.8513029231 41.7529974228
85.5207523426 37.3455590975
85.3950566727 32.9092256366
84.5949375817 28.5252861565
83.2098680476 24.2645923667
81.3061673102 20.1917554156
78.9344734323 16.3678416348
76.1362758512 12.8518473545
72.9495894223 9.70112417817
69.413835896 6.97085322733
65.5738283119 4.71265814456
61.4825658988 2.97250871475
57.2024505333 1.78818608855
52.8046240422 1.18671529077
48.3664345527 1.18225444301
43.9674947133 1.77489629617
39.6852093107 2.95066058763
35.5908196942 4.68267913417
31.746846793 6.93329825243
28.2064018307 9.65664428748
25.0143783206 12.801162378
22.2102272439 16.3117212205
19.8319261352 20.1310111434
17.9208473863 24.2000825239
16.5274184803 28.4579346039
15.7176385131 32.8400570399
15.5805348685 37.2757544243
16.2362548724 41.6839753113
17.8431093641 45.9673042423
20.5983112138 50.0040005368
24.7196094836 53.6391108429
30.3839392044 56.6789676995
37.5982942576 58.8996711759
46.0286778646 60.0848415161
55.344559952 63.1305627769
64.5749595563 61.9712830025
72.4473150944 59.7874810289
78.6186241656 56.8010389347
83.1373800186 53.2350615136
86.2297159289 49.2760545513
88.1515051745 45.0680646369
89.1251437775 40.7203520263
89.324491856 36.317364799
88.878872816 31.927070286
87.8821465794 27.6070330843
86.4017157517 23.4086205462
84.4861144601 19.379829139
82.1711689142 15.5671028665
79.4850721936 12.0163706884
76.4527111752 8.77341817074
73.0994551304 5.88363909765
69.4544450924 3.39118728208
65.5532486057 1.3375692743
61.439606233 -0.240216380487
57.1659486218 -1.31179106426
52.79245809 -1.85545898848
48.3846985231 -1.85986630017
44.0101789851 -1.32493198148
39.7345175573 -0.261854423936
35.6179935492 1.30780779966
31.7131579627 3.35378727814
28.0638726996 5.8391679568
24.7058068959 8.72249915032
21.6681668969 11.9596619703
18.976338859 15.505284432
16.65516873 19.3135984363
14.7327416347 23.3386973972
13.2446969264 27.5341744621
12.2392858842 31.8520964984
11.7835085478 36.2412002247
11.970674271 40.6440858595
12.9293873034 44.9930397156
14.8326466354 49.2039934364
17.902022446 53.1682320421
22.3931442797 56.7424286754
28.5336915935 59.7408577359
36.3771796259 61.9408574379
45.5892716463 63.1199336173
55.8662919663 66.1870663465
66.0687895059 65.0111911308
74.667280203 62.8099054451
81.3243430161 59.8225479063
86.1658410436 56.2789564616
89.4950279367 52.3622996738
91.621062532 48.2079000056
92.7981533749 43.914373762
93.2180751534 39.5552211811
93.0200490874 35.1876626019
92.3032875891 30.8587426531
91.1377540518 26.60942339
89.5724513999 22.4773201259
87.6416522655 18.4985304057
85.3696660146 14.7088313674
82.7746539884 11.1443960661
79.8718646021 7.84209597003
76.6765183308 4.83940472173
73.2064348012 2.17389286025
69.4843584388 -0.117694969914
65.5398136777 -2.00075748773
61.4102310914 -3.44446636758
57.1410711065 -4.4235475003
52.7847674812 -4.91998013144
48.3985213111 -4.92434296057
44.0412460036 -4.43656318701
39.7701951308 -3.46592231327
35.6378975642 -2.0303175068
31.6899346039 -0.154922713736
27.9638638555 2.12950745124
24.4893246703 4.78841998082
21.2891498178 7.78509716895
18.3812106022 11.0819800145
15.7807357697 14.6415976803
13.5029332913 18.4270794893
11.5658691753 22.402257743
9.99369310027 26.5313719563
8.82043834825 30.7783601704
8.0947649625 35.1056714013
7.88615501605 39.4724506003
8.29315500712 43.831823746
9.45408729404 48.1268364547
11.5595828207 52.2843959398
14.8626053211 56.2064926081
19.6715644122 59.7586496009
26.2910245662 62.7586981054
34.8528491861 64.977514185
45.0313709992 66.1752399176
56.5510000541 69.2662738192
67.9898476027 68.045760133
77.4306092213 65.7841611271
84.5699848543 62.7520343945
89.6675617976 59.1930252401
93.1419341359 55.289392151
95.3736209322 51.1685664111
96.6553235525 46.9192352901
97.1983682229 42.6049887597
97.1516654596 38.2737146041
96.6191746998 33.9636745456
95.6730945132 29.707400057
94.3632307538 25.5342276233
92.7235786837 21.4719874941
90.7770312294 17.548150004
88.5388875768 13.7906006359
86.0196324398 10.2281313027
83.2273036546 6.89068133409
80.16964902 3.8093265914
76.8561737318 1.01599470326
73.3000836541 -1.45712112328
69.5200326839 -3.57846506765
65.5414931239 -5.31832105851
61.3975090801 -6.65024479467
57.1285963386 -7.55259218809
52.7816440611 -8.00995419766
48.4078526738 -8.01428164435
44.0599646388 -7.56550749651
39.7892318578 -6.6715521183
35.6426376113 -5.34771046423
31.66081922 -3.61553402052
27.8769519249 -1.50139912313
24.3166320454 0.965021870315
20.998617172 3.75219574134
17.936187619 6.8279355807
15.1388885473 10.1603092125
12.6144702441 13.7182307769
10.3709330645 17.4717504756
8.41868046441 21.3920700235
6.77287960303 25.4513061036
5.45622830711 29.6220039667
4.50244332036 33.8763685738
3.96093644549 38.1851271727
3.90334792641 42.5158543056
4.43284439733 46.8304586435
5.69721863634 51.0813230189
7.90627245187 55.2052851394
11.3508266766 59.1143249711
16.4097328135 62.682006717
23.5021052462 65.7273773734
32.8944713295 68.0079504501
44.3002069816 69.2528830378
57.4877758327 72.3698971856
70.5486767817 71.0684505812
80.9654017981 68.6957980229
88.5498528078 65.5723017451
93.7977043746 61.9613753716
97.2970878321 58.0441267535
99.5192497029 53.9388062446
100.799564801 49.7234660147
101.367935203 45.4518242137
101.380733374 41.1630513526
100.944518889 36.8876514809
100.132074775 32.6510424081
98.9929911094 28.4758030988
97.5606805673 24.3831406009
95.8571271415 20.3938872355
93.8962171584 16.529201328
91.6862025274 12.8110648959
89.2316570162 9.26262291558
86.5351655787 5.90837686181
83.598903949 2.77422306269
80.4261998001 -0.112688646691
77.0231035917 -2.72430818301
73.3999290325 -5.03228052412
69.5726499708 -7.0087979776
65.5639728868 -8.62769338274
61.4038632086 -9.86571260642
57.1293165527 -10.7038517544
52.7832531606 -11.128598867
48.4125718799 -11.1329002174
44.065590817 -10.7166927557
39.7892600167 -9.88690896555
35.6265938974 -8.65695323768
31.6147110059 -7.04574197801
27.7837117088 -5.07646510184
24.1564336158 -2.77524881566
20.7489653728 -0.169880580296
17.5717108296 2.71128820321
14.6307814449 5.8401992079
11.9295349804 9.18968716347
9.47014588596 12.7338373097
7.2551658968 16.4481303321
5.28910165078 20.3094070791
3.58009929878 24.2956778319
2.14189174767 28.3857859771
0.996246360605 32.5589139603
0.176270521062 36.7938877504
359.731119621 41.0681877644
359.732948162 45.3564952891
0.287393034901 49.6284677256
1.54946024598 53.8451974372
3.74704565479 57.953398011
7.21272922476 61.8757299209
12.414510572 65.4950968861
19.9390584686 68.6321016949
30.2891369416 71.0252212115
43.3012147776 72.3543758342
58.8448557881 75.4984736341
74.1111696502 74.063540978
85.6224794618 71.5154186704
93.5280208776 68.2503293261
98.7446100116 64.5538391191
102.099253311 60.6013152801
104.167911533 56.4980076346
105.325842187 52.3093550168
105.815638425 48.0785469586
105.795843702 43.836172524
105.371559172 39.6055841089
104.613210639 35.4059881741
103.568133208 31.2543110508
102.267866606 27.1663860539
100.732874909 23.157752207
98.9757049339 19.2442219737
97.0031954397 15.442303648
94.8181185174 11.7695230114
92.4205003922 8.24466334624
89.8087883997 4.88792526365
86.9809787206 1.72099434752
83.9357796364 -1.23300605749
80.6738466997 -3.94970719155
77.1990819754 -6.4038654618
73.51993609 -8.56993959093
69.6505919965 -10.4228870888
65.6118541954 -11.9391643189
61.4315364716 -13.0978741978
57.1441588784 -13.8819601324
52.7898476278 -14.2793066204
48.4124752755 -14.2835915094
44.0572487113 -13.8947543582
39.7680921655 -13.119001033
35.5852272959 -11.9683437162
31.5432996468 -10.4597548114
27.6702623079 -8.61406954103
23.9870574781 -6.45479223203
20.5079919476 -4.00694644772
17.2416182166 -1.29607123771
14.1919141004 1.6525796551
11.3595836156 4.81461921684
8.74335682342 8.16690154662
6.3412261808 11.6877173524
4.15161052743 15.3568436669
2.17448222374 19.1554781879
0.412531340424 23.0660811222
358.872480441 27.0721367977
357.566715175 31.1578339294
356.515475427 35.3076459354
355.749984167 39.5057674445
355.317118835 43.7353226157
355.286626754 47.9771901801
355.762576289 52.2081592654
356.901900683 56.3978782783
358.944644768 60.5035653982
2.26207306228 64.4604998331
7.42438159944 68.1647111893
15.2527536933 71.4430228236
26.6680472793 74.0129369189
41.8560682953 75.4798818602
60.981603928 78.6494955312
79.3607567309 76.9961605638
91.9507708726 74.1877831196
99.8571622538 70.7299641374
104.729693772 66.9218887512
107.695691832 62.9215310148
109.426933306 58.8146199365
110.320742081 54.6511622757
110.618297527 50.4629140677
110.470644547 46.2719025613
109.97497422 42.0948050597
109.195022677 37.9453395408
108.172926782 33.8356553716
106.936359499 29.7771978595
105.502975078 25.7812846591
103.883277103 21.85951871
102.082542762 18.024104877
100.102179175 14.2881063786
97.9407458485 10.6656588147
95.5947974364 7.17214751998
93.0596546508 3.82434474474
90.3301823636 0.640495134792
87.4016327098 -2.35966947246
84.2705901553 -5.15501159242
80.9360293778 -7.72319644573
77.4004613347 -10.0410585607
73.6710968277 -12.0851524697
69.7609041085 -13.8324982877
65.6893888128 -15.2615066924
61.4828994813 -16.3530315705
57.1742819489 -17.0914583296
52.8017857423 -17.4657025989
48.4072603096 -17.4699812021
44.0338364043 -17.1042351919
39.7234164529 -16.3741342927
35.5143480948 -15.29066198
31.4396067615 -13.8693505307
27.5256858774 -12.1292855287
23.7922358037 -10.0920179137
20.2523570409 -7.78050938494
16.9133720265 -5.21820398548
13.7778786672 -2.42827843933
10.8449130259 0.566912608074
8.11109656278 3.74620680573
5.57169614308 7.08984541105
3.22157128366 10.5795571135
1.05601880863 14.1985449138
359.071551347 17.9314018514
357.266666988 21.7639747256
355.642688517 25.6831875161
354.204779155 29.6768282019
352.963287406 33.7332935012
351.935652365 37.8412740855
351.149240442 41.989344772
350.645737955 46.165393582
350.488195808 50.3557670138
350.772723947 54.5438976034
351.648594609 58.70794873
353.353968907 62.8165076989
356.280878976 66.8202165242
1.09185661411 70.6346326867
8.89998066894 74.1043872013
21.3459553237 76.9350925855
39.5847580511 78.626104282
50.1432950809 81.9927204296
78.7008865276 80.7875485722
96.4126111301 77.8273523019
105.846083737 74.0679825686
110.920241513 69.9625710655
113.674539593 65.6956974041
115.090390591 61.3504570822
115.668024289 56.9698209723
115.680921052 52.5792202347
115.287710863 48.1957410215
114.584566499 43.832286812
113.631472744 39.4996565091
112.466238524 35.2076828728
111.112382394 30.9659174594
109.583781073 26.7840853459
107.887527257 22.672419061
106.025762331 18.6419279561
103.996912483 14.7046323058
101.796583125 10.8737762681
99.418274739 7.16402387072
96.8540339716 3.5916342119
94.0951267797 0.174604376381
91.1328037708 -3.0672396167
87.959213338 -6.11223230024
84.5684984826 -8.93697574338
80.9580815856 -11.5166075999
77.1300923977 -13.8252749046
73.0928269779 -15.8368495259
68.8620467276 -17.525897824
64.4618574024 -18.86887654
59.9248810899 -19.8454721359
55.2914856122 -20.4399429103
50.6079842491 -20.6422814342
45.9239427235 -20.4490102988
41.2889622119 -19.8634691392
36.7494564984 -18.8955390554
32.3459431078 -17.5608561527
28.1112215638 -15.8796547712
24.0695809113 -13.8754270018
20.2369535757 -11.5735815035
16.6217821718 -9.00024342831
13.226312416 -6.18127948477
10.0480508629 -3.14157714029
7.08119492855 0.0954339155426
4.3179213029 3.50805363874
1.74948675041 7.07642145736
359.367144685 10.7825077261
357.16291286 14.6100240493
355.130247375 18.544281134
353.264692791 22.5720140472
351.564594578 26.6811865506
350.031986795 30.8607785057
348.673816385 35.1005523866
347.503755743 39.3907850702
346.545025959 43.7219361092
345.834984274 48.0841971985
345.432897185 52.4668153481
345.433735067 56.8569707643
345.993994787 61.2377334849
347.383113801 65.5839806949
350.093079598 69.8534019649
355.087339364 73.9644679521
4.36647095092 77.7367031476
21.8009877416 80.7274859695
74.4033999858 84.4909572707
102.72700788 81.3969683956
113.652782957 77.2803919191
118.335171823 72.8704541647
120.432704099 68.3547160676
121.242829265 63.7980091359
121.316167992 59.2296838086
120.920147499 54.6662892323
120.197443156 50.1190572169
119.229064473 45.5968668261
118.062636372 41.1076061058
116.726297268 36.6588879041
115.236039666 32.2584812665
113.59981724 27.9146110797
111.819955078 23.6361965607
109.894627211 19.4330636089
107.818808243 15.3161489697
105.584932169 11.2977047577
103.183404568 7.39150545384
100.603071215 3.61305373189
97.8317257759 -0.0202249635206
94.8567303688 -3.4888170829
91.6658176724 -6.77101270824
88.2481344364 -9.8428936865
84.5955656128 -12.678469332
80.7043364713 -15.2500200156
76.5768191393 -17.5287101597
72.2233689924 -19.4855181894
67.6638994443 -21.0924945113
62.9288077603 -22.3242962959
58.058846698 -23.1598663727
53.1036531994 -23.5840437712
48.118911414 -23.5888477801
43.1624818125 -23.1741965512
38.2901384578 -22.347914757
33.5516821199 -21.1250286844
28.9880763481 -19.5264916048
24.629945927 -17.577577176
20.497422042 -15.3061993699
16.6010495775 -12.7413728443
12.9433522793 -9.91194825976
9.52066697714 -6.84567533096
6.32495295955 -3.56858358582
3.34539949591 -0.104633784649
0.569756072257 3.5244214207
357.985381502 7.29902804662
355.580050464 11.2017239728
353.342577035 15.2169743607
351.263323715 19.3309773544
349.334669554 23.5314582545
347.551519681 27.8074623947
345.91195846 32.1491505052
344.418190876 36.5475945814
343.078002126 40.9945658959
341.907135918 45.4822975147
340.933342498 50.0031869061
340.20360395 54.5493693811
339.79779124 59.1120128907
339.856396481 63.6799812
340.642227412 68.2369340093
342.694812369 72.7540370617
347.280222902 77.1679896975
357.950945599 81.2970803982
25.594635031 84.4388243968
48.889382694 87.8771620738
114.91222336 84.8244533052
125.063641541 80.2655134477
127.725863164 75.5692653798
128.333265356 70.8444599816
128.086522972 66.1172844083
127.392975561 61.3991036524
126.425588139 56.6971298873
125.267939498 52.0172066502
123.963304174 47.3647936349
122.534408827 42.7454108872
120.992410165 38.1648922336
119.341350848 33.62956688
117.580518628 29.1464165076
115.705755549 24.7232294856
113.710211167 20.3687633822
111.584793134 16.0929220465
109.31845801 11.9069505526
106.898433731 7.82364863128
104.310443072 3.85759992024
101.538991176 0.0254096477769
98.56778275 -3.65406349687
95.3803410484 -7.1595052692
91.9609057046 -10.4670104748
88.2956821515 -13.5500670287
84.3744904595 -16.3797289242
80.1928020226 -18.9250604401
75.7540464672 -21.1539346725
71.0719183628 -23.0342466886
66.1722409971 -24.5355441101
61.0938190502 -25.6309824946
55.8877301703 -26.2993942187
50.6147478447 -26.5271558726
45.3410451633 -26.3095029018
40.1328545077 -25.6510106408
35.0511154401 -24.5651325213
30.1471472485 -23.0729003128
25.4600314775 -21.2010645579
21.0158653517 -18.9800261819
16.8285863108 -16.4418759318
12.9018203196 -13.6187554745
9.23118430818 -10.5416351471
5.8065965109 -7.23950718379
2.61432062959 -3.73893493064
359.638623369 -0.0638751433021
356.86303202 3.76430915314
354.271239054 7.72671504214
351.847726185 11.8066984486
349.578184996 15.9896424644
347.449806364 20.2627194707
345.45150438 24.6146614831
343.574137736 29.0355462223
341.810797576 33.5166016682
340.157252323 38.0500285326
338.612690411 42.6288374249
337.181010168 47.2466945253
335.873141771 51.8977647608
334.711426626 56.5765312628
333.738423897 61.277544818
333.036238066 65.9949874183
332.774357641 70.7217105696
333.350204104 75.4465347959
335.926243192 80.1439994445
345.681375551 84.7104586021
155.802152128 87.541429536
143.774487699 82.7512297373
140.194103155 77.9150611709
137.826893563 73.0791537408
135.849587554 68.2515193929
134.033694502 63.4368041009
132.287697112 58.6390448837
130.56541762 53.8622652093
128.839033537 49.1106951445
127.089087671 44.3888994133
125.300152518 39.70188218
123.458700426 35.0551910457
121.551939428 30.4550299953
119.567111124 25.9083869485
117.491027458 21.423180111
115.309742673 17.0084266509
113.008313782 12.6744366168
110.570634443 8.43303400006
107.979348572 4.29780496783
105.215868461 0.284369976457
102.26054078 -3.58932906148
99.0930237573 -7.30274408007
95.6929585007 -10.832469029
92.0410318317 -14.1520690335
88.1205267625 -17.2320608193
83.9194229022 -20.0401383069
79.4330205811 -22.5417550969
74.6669004449 -24.7011744665
69.639797966 -26.4830594648
64.3857223797 -27.8545844057
58.9545014964 -28.7879037064
53.4100463676 -29.2626459619
47.8261027747 -29.2679783992
42.2800028624 -28.8037890023
36.8456402075 -27.8806992843
31.5871899412 -26.5189044635
26.5548090918 -24.7461229754
21.7828474784 -22.5951062385
17.2903500132 -20.1011650553
13.0831506474 -17.30004813
9.15673853742 -14.2263402656
5.49922115324 -10.9124014936
2.09395829738 -7.3877758685
358.921674463 -3.67895964603
355.96202066 0.190583126854
353.194646761 4.20025199837
350.599880187 8.33205926044
348.159108482 12.5703454177
345.854949158 16.9014916998
343.671270518 21.3136473682
341.593107301 25.7964807914
339.606496285 30.3409576727
337.698238674 34.9391464531
335.855574752 39.5840490197
334.065725173 44.2694538175
332.315197197 48.9898078543
330.58863722 53.7401034257
328.866737018 58.5157739674
327.12198409 63.3125894715
325.308904629 68.1265295457
323.337835298 72.953567515
320.986510986 77.7890938825
317.46437138 82.6252901804
306.117385661 87.419426844
231.655989593 86.6036426335
174.144547387 84.0753424528
156.932887781 79.6554389565
149.377310748 74.9302652532
144.761167263 70.1232664116
141.372204165 65.2901877239
138.594840363 60.4527248106
136.153676408 55.6224057177
133.905415169 50.8070336353
131.766338038 46.0129488032
129.682524173 41.2459969966
127.616047409 36.5120262463
125.537941027 31.8171938697
123.424316706 27.1681958511
121.254068979 22.5724691376
119.00742862 18.0383927335
116.66499869 13.5755026207
114.207086069 9.19473012581
111.613236323 4.90866989121
108.861936982 0.731880210818
105.930495135 -3.31878619048
102.79513047 -7.22383020637
99.4313588201 -10.9607540655
95.8147738798 -14.5037469852
91.9223591084 -17.8234715447
87.7344625802 -20.8870446911
83.2375175096 -23.6583406277
78.4274549655 -26.0987669076
73.3135039713 -28.168658937
67.9217207114 -29.8293735986
62.2972357094 -31.0460170916
56.5040689806 -31.7905231293
50.6216866293 -32.0445694659
44.7383423721 -31.8016997605
38.942387173 -31.0681131385
33.3135556107 -29.8619062511
27.9162474574 -28.2109744784
22.7960109514 -26.1501052387
17.9792945698 -23.7178969231
13.4756539534 -20.954019644
9.28126530792 -17.8971067468
5.38272799536 -14.5833459776
1.76048989278 -11.0456917707
358.391584034 -7.31355408896
355.251618931 -3.41281219448
352.316103431 0.633974579014
349.561238437 4.80725368552
346.964307886 9.09012724581
344.50377728 13.4679996634
342.159175626 17.9282461209
339.910802658 22.4599114262
337.739268147 27.0534412553
335.624829527 31.7004431157
333.546437469 36.393470951
331.480305483 41.1258238647
329.397643671 45.8913441283
327.260833813 50.6841889947
325.01650912 55.4985267076
322.582006971 60.328047148
319.816220449 65.1650122314
316.44887009 69.9980487135
311.878594701 74.8058973453
304.444361322 79.5344332357
287.700922652 83.9697999298
208.055880581 83.4813275044
177.784926933 80.4397835459
163.195845423 76.224951082
154.981669573 71.6329524078
149.518290127 66.89438758
145.424978113 62.0915848253
142.09099426 57.2613707768
139.208048019 52.4236294563
136.603146967 47.5910119535
134.17032572 42.772834254
131.839483601 37.9768720874
129.560811131 33.2102979938
127.296395156 28.4802383366
125.015385801 23.7941550014
122.691042495 19.1601486497
120.298824628 14.5872340192
117.815093069 10.0856163315
115.216192183 5.66698708997
112.477794709 1.34485116171
109.574462554 -2.86510822907
106.479429335 -6.94462638319
103.164657925 -10.8724253782
99.6012740831 -14.6237785866
95.7605246123 -18.1701200568
91.6154452888 -21.4787813867
87.1434250603 -24.5129825842
82.3297750912 -27.2322502745
77.1721964058 -29.5934681048
71.6856455268 -31.5527465892
65.9065616553 -33.0681891819
59.8949428531 -34.1033990159
53.732717294 -34.6312470668
47.5176069811 -34.637133212
41.3531855386 -34.1209050371
35.3374152215 -33.0968788638
29.5526434388 -31.5919566043
24.0593713067 -29.6423844477
18.8945323882 -27.2899863665
14.0735046493 -24.5786454025
9.59430863353 -21.5515190995
5.44247233365 -18.24915083
1.59551439403 -14.7084038352
358.026534663 -10.9620319314
354.706799346 -7.03868171983
351.607426387 -2.96315199915
348.700356936 1.24321713165
345.958798689 5.56210895769
343.357290516 9.97779783093
340.871490553 14.476745159
338.477742075 19.0472334559
336.152424144 23.6790384115
333.871041536 28.3631324777
331.606938486 33.0914082114
329.329409666 37.8564032939
327.000781746 42.6509985434
324.571645639 47.4680392187
321.972588398 52.2997844967
319.098882761 57.1369845923
315.779916617 61.9671188602
311.71239239 66.7705823251
306.297298572 71.5112229009
298.18556121 76.1086425435
283.848602583 80.3390611595
254.14203242 83.4319479527
231.007552736 81.348581568
199.374613376 80.024633275
178.763887617 76.7801726455
166.474004508 72.6659180195
158.516186188 68.1738266207
152.830303071 63.5019707328
148.423911218 58.7382935512
144.786377819 53.9273551723
141.632812552 49.0947584659
138.791877209 44.2570585287
136.15329672 39.4262381322
133.64148277 34.6119400988
131.201374177 29.8226935032
128.790367223 25.0666598934
126.373455242 20.3521431741
123.920142092 15.68798544
121.402378242 11.0839154319
118.793112108 6.55088932512
116.065233832 2.10144957612
113.190797234 -2.24988076093
110.140478974 -6.48615754612
106.883294053 -10.5875262916
103.386646014 -14.5306940071
99.6168546245 -18.288392434
95.5403710265 -21.8288952475
91.1259439561 -25.115699296
86.3480003762 -28.1075419953
81.1913777468 -30.7589926891
75.6571994372 -33.0218950844
69.7690602445 -34.8478959544
63.5778846003 -36.1921051911
57.1632288188 -37.0175634253
50.6290602977 -37.299729589
44.0935994051 -37.0298772335
37.6752256702 -36.2163840763
31.4783381891 -34.8834940672
25.5830832552 -33.0679560628
20.0410027885 -30.8145468945
14.8762356479 -28.1715932104
10.0903240585 -25.1872891308
5.66839077168 -21.9071429434
1.58503262459 -18.3725137494
357.809081295 -14.6200051032
354.307012329 -10.6814383124
351.045134912 -6.58416629788
347.990824657 -2.35155445462
345.113063797 1.99648274779
342.382500178 6.44295285423
339.771169312 10.973295035
337.251959253 15.5749384427
334.79783876 20.236906928
332.38080936 24.9494595739
329.970469197 29.7037498114
327.531969388 34.4914776538
325.022961807 39.3044958315
322.388799214 44.1343041251
319.554577202 48.9713116638
316.411191113 53.803628135
312.789405381 58.6148687142
308.408344588 63.3797644705
302.765604828 68.0544691099
294.88678154 72.5527344956
282.75116488 76.6809530229
262.420594307 79.9587277106
217.464590489 78.5256667565
194.616627815 76.4864959708
178.86213187 73.1148702682
168.288635678 69.0486982751
160.814757634 64.6251279008
155.177586639 60.0082287745
150.669337332 55.2821547503
146.882926176 50.4938914478
143.572104494 45.6721283403
140.579598558 40.8360253471
137.799430651 35.9995814076
135.156309489 31.173977986
132.593815305 26.3689371541
130.067299175 21.5935794058
127.539408997 16.8570227969
124.977131081 12.1688521372
122.349734688 7.53953215258
119.627273757 2.98081079043
116.77945257 -1.49385597501
113.774758652 -5.86883547453
110.579838551 -10.1257909754
107.159159195 -14.2430904151
103.475071631 -18.1951618126
99.4884812213 -21.9518329255
95.1604242948 -25.4777369896
90.4549292008 -28.7319331561
85.3435335139 -31.6679785438
79.8116188496 -34.2347806587
73.8661579287 -36.3786041421
67.5434728125 -38.0465146915
60.9144195153 -39.191215568
54.0838019753 -39.7766536712
47.1818137851 -39.7831411706
40.3482405968 -39.210470356
33.7136679157 -38.0779482995
27.3835639007 -36.4213387144
21.4295450384 -34.2877668122
15.8886349528 -31.7301081349
10.768358826 -28.8021265639
6.05447753637 -25.5549985856
1.71875394537 -22.035278308
357.725325125 -18.2840245462
354.035258209 -14.3367161082
350.609443455 -10.2236247958
347.410194439 -5.97040715086
344.401934402 -1.59876464321
341.551270827 2.87291071751
338.826664331 7.4289436569
336.197810494 12.0558468153
333.634778894 16.7418508988
331.106886593 21.4764791493
328.581211392 26.2501439631
326.020554579 31.0537345871
323.380512479 35.8781502308
320.605053345 40.713705669
317.619506079 45.5492825804
314.318908335 50.3709891832
310.547706254 55.1598521504
306.062685463 59.8875224496
300.462341379 64.5076744248
293.049394636 68.9375220585
282.579605055 73.0159810628
266.991811386 76.4121548231
244.325221992 78.4964019868
230.851555365 76.281997555
209.049671516 75.3788483409
191.423241228 72.9152463824
178.592115683 69.4478591004
169.308969876 65.4018412321
162.343492092 61.0238298162
156.869297566 56.4495924899
152.372333919 51.7562348303
148.530988532 46.9901805612
145.13753348 42.1813150505
142.052274841 37.3502882045
139.177093075 32.5124639969
136.439853409 27.6801796679
133.784917929 22.8641235126
131.167149035 18.0742411312
128.547958116 13.3203885272
125.892579743 8.612855495
123.168096085 3.96283422733
120.341933237 -0.617117350027
117.380671905 -5.11258185478
114.249099086 -9.50673127846
110.90949934 -13.7796990396
107.321261307 -17.9078670108
103.440970464 -21.8630790726
99.2232802651 -25.6118286476
94.6229929486 -29.1145289263
89.5988953681 -32.325069378
84.1198734395 -35.1909888499
78.1734686228 -37.6547233803
71.7760941841 -39.6564304546
64.9825367146 -41.1387032872
57.8906913887 -42.0529268903
50.637155977 -42.3661411226
43.3818642006 -42.0664935235
36.2850132687 -41.165361704
29.4839000383 -39.6953156876
23.0773350675 -37.704717312
17.1210056843 -35.2508648387
11.6320578858 -32.3936105083
6.59854304601 -29.1906058603
1.98965037588 -25.6944392946
357.76431191 -21.9513599675
353.877369859 -18.0010872218
350.283456434 -13.877245142
346.939106437 -9.60808900695
343.803649523 -5.21731762326
340.839316399 -0.72486117068
338.010853989 3.85240390057
335.284822961 8.50002504539
332.628655146 13.2054209396
330.00947113 17.9573868057
327.392586511 22.7456308787
324.739551696 27.5603066242
322.005450808 32.3914916793
319.134990988 37.2285394814
316.056574161 42.0591818676
312.672926841 46.8681676558
308.845718109 51.6350342862
304.36947163 56.3302182682
298.926371324 60.9078729865
292.008746864 65.2919728829
282.800063425 69.3488212736
270.07963503 72.8355673039
252.584943563 75.3321748121
221.118836415 73.6075162853
203.325510217 72.0719919803
189.02813746 69.325584812
178.15420307 65.7799471188
169.86728004 61.7385167093
163.375015859 57.3901483341
158.107232795 52.8482086409
153.681408664 48.1821314331
149.842075661 43.4362912394
146.415101453 38.6405656592
143.278061354 33.8162689989
140.34168901 28.9795893123
137.538206983 24.1436687706
134.813824604 19.3199341887
132.123762371 14.5190087101
129.42882215 9.75139256823
126.692912407 5.02802558314
123.881168768 0.360803988115
120.958451845 -4.23689726901
117.888098904 -8.74965729212
114.63088051 -13.1593649523
111.14418813 -17.4444728068
107.381571468 -21.5791369633
103.292871715 -25.5322555546
98.8253695252 -29.2664667091
93.9265724555 -32.7372527573
88.5494348279 -35.8924340106
82.6607445382 -38.6725190413
76.2527785167 -41.0125549336
69.3567250783 -42.8461423665
62.0538327662 -44.1119042815
54.4780411355 -44.7617417229
46.8046066787 -44.7689048623
39.2247822152 -44.1331081381
31.9144737471 -42.880588182
25.0086818963 -41.0590792117
18.5898004315 -38.7297747089
12.6899932304 -35.9590499449
7.30223069783 -32.8119436575
2.39371577087 -29.3480913943
357.917600835 -25.6198358133
353.821447407 -21.6718519236
350.052507238 -17.5416409289
346.560553361 -13.2604215393
343.299056108 -8.85413190086
340.225333301 -4.34439304682
337.300097627 0.250628398115
334.486650641 4.91547166878
331.749844562 9.63673558326
329.054839685 14.4025099999
326.365610276 19.2018530571
323.643077513 24.0242749712
320.842654332 28.8591776573
317.910847018 33.6951783354
314.780330448 38.5192058659
311.36252926 43.3151845352
307.536086071 48.0619793272
303.128538202 52.7300055999
297.88704438 57.2753819511
291.433131115 61.6295275911
283.20227272 65.6805649263
272.407308593 69.2421185852
258.206393566 72.0140776716
240.490110046 73.5863572417
230.780241305 71.3488504214
213.958724065 70.6543936216
199.135116569 68.6742778387
187.110745898 65.7232527281
177.642120571 62.111074575
170.145213718 58.0653949367
164.076891067 53.7358046079
159.026522003 49.2180638929
154.702454399 44.57433455
150.899511795 39.8463019194
147.471409348 35.0631222629
144.311237809 30.2462045233
141.338354102 25.412146513
138.489636229 20.5746034976
135.713566607 15.7455374019
132.966118586 10.936108103
130.207785941 6.15736455769
127.401332857 1.42083621619
124.509994084 -3.26090617971
121.495955778 -7.87366805459
118.319022466 -12.4009830781
114.935444706 -16.823361537
111.296964608 -21.1174031068
107.350253988 -25.254756021
103.037096208 -29.200936246
98.2959152143 -32.9140859055
93.065566228 -36.3438723872
87.2925523623 -39.4309292938
80.9426901514 -42.1075093417
74.0171071538 -44.3002593497
66.5696969946 -45.9359768584
58.7191632836 -46.9504727788
50.6463401468 -47.2990686537
42.57108734 -46.9654662719
34.7137115038 -45.965309895
27.2561994516 -44.3427655619
20.3186839647 -42.1617281285
13.9563585249 -39.4953188615
8.17130416454 -36.4169653346
2.92991509456 -32.9945756089
358.178970809 -29.2877077082
353.85740248 -25.3468818644
349.903596123 -21.21412208
346.259244141 -16.9240508326
342.870912299 -12.5051305901
339.690243333 -7.98084729519
336.673406945 -3.37075464936
333.78015188 1.30863538666
330.972637973 6.04309832269
328.214107518 10.8200474067
325.467372206 15.6279502339
322.693022764 20.4557682367
319.847193954 25.2923670186
316.878617733 30.1258290332
313.724546987 34.9425692527
310.304897245 39.7260980529
306.513592603 44.4551734102
302.205594617 49.1009005514
297.177580735 53.622012119
291.140570429 57.9570258294
283.687398224 62.0112863056
274.277998161 65.6369215608
262.326291051 68.6085519962
247.571603057 70.6180816007
223.080776382 68.7644231047
208.51888367 67.5250511077
195.897911134 65.2185902964
185.51358297 62.1108898908
177.105353794 58.4409677351
170.249936168 54.3861171702
164.557009109 50.0679626954
159.720318982 45.5683310849
155.512435641 40.942848337
151.766421569 36.2303216109
148.358612838 31.4587908286
145.195482598 26.6493832436
142.204252773 21.8188024354
139.326286987 16.9809852333
136.512396936 12.1482564835
133.719420604 7.33218653372
130.907626474 2.54428270448
128.03863984 -2.20339614664
125.073685911 -6.89763605235
121.972016053 -11.5234211735
118.689444613 -16.0631947645
115.176991833 -20.4959812287
111.379725392 -24.7963273621
107.236048749 -28.9330361264
102.677935941 -32.8677067833
97.6329908111 -36.5531859673
92.0296877854 -39.9322113149
85.8075244457 -42.9368265627
78.933490146 -45.4895455933
71.4241514564 -47.5075590861
63.3678596974 -48.9110410815
54.9355021111 -49.6352021732
46.36675471 -49.6431510543
37.9287820257 -48.9344885553
29.8623671565 -47.5454070281
22.3401217349 -45.5402425521
15.4521214386 -42.9986467567
9.21625644479 -40.0034749784
3.60033408902 -36.6323883473
358.544246547 -32.9535683249
353.976579381 -29.0245021706
349.824888365 -24.8925426166
346.021026861 -20.5962554789
342.503257429 -16.1669685571
339.216515164 -11.6302351873
336.111710284 -7.00710514075
333.144576367 -2.31518773762
330.274316697 2.4304666992
327.462143937 7.21662533343
324.669710417 12.0312246853
321.857357965 16.8627668994
318.982055211 21.6997064496
315.994819185 26.5297618149
312.837320364 31.3390638378
309.437229701 36.1110109405
305.701671772 40.8246287951
301.507921797 45.4521086679
296.690377163 49.9549974422
291.023431968 54.2782165269
284.203071786 58.3407814328
275.840917093 62.0223119434
265.512915443 65.1471327865
252.949991215 67.4776510112
238.427766282 68.7476709251
230.738687546 66.5048058397
216.940752949 65.9360101009
204.25269711 64.2776394929
193.29881898 61.7223090377
184.150341668 58.4898884774
176.572551986 54.7693579617
170.248749138 50.7028204401
164.88786494 46.3912317885
160.254791961 41.9052639963
156.168548804 37.2947987034
152.491487451 32.5958047649
149.118199551 27.835008654
145.966473253 23.0330161505
142.970459047 18.2064190139
140.075612619 13.3692561176
137.234925336 8.53407284665
134.406037299 3.7127395535
131.548927395 -1.08286133442
128.623956706 -5.84019978878
125.590104013 -10.545450247
122.403282854 -15.1827738067
119.01468141 -19.7334738097
115.369137941 -24.1749665584
111.403684448 -28.4795107834
107.046604513 -32.6126557906
102.217719688 -36.5314206314
96.8311992956 -40.1823442888
90.8029431604 -43.4998086897
84.065145136 -46.4054879045
76.5899083255 -48.8103744487
68.4198068652 -50.6212224923
59.6949068806 -51.7525736152
50.6571320198 -52.1428765193
41.6159084808 -51.7692494061
32.8814498726 -50.6536559659
24.6976366011 -48.8569728626
17.2067927281 -46.4643365766
10.4533430223 -43.5689814751
4.41056885356 -40.2600975404
359.011240575 -36.6162747684
354.171426177 -32.7034024305
349.805236245 -28.5751826421
345.832332613 -24.2747946212
342.180812072 -19.8368444805
338.787530986 -15.2891911999
335.597180588 -10.6545048417
332.560837401 -5.95154290932
329.634340826 -1.19618428649
326.77663402 3.59772301164
323.948082788 8.41764200871
321.108715135 13.2516981257
318.216272135 18.0880443746
315.223910275 22.9141766964
312.07733348 27.7161202641
308.711051673 32.4773781828
305.043363489 37.1774834876
300.969575055 41.7899133077
296.353017252 46.2789995681
291.013991084 50.5953069271
284.718898442 54.6688203589
277.177964972 58.399515864
268.074249032 61.646483331
257.168557364 64.2218999016
244.520565715 65.9061566748
224.324766528 63.9760387136
211.979589363 62.9326422101
200.815673639 60.9465079399
191.154465003 58.195468058
182.969953315 54.8610987342
176.061675998 51.0960624869
170.186271508 47.0168723382
165.120148172 42.7087465903
160.678392201 38.2333122098
156.714355006 33.6354448683
153.113055901 28.948423127
149.783821323 24.1975820774
146.653915731 19.4028590001
143.663472687 14.5805802293
140.761557174 9.7447484371
137.903083123 4.90801220449
135.046325221 0.0824452690042
132.150808724 -4.71977181294
129.175404762 -9.48569466198
126.076495705 -14.200918775
122.806110207 -18.8487809398
119.309972951 -23.4093906789
115.52549305 -27.8584168959
111.379869035 -32.1655520061
106.788788672 -36.2925923455
101.656754647 -40.191142134
95.8809803157 -43.8001313094
89.3620167737 -47.043733785
82.0251047178 -49.8309744308
73.8545840237 -52.0592181101
64.9360021743 -53.6241363143
55.4859886049 -54.4370874429
45.839681868 -54.4459849533
36.3816219337 -53.6502561142
27.4489152793 -52.101019616
19.261066549 -49.8863674054
11.9062181012 -47.110509781
5.37043568171 -43.8762568137
359.579822211 -40.274891596
354.435190719 -36.3825694629
349.833685896 -32.2606546903
345.679598653 -27.9577832142
341.888368654 -23.5123447123
338.386962348 -18.9547858788
335.112594502 -14.3095387557
332.010839797 -9.59656443303
329.03362153 -4.83257257335
326.137259989 -0.0319944057178
323.280606806 4.79221585282
320.423211653 9.62788334146
317.523421801 14.462955665
314.536280011 19.2848229689
311.411049305 24.0795424391
308.088149582 28.8308751945
304.495246177 33.5190093274
300.542213816 38.1187889391
296.114801146 42.5971922294
291.067283296 46.90971163
285.215798904 50.9952427187
278.337653541 54.7692844128
270.189462584 58.116228334
260.568297471 60.8843393803
249.441377151 62.8925053631
237.119325856 63.9621019078
230.711024951 61.7119549825
218.971059347 61.228342148
207.911252993 59.8001332599
197.987007969 57.5529338401
189.351861394 54.6443135504
181.940568939 51.2251355361
175.584898535 47.4210169465
170.093604075 43.3292541024
165.290699655 39.022783376
161.027730559 34.5558037208
157.183935905 29.9688354343
153.662077616 25.2926584263
150.383417894 20.5512079291
147.283127076 15.763666975
144.306443719 10.9459884969
141.405542924 6.11203170474
138.536955436 1.27445032487
135.65936241 -3.55456470203
132.731603373 -8.36260779375
129.710753201 -13.1363778018
126.550141785 -17.8609272966
123.197211645 -22.5187704991
119.591148579 -27.0887665546
115.660310122 -31.5446794917
111.319679026 -35.8533052615
106.469000956 -39.9720708936
100.993114903 -43.8461008436
94.7674602487 -47.4050136542
87.6737608953 -50.5603277557
79.6321060271 -53.20547433
70.651873371 -55.2217945287
60.8887408943 -56.4940894757
50.6703326088 -56.9354819203
40.446847216 -56.5128261751
30.6699498046 -55.2579409978
21.6707268275 -53.2568142467
13.6084771417 -50.6243376361
6.49514626468 -47.4793065689
0.252144554155 -43.9286448475
354.761614845 -40.0612367402
349.89892134 -35.947826604
345.54862047 -31.6435837832
341.610126329 -27.1913056534
337.998114392 -22.6243615987
334.640686563 -17.9691059969
331.476830548 -13.2467617793
328.453845787 -8.4748686624
325.524969522 -3.66840572577
322.647230656 1.159312684
319.779467799 5.99588413061
316.880407418 10.8291366216
313.906676262 15.6464522157
310.81060439 20.4340271488
307.53765682 25.1759886623
304.023318853 29.8532666926
300.189276362 34.4420839224
295.938841898 38.9118808679
291.151933416 43.2224441598
285.680850284 47.3199975236
279.350248202 51.1321690998
271.968944982 54.5623649541
263.367297756 57.4857120167
253.475984552 59.7518479987
242.441388583 61.2029526485
225.198975664 59.2137028403
214.479813502 58.3113410686
204.529185525 56.5692535559
195.62141817 54.1107289867
187.818217937 51.0730052107
181.041690683 47.5825272794
175.151182791 43.7442915408
169.993526183 39.640776149
165.427369098 35.3351312254
161.331409583 30.8753812305
157.604763187 26.2982493709
154.164240981 21.6322183818
150.940826926 16.8998536821
147.876284343 12.1195376511
144.920176596 7.30677330239
142.027312169 2.47519122637
139.155520112 -2.36263415342
136.263628886 -7.19447444844
133.309514338 -12.0077716482
130.24808182 -16.7889296104
127.029048151 -21.5225012548
123.59439613 -26.1901873142
119.87540629 -30.76954122
115.789272284 -35.232246965
111.235575371 -39.5418121019
106.093526002 -43.6505261391
100.222217527 -47.4956531571
93.4685938058 -50.9952292118
85.6912789229 -54.044821285
76.8101183122 -56.5184418278
66.8825500764 -58.2789092159
56.1773790549 -59.2022445711
45.1774614535 -59.2123379597
34.460284619 -58.3083352414
24.5124167233 -56.5649748178
15.6076205133 -54.1056052546
7.80720483225 -51.0674456801
1.03309168684 -47.5768830237
355.14459306 -43.7388467047
349.988580222 -39.6357540398
345.423765325 -35.3307046513
341.328910982 -30.8716822574
337.603189061 -26.2953770453
334.163456946 -21.6302443862
330.940735951 -16.8988263197
327.876819658 -12.1194845977
324.921296508 -7.30770347613
322.028996572 -2.47709602871
319.15776846 2.35978006369
316.266459444 7.19071275578
313.312964624 12.0031603234
310.252210189 16.7835432163
307.033936532 21.5164316854
303.600153904 26.1835450921
299.882175135 30.7624575282
295.79723135 35.2248766271
291.244945089 39.534337692
286.104566542 43.6431631828
280.235213678 47.4886556855
273.483811518 50.9888932414
265.708873101 54.0394804958
256.829979955 56.514445199
246.904129563 58.2765690969
236.199615032 59.2017562365
230.690953007 56.9358076625
220.46628715 56.5147689494
210.687331688 55.2612424542
201.68559629 53.2611177674
193.620777341 50.6292616427
186.505075568 47.4844965225
180.260012036 43.9337972448
174.767744694 40.0661035388
169.903605497 35.952210322
165.552102171 31.6473298889
161.612599224 27.1942953196
157.999727856 22.6265058239
154.641552514 17.9703411771
151.477029726 13.2470464956
148.453432792 8.47418140296
145.523976462 3.66674330085
142.645669456 -1.16193620838
139.777331262 -5.9994380911
136.87766909 -10.8335740609
133.903289079 -15.6517098311
130.806498029 -20.4400248305
127.532733617 -25.1826285073
124.017448158 -29.8604313078
120.182287406 -34.4496337501
115.930515838 -38.9196501946
111.141996802 -43.2302354752
105.668975749 -47.3275741703
99.3360753762 -51.1392471791
91.9521461713 -54.5686081596
83.3477224737 -57.4907386267
73.4538957528 -59.7552666135
62.4176993736 -61.2044425322
50.6872847068 -61.7113779019
38.9489962841 -61.2258199476
27.8921326774 -59.7960213287
17.9713255711 -57.5477066403
9.33948741265 -54.6384469523
1.93106228877 -51.2190407625
355.577746757 -47.415023117
350.088342482 -43.3236154926
345.286949438 -39.0176936643
341.025198881 -34.5514093376
337.182403005 -29.9652458424
333.661382 -25.2899534122
330.38344354 -20.5494425811
327.283793551 -15.7628750198
324.307699005 -10.9461845084
321.407358499 -6.11321254244
318.539323155 -1.27659603065
315.662292855 3.55149041217
312.73512544 8.35865737669
309.71491477 13.1316200614
306.55501139 17.8554479209
303.202881025 22.5126730367
299.597735903 27.0821739461
295.667963296 31.5377362839
291.328577815 35.8461805995
286.47935513 39.9649622063
281.005153047 43.8392376592
274.781400047 47.3986598904
267.689748294 50.5547788042
259.650114119 53.2010424312
250.671575394 55.2187744234
240.909422977 56.4927016163
225.858678883 54.4469422808
216.399204652 53.6525934711
207.464496028 52.1044616727
199.274393098 49.8905801335
191.917314535 47.1151541435
185.379491878 43.8810233028
179.587095812 40.27951521
174.440944336 36.3868319004
169.838155675 32.2643804966
165.682982869 27.9608341169
161.890826724 23.5146141683
158.38861824 18.9561945495
155.113541368 14.3100310058
152.011144339 9.59610572298
149.033327492 4.83114756248
146.136390581 0.0296056048145
143.279166017 -4.7955489967
140.42118442 -9.63212499654
137.520772981 -14.4680538218
134.532952012 -19.2907092696
131.406958155 -24.0861315363
128.083179108 -28.8380634701
124.489239965 -33.5266727021
120.534964782 -38.1267793774
116.106039337 -42.6053324051
111.056664829 -46.9177871629
105.202904674 -51.0029917132
98.3220188577 -54.7763855513
90.1706802973 -58.122293279
80.5462534772 -60.8889249989
69.4166224894 -62.8951733926
57.0933614072 -63.9625452372
44.2997766277 -63.9742285755
31.9575475181 -62.9288753938
20.797585169 -60.9412962024
11.140355295 -58.1893680597
2.95930716236 -54.8545996126
356.053834357 -51.0895510641
350.180632314 -47.0106410022
345.116227971 -42.7030132887
340.675825006 -38.2282390771
336.712871706 -33.6311521217
333.112462019 -28.9449985678
329.783978614 -24.1950873489
326.654728414 -19.4013336431
323.66487765 -14.5800442893
320.763517276 -9.74520412219
317.905582813 -4.90944490811
315.04936792 -0.0848241475324
312.154415583 4.71649360577
309.179614529 9.48158004247
306.081365516 14.1960471042
302.811717126 18.8432487473
299.316416007 23.4033128041
295.532895277 27.8519281227
291.388378515 32.1588092289
286.798576619 36.28577717
281.668006939 40.1844634763
275.893876589 43.7938268375
269.376689071 47.0380677613
262.041569109 49.826227719
253.872650325 52.0556648366
244.955194989 53.6220038079
235.505544787 54.4365051873
230.675462998 52.1429467494
221.633366365 51.7706692569
212.897407469 50.6562301342
204.711712026 48.8604266425
197.218858461 46.4683626809
190.463463054 43.573278646
184.418916343 40.2643937652
179.018030663 36.6203368887
174.176873683 32.7070372115
169.80953418 28.5782337858
165.835644009 24.277138513
162.183268951 19.8383860417
158.789236494 15.2898603671
155.598212097 10.6542537745
152.561249467 5.95034385548
149.634167495 1.19402799088
146.775890252 -3.60082845881
143.946764897 -8.4216719587
141.1068001 -13.2566118269
138.213715633 -18.0937850852
135.220643149 -22.9206713885
132.073256215 -27.7232787806
128.706026311 -32.4850916108
125.037202251 -37.1856213658
120.962025079 -41.7983190862
116.343741752 -46.2874834803
111.002550555 -50.6036352409
104.704744927 -54.6767002974
97.160485165 -58.406577784
88.0529336986 -61.6522695543
77.1434026792 -64.2258875919
64.4926649256 -65.9078618805
50.7104653942 -66.5039821261
36.9150910487 -65.9328170458
24.2314872056 -64.2725951579
13.2824499045 -61.7160647571
4.13824098176 -58.4830367828
356.563856493 -54.7623622439
350.242660289 -50.6960214194
344.883753559 -46.3848762199
340.252194219 -41.8995313092
336.167132399 -37.2898201303
332.491017488 -32.5916758654
329.118511729 -27.831797225
325.967454599 -23.0307671616
322.972034616 -18.2051576729
320.077736537 -13.3689897652
317.237574926 -8.53479210336
314.409209401 -3.71441897191
311.552636292 1.08026297126
308.628233252 5.83673945288
305.594995689 10.5412009148
302.408854511 15.1778249864
299.021016429 19.7279323829
295.376339382 24.1689579741
291.411875391 28.4731806112
287.055926198 32.6061715354
282.228324966 36.524973468
276.84323754 40.1761498916
270.816531418 43.4941054948
264.080320887 46.4005299761
256.606565242 48.8064151615
248.437630426 50.6184860095
239.713348066 51.751215921
226.38385343 49.6437237354
217.944831905 48.9362186661
209.876921672 47.5480828312
202.352940178 45.5435998651
195.463151737 43.0024056068
189.225579706 40.007367251
183.608104288 36.6361736605
178.550643852 32.9570403877
173.981780989 29.0274893025
169.829053395 24.8949054579
166.024290324 20.5978837754
162.505729173 16.1677779752
159.218281133 11.6301645485
156.112834515 7.00611417182
153.145102891 2.31325530609
150.274270908 -2.43334393231
147.461533181 -7.22043390752
144.668523629 -12.0359350211
141.855564138 -16.868333672
138.979600405 -21.7060686141
135.991621622 -26.5368421832
132.833262916 -31.3467680177
129.432148781 -36.1192253148
125.695341269 -40.8332170072
121.500030579 -45.4609057573
116.680499566 -49.9638003087
111.010995344 -54.2867689119
104.187340921 -58.3487517814
95.8210585733 -62.0292660192
85.4882917505 -65.1525171625
72.9208808796 -67.4808387386
58.3962883536 -68.7481505891
43.0507044128 -68.7621013929
28.4935570295 -67.5203763762
15.8785237352 -65.2123138446
5.49958342437 -62.1037444312
357.095588136 -58.4335223058
350.243313624 -54.3787759593
344.552690873 -50.0610074415
339.717707327 -45.5619603708
335.51111624 -40.9372045013
331.766109729 -36.2255074609
328.359113778 -31.4548796855
325.196664265 -26.6464249372
322.2060278 -21.816826884
319.328600852 -16.9800045809
316.515220292 -12.1482663597
313.722744411 -7.33316676276
310.911459075 -2.54619764587
308.043005394 2.20059752736
305.078623813 6.894020342
301.977581041 11.519070891
298.695707271 16.0582089746
295.184039093 20.4904764038
291.387660426 24.7904384795
287.244989192 28.9269179079
282.688008741 32.8615348097
277.644321078 36.5471570648
272.042378192 39.9265420569
265.821621933 42.9317479573
258.948939896 45.4852913318
251.44074672 47.5043449338
243.385209572 48.909035478
234.953048093 49.6344935965
230.6629277 47.2988794089
222.587005915 46.9664000735
214.728502536 45.9672152427
207.269552364 44.3454271223
200.330452765 42.164897336
193.966535707 39.498741947
188.179975472 36.4204032121
182.937215543 32.9978149548
178.185051792 29.290565316
173.862411207 25.3492049134
169.907664732 21.2157863967
166.262485102 16.9249584478
162.873417362 12.5052072711
159.692084154 7.98004035165
156.674636277 3.36903110066
153.78080466 -1.31129028778
150.972731932 -6.04668224596
148.213643052 -10.8245418143
145.466331263 -15.6333209785
142.691366448 -20.4619658697
139.844858407 -25.2993267408
136.875507593 -30.1334701533
133.720525362 -34.9507939036
130.299770549 -39.7347887391
126.507087823 -44.4641886482
122.197325806 -49.1100673489
117.167001905 -53.6311132002
111.126918092 -57.9657784003
103.669653517 -62.0193087473
94.2549854732 -65.6436897705
82.2972248901 -68.6133748149
67.5374572781 -70.6201983734
50.7450556832 -71.3477859733
33.9278984188 -70.6503701058
19.1115628949 -68.6681182522
7.09419166983 -65.7158820222
357.630990293 -62.1032144148
350.137960374 -58.057536369
344.072362269 -53.7282729205
339.023932053 -49.2110788939
334.701281124 -44.5680494237
330.899409085 -39.8408258166
327.472147106 -35.0585330881
324.312663253 -30.2425561724
321.340367244 -25.4094730011
318.492174366 -20.5729213238
315.716594485 -15.7448468946
312.969622216 -10.9363941577
310.211768783 -6.15859699359
307.405813603 -1.42296987454
304.515005527 3.25793153544
301.501544403 7.86992801329
298.325248448 12.3965690261
294.942381955 16.8183812721
291.304700352 21.1119815966
287.358887116 25.2490362215
283.046733133 29.1950797677
278.306661468 32.9082730808
273.077511436 36.3383009147
267.305746349 39.4258101213
260.957109639 42.1030579496
254.032617464 44.2966805874
246.586021465 45.933442776
238.735880709 46.9490961649
226.820231839 44.7691073414
219.239606627 44.1342731876
211.928156465 42.8825499987
205.021011312 41.0616269605
198.600693046 38.7326776821
192.699466926 35.9620787845
187.310369209 32.8148848026
182.400636569 29.3507549928
177.923431589 25.6220588188
173.826311185 21.6734982653
170.056514474 17.5426002054
166.563798248 13.2606071531
163.301615543 8.85347912978
160.227267066 4.34285728327
157.301448966 -0.253073159861
154.487446719 -4.91883408644
151.750096448 -9.64100797599
149.054541587 -14.4076691262
146.364737721 -19.2078606553
143.641584061 -24.0310780248
140.840466197 -28.8667082948
137.907854592 -33.7033531918
134.776375099 -38.527924595
131.357382741 -43.3243269151
127.529418245 -48.0713999554
123.11986655 -52.7395243496
117.87565711 -57.2847668611
111.417981989 -61.6384644327
103.181890745 -65.6886054981
92.3799521865 -69.2486075382
78.1711614493 -72.0181160621
60.4497033964 -73.587027459
41.0806811851 -73.604553225
23.2959679387 -72.0661626327
9.0080032548 -69.3180723733
358.141292224 -65.7717062048
349.859287773 -61.7301633792
343.370297817 -57.3820635185
338.104731925 -52.8406354134
333.680459642 -48.1752328633
329.842257163 -43.4301813026
326.416143453 -38.6353254767
323.279789507 -33.8119554636
320.343991355 -28.9762397441
317.541013791 -24.1413034555
314.81709601 -19.3185577585
312.127480734 -14.5186108657
309.43298735 -9.75194841744
306.697539024 -5.02949573611
303.886284475 -0.363134483951
300.964096594 4.23377516935
297.894324543 8.74582743155
294.637750503 13.1549267097
291.151776946 17.4395416067
287.389963039 21.5738447867
283.30215607 25.5267512812
278.835636328 29.2609159559
273.937899851 32.7318366166
268.561871993 35.8873457409
262.674287335 38.6679574138
256.267340499 41.0087128514
249.372111196 42.8431900463
242.069728732 44.1099682114
234.494032439 44.7608836214
230.652380736 42.3656884515
223.396563171 42.0669662821
216.298845931 41.1666405177
209.496617716 39.697229941
203.088796625 37.7070655135
197.131168242 35.2534347609
191.640952891 32.3961952372
186.606248905 29.1930144342
181.996268872 25.6965024946
177.769951108 21.9529326082
173.882133254 18.0020482977
170.287436875 13.877496856
166.942383232 9.60755533921
163.806287385 5.21594280885
160.841365296 0.722608267692
158.012349272 -3.85555427974
155.285785318 -8.50407581986
152.62909007 -13.2103594624
150.009367605 -17.9631855805
147.391914517 -22.752248071
144.738258023 -27.5676863141
142.003452305 -32.399563746
139.132163834 -37.2372189159
136.052736739 -42.0683671349
132.66781197 -46.8777374077
128.838927192 -51.6448410866
124.360397748 -56.3400767022
118.914070748 -60.9175368609
111.991738639 -65.3010910333
102.77610838 -69.3568541274
90.0459763355 -72.8416556437
72.5408441938 -75.3350887949
50.8040966189 -76.2807012565
29.0111015635 -75.3736850011
11.3977978821 -72.9077020271
358.576809739 -69.4392679726
349.300131477 -65.3930112119
342.338658102 -61.015214766
336.867007708 -56.4414600186
332.371732564 -51.7487555756
328.531564524 -46.9834708488
325.138974062 -42.1754572861
322.054385288 -37.3453408898
319.179751739 -32.5084667855
316.442985907 -27.6771559599
313.788481938 -22.8620817803
311.171125164 -18.0731755676
308.552344366 -13.3202793206
305.897388168 -8.61366888682
303.173350821 -3.96452243396
300.347669386 0.614616310776
297.386934888 5.10934441095
294.255944142 9.50284860755
290.916990809 13.7752773978
287.329471211 17.9030280212
283.449975733 21.8579598357
279.233157698 25.6065814186
274.633810789 29.1093199213
269.610700372 32.3200760305
264.132672886 35.1863945909
258.187208405 37.6507089194
251.790637267 39.6531608887
244.997650107 41.1363114973
237.906051811 42.0514956561
227.196271902 39.7829826435
220.362074578 39.2111003568
213.726616619 38.0792356877
207.395448802 36.423114527
201.440274408 34.2898416185
195.898191869 31.7322879391
190.776781098 28.8042249951
186.061836811 25.5568448576
181.725138268 22.0367215658
177.730826349 18.2849356279
174.039963884 14.3369877006
170.613432153 10.2231707202
167.413533357 5.96916125811
164.404678335 1.59667959781
161.55346178 -2.87586462107
158.828331305 -7.43277957955
156.198969064 -12.0605623363
153.635430266 -16.7474288463
151.107015823 -21.4828882868
148.580784297 -26.2573395039
146.019512681 -31.0616584731
143.378764854 -35.8867310581
140.602463408 -40.7228580294
137.61586982 -45.5589053915
134.313917409 -50.3809621642
130.540883241 -55.170028734
126.053266188 -59.8977154578
120.449055592 -64.5176262099
113.030066386 -68.9468398286
102.550579201 -73.0239958955
86.9482977435 -76.4176634463
64.2680937224 -78.4976196869
37.4117929034 -78.5217595138
14.5826367379 -76.4790831453
358.843470992 -73.1059513049
348.278887305 -69.0394018409
340.809990596 -64.6160053625
335.175726002 -59.9995707781
330.669279277 -55.2741346218
326.884059201 -50.486623962
323.574075872 -45.6656945592
320.58219874 -40.830483674
317.802533639 -35.9949727196
315.159840679 -31.170328066
312.597733455 -26.3662578278
310.071585964 -21.5918690328
307.544062854 -16.8562664291
304.98216351 -12.1690215011
302.355168084 -7.54058553668
299.63314012 -2.98269287533
296.785792717 1.49121431917
293.781621603 5.86551740539
290.587280774 10.1218938805
287.167243328 14.2387260412
283.483864184 18.1904562129
279.498048599 21.9469260266
275.170826349 25.4727814554
270.466209523 28.7270920524
265.355706001 31.6634211387
259.824651134 34.2306756055
253.879954177 36.3751094724
247.557861009 38.0437647187
240.929150272 39.1893060668
234.098564915 39.7756282439
230.643200991 37.299009388
224.107319342 37.0299063366
217.68826985 36.2170677465
211.490509647 34.8846965482
205.594255684 33.0695142916
200.05111868 30.8162848731
194.885294311 28.1733344938
190.098365358 25.1888661592
185.675479238 21.9084031011
181.591244452 18.3733227099
177.814494943 14.6202482344
174.311702369 10.6810208525
171.049168353 6.58301283555
167.994258949 2.34960806974
165.115945822 -1.99926147101
162.384865722 -6.44658682473
159.773042615 -10.9777916056
157.253352318 -15.580290288
154.798750129 -20.2430928347
152.381221991 -24.9564451284
149.970346925 -29.7114879517
147.531251167 -34.4999090263
145.021552301 -39.3135488306
142.38655319 -44.1438943886
139.551272822 -48.9813405711
136.406482326 -53.8139793817
132.782732532 -58.6254009289
128.39875617 -63.3902950594
122.751379226 -68.0647368775
114.864593263 -72.5623059668
102.714456173 -76.6889719739
82.3598172092 -79.9633361347
50.9327048686 -81.347072379
19.3250028571 -80.0176483281
358.740265828 -76.7709295728
346.463466974 -72.656153515
338.511907492 -68.1642219952
332.829264421 -63.4928302326
328.424709208 -58.7297837205
324.78830881 -53.9195834268
321.635500548 -49.0878012192
318.795112276 -44.2509721985
316.15695934 -39.4210637094
313.64550597 -34.6077050742
311.205723488 -29.8194126321
308.7950296 -25.064335429
306.378432749 -20.350764853
303.925448229 -15.6875303549
301.408035805 -11.0843478569
298.799151923 -6.55216052684
296.071693967 -2.10349762863
293.197722386 2.24713113911
290.147919764 6.48279510742
286.891305909 10.5836532783
283.395287276 14.5264259853
279.626183392 18.2838577902
275.550440174 21.824234104
271.136793768 25.1110614827
266.359648427 28.1030835938
261.203806335 30.7548705962
255.670342053 33.0182591352
249.782790288 34.8448785495
243.592011099 36.1898091761
237.177503982 37.0160500664
227.531129474 34.6366193674
221.366214743 34.1210218869
215.349751351 33.0975224229
209.564139938 31.5929916511
204.069940169 29.6436565102
198.90413957 27.2913334277
194.082159301 24.5799077051
189.6020502 21.552546364
185.449358475 18.2498069485
181.601611217 14.7085695069
178.031909622 10.9616058198
174.711516513 7.03758064761
171.61154353 2.96131057489
168.70392384 -1.24584719073
165.961856202 -5.56555964133
163.359869956 -9.98208569576
160.873613133 -14.4818721831
158.479418084 -19.0531878626
156.153651597 -23.6857954469
153.871803919 -28.3706551275
151.607201055 -33.0996478285
149.32911338 -37.8653000864
146.999833185 -42.6604818225
144.569899794 -47.4780272094
141.969818061 -52.3101833076
139.094720904 -57.1476854654
135.773739921 -61.9779916184
131.703063463 -66.7814595187
126.282527974 -71.5218580247
118.160118865 -76.1185828606
103.799084547 -80.3471851881
74.0449878867 -83.4348870584
27.9710883854 -83.4755063132
357.753449023 -80.4301737354
343.185317868 -76.2147034838
334.978841838 -71.6229048258
329.518789916 -66.884827959
325.427136392 -62.0826564151
322.094081736 -57.2531661197
319.211714034 -52.4162169319
316.60721284 -47.5844444291
314.174698774 -42.767152086
311.844117825 -37.9721041006
309.565687795 -33.206461678
307.301512715 -28.4773397321
305.020754427 -23.7921884691
302.696681044 -19.1590966113
300.304758946 -14.5870667068
297.821355026 -10.0862915649
295.222819086 -5.66845009335
292.484828832 -1.3470344321
289.58195057 2.86228497897
286.48742141 6.94125616841
283.173206192 10.8686136996
279.610430149 14.6196428854
275.770335696 18.1657886807
271.625948588 21.4743917999
267.154640084 24.5086784671
262.341694097 27.2281771076
257.184773857 29.5897668797
251.698788579 31.5495455354
245.92012485 33.0655939098
239.908730604 34.1014822283
233.746496568 34.6300397302
230.634956894 32.043577307
224.751271924 31.8012974422
218.954784895 31.0682255423
213.32526736 29.8624256427
207.927165498 28.2117697828
202.806075088 26.151032207
197.988486703 23.7188075807
193.483988938 20.9547700151
189.288780854 17.897562501
185.389475476 14.5833861283
181.76652696 11.045210798
178.396969208 7.31246291574
175.256407932 3.41103839627
172.320346846 -0.636487040478
169.564980317 -4.81054500401
166.967584901 -9.09422245916
164.506618144 -13.4729094125
162.161600534 -17.933967437
159.912822509 -22.4664285231
157.740883307 -27.0607263149
155.62602779 -31.7084570545
153.547190705 -36.4021641523
151.480564081 -41.1351368453
149.397327151 -45.9012080803
147.259814371 -50.6945260803
145.014581257 -55.5092498501
142.578827357 -60.3390587271
139.811177142 -65.1762001709
136.440759754 -70.009275507
131.864672173 -74.8169660047
124.416721763 -79.5449532162
107.626971911 -83.9783771253
51.4656547107 -86.6020129585
354.100267352 -84.0651848636
336.925774748 -79.6447081312
329.37817272 -74.9198657326
324.764524973 -70.1133977947
321.376536467 -65.2809487719
318.599615946 -60.4441875112
316.158686154 -55.614629256
313.910574675 -50.8000674464
311.771617548 -46.00683302
309.687920366 -41.2407621883
307.621571004 -36.5076929708
305.543611007 -31.8137722065
303.430157549 -27.1656849694
301.260109337 -22.5708569193
299.013700722 -18.0376554581
296.671538091 -13.5756047138
294.213931533 -9.19562397479
291.620429687 -4.91029573613
288.869522843 -0.73416612834
285.938520223 3.31592417784
282.803642484 7.220487838
279.440404506 10.9570382751
275.824396044 14.4997749171
271.93259231 17.8193689543
267.745327297 20.8829434705
263.249012859 23.6543751572
258.439550536 26.0950689646
253.326132055 28.1653510398
247.934771036 29.8265609977
242.310555231 31.0437791214
236.517468871 31.788905197
227.838872477 29.2671123884
222.292379691 28.8034090011
216.857472484 27.8807232856
211.598360284 26.5192251174
206.565239269 24.7466158287
201.792497359 22.5956381949
197.299212251 20.1016019724
193.091243187 17.3002609367
189.164096781 14.226209432
185.505890965 10.9118199927
182.099990394 7.38665091775
178.927120276 3.67721354732
175.966929485 -0.193012769564
173.199063916 -4.20341246734
170.603845878 -8.33598316523
168.162657132 -12.5750512883
165.858108964 -16.9069846697
163.67406307 -21.319919912
161.595547085 -25.8035134978
159.608589909 -30.3487200426
157.699983584 -34.9475977202
155.856957113 -39.5931389876
154.066716328 -44.2791237101
152.315747671 -48.9999911689
150.588666173 -53.7507267676
148.866112651 -58.5267578217
147.120484296 -63.3238488101
145.306128912 -68.1379739986
143.332974217 -72.9651002679
140.977578215 -77.8006058923
137.444273315 -82.6366281502
126.012262537 -87.4299185339
335.777681668 -87.5301741468
323.785072699 -82.7402839748
320.20385318 -77.9045786412
317.835496074 -73.0691941677
315.857378489 -68.2421473198
314.04092978 -63.4280821911
312.29455243 -58.6310307798
310.572017451 -53.8550098344
308.845470658 -49.1042415747
307.095434973 -44.3832820273
305.306470233 -39.6971259709
303.465040729 -35.051311049
301.558349476 -30.4520308105
299.573635153 -25.9062623439
297.497708264 -21.4219127052
295.31662267 -17.0079876706
293.015435734 -12.6747857324
290.578041896 -8.43411924644
287.987085971 -4.29956276646
285.223980881 -0.286725287077
282.269073161 3.58646241278
279.102019488 7.29946282301
275.702457171 10.8288795135
272.051065952 14.1482857864
268.131117342 17.228204403
263.930573911 20.0363322603
259.444712666 22.5381217578
254.679084727 24.6978295688
249.65239131 26.4801056158
244.398605918 27.8521038907
238.967524114 28.7859514686
233.423033958 29.2612439321
230.627319507 26.5258867805
225.353339276 26.3086777323
220.14472904 25.6505704089
215.062451867 24.5649926512
210.157857279 23.0729568846
205.470059124 21.2012014
201.025184926 18.9801218271
196.837197691 16.4418097199
192.909742964 13.6184124289
189.238451223 10.5409095531
185.813248938 7.2383049943
182.62040379 3.73717521912
179.644183302 0.0614908364507
176.8681134 -3.7673710553
174.275883782 -7.73049359691
171.851972559 -11.8112191343
169.582067292 -15.9949176975
167.45335468 -20.2687492255
165.454744642 -24.6214339829
163.577091822 -29.0430386863
161.813483498 -33.5247811039
160.159684518 -38.0588525734
158.614880214 -42.6382552111
157.182966746 -47.2566476334
155.874874155 -51.9081881852
154.712948486 -56.5873544541
153.739765567 -61.2886927724
153.037479408 -66.0063817524
152.77572938 -70.7332702104
153.352463331 -75.4581741298
155.932555381 -80.155607883
165.713871811 -84.7216506148
229.191633362 -87.8795179942
294.985753736 -84.8154185166
305.092616826 -80.2557554946
307.743587111 -75.5596669745
308.346387933 -70.835257879
308.097271952 -66.1086031574
307.402333289 -61.3910304632
306.434068782 -56.6897328336
305.275846529 -52.0105404129
303.970833965 -47.3589015148
302.541698415 -42.7403254764
300.999561639 -38.1606355509
299.348444827 -33.6261502894
297.587622205 -29.1438405592
295.712927213 -24.7214837468
293.717503969 -20.3678262976
291.592256753 -16.0927608491
289.326140076 -11.9075212466
286.906380555 -7.82489606787
284.31869987 -3.85945799547
281.547601751 -0.0278016637194
278.576788581 3.65122424739
275.389779669 7.15631461002
271.970808272 10.4635720327
268.306070123 13.5464903567
264.385371413 16.3761269031
260.204164865 18.9215458087
255.765856574 21.1506156005
251.084113574 23.0312214451
246.1847297 24.5328951081
241.106481616 25.6287702741
235.900424601 26.2976521942
228.131080541 23.5876307262
223.174337729 23.1733320444
218.301568009 22.3473390967
213.562594029 21.1246580871
208.998405096 19.5262277918
204.639652248 17.5773133478
200.506490676 15.3058258813
196.60948529 12.7407821111
192.951175175 9.91103867149
189.527907903 6.84435414579
186.331649497 3.56676891021
183.351592754 0.102255801103
180.575488314 -3.52741980617
177.990694531 -7.3026909844
175.584984638 -11.2060827545
173.347170795 -15.2220477174
171.267613529 -19.3367719039
169.338690233 -23.5379690539
167.555305062 -27.8146735695
165.915542549 -32.157035934
164.421609678 -36.5561186217
163.081296591 -41.0036841329
161.910356914 -45.4919575061
160.936559647 -50.0133288706
160.206922316 -54.5599267099
159.801385119 -59.1229121899
159.860583831 -63.6911410716
160.647651777 -68.2482601592
162.702951285 -72.7654052225
167.295075721 -77.1791795956
177.985769151 -81.3074565523
205.691369482 -84.445551379
254.518789552 -84.4884456972
282.78347893 -81.3897360224
293.683859211 -77.2720055065
298.35579819 -72.861922715
300.448206287 -68.3464150285
301.255463116 -63.7901292526
301.327047333 -59.2223443908
300.92989059 -54.6595741903
300.206425936 -50.1130286716
299.237533155 -45.591570873
298.070762739 -41.1030754323
296.734208093 -36.6551430188
295.243833405 -32.25553108
293.60757401 -27.912453177
291.827742879 -23.6348173378
289.902505905 -19.4324383668
287.826832128 -15.316242025
285.593151561 -11.2984696101
283.19186666 -7.39288505209
280.611820291 -3.61498087777
277.840802808 0.0178270172148
274.866171988 3.48603377329
271.675654446 6.76793695417
268.258388437 9.83962422553
264.606247318 12.6751084861
260.715441158 15.2466707775
256.588323154 17.5254725331
252.235226505 19.4824848118
247.676040537 21.0897457359
242.94113876 22.3218951089
238.071253487 23.1578537181
233.116007685 23.5824349742
230.620003918 20.6407295446
225.935736444 20.4477681014
221.300426706 19.8624912956
216.760503219 18.8947606198
212.356502848 17.5601967121
208.121246542 15.8790232794
204.079044475 13.8747267338
200.245848082 11.5727146608
196.630115788 8.99911509074
193.234105525 6.17980076888
190.055332616 3.13966756295
187.088000259 -0.0978447898004
184.324288567 -3.51102514696
181.755456017 -7.08000125847
179.372756636 -10.7867315786
177.168208245 -14.6149158526
175.135266978 -18.5498531608
173.269477875 -22.5782673112
171.569187885 -26.6881112691
170.036434226 -30.8683546216
168.678169663 -35.1087501168
167.508076646 -39.3995654381
166.549393183 -43.7312513961
165.839505003 -48.0939911919
165.437727513 -52.4770231411
165.439117989 -56.8675175732
166.00033535 -61.2485312231
167.391138509 -65.5949190704
170.104201108 -69.8643249703
175.104547421 -73.9751072504
184.396447981 -77.7464743608
201.856331008 -80.7349129704
230.223945097 -81.9950789592
258.768610342 -80.7844057142
276.456443337 -77.8213078699
285.875303328 -74.0608284536
290.941464625 -69.9551236787
293.691161005 -65.6883534664
295.104184639 -61.3434389121
295.679985226 -56.9632692408
295.691646942 -52.5732314363
295.297585056 -48.1903840193
294.593848922 -43.8276107231
293.640348749 -39.4956946967
292.47484652 -35.2044550641
291.120830248 -30.9634309203
289.592156229 -26.7823355702
287.895903179 -22.6713902183
286.03420267 -18.6415932356
284.005473757 -14.704954244
281.805316359 -10.8747071221
279.427226291 -7.16550609226
276.863245692 -3.59360107394
274.104635532 -0.176980814667
271.142640346 3.06453587762
267.969400768 6.10928925552
264.579049812 8.93388516526
260.968997228 11.5134625658
257.141357344 13.8221667479
253.104408272 15.8338642245
248.873891782 17.5231119434
244.473893812 18.8663529823
239.937018499 19.8432560878
235.303619918 20.438058489
228.418964783 17.4684123695
224.045293075 17.1028957242
219.734543729 16.3729761394
215.525078018 15.2896217321
211.449887871 13.8683531099
207.535484229 12.1282482646
203.80153436 10.0908546022
200.26115387 7.77913401053
196.921677826 5.21653390664
193.785714085 2.42623695228
190.852306134 -0.569394324466
188.118080705 -3.7491883049
185.578308274 -7.09337606747
183.227850842 -10.5836755934
181.062007116 -14.2032789424
179.077291543 -17.9367682031
177.27220451 -21.7699793754
175.648072203 -25.6898259017
174.210063132 -29.6840855477
172.968534072 -33.7411451563
171.940937021 -37.8496858106
171.154658568 -41.9982728791
170.651416921 -46.1747847602
170.494314324 -50.3655575298
170.779545594 -54.5540112604
171.656527902 -58.7182922887
173.363678948 -62.8269608946
176.293500106 -66.8306100359
181.10938855 -70.644698415
188.925888863 -74.1136473321
201.385143155 -76.9426535083
219.638858 -78.6305674962
241.039614781 -78.6498671808
259.408760229 -76.9930989415
271.986503612 -74.182701203
279.883902821 -70.7239181243
284.750558063 -66.9154997888
287.712729752 -62.9151620722
289.441416462 -58.8084961556
290.333471288 -54.6454325545
290.629795344 -50.4576815947
290.481265926 -46.2672403852
289.984970074 -42.0907643606
289.204577298 -37.9419542108
288.182180556 -33.8329446576
286.945423108 -29.7751679598
285.511938623 -25.7799297493
283.892216065 -21.8588216662
282.091521922 -18.0240378572
280.111255141 -14.2886313664
277.949968575 -10.6667282017
275.604210961 -7.17370479023
273.069297168 -3.82632532018
270.340085714 -0.642827444609
267.411821338 2.35706263547
264.281079606 5.15221136338
260.946824438 7.72028577074
257.411554024 10.0381196376
253.682464523 12.0822637561
249.772508192 13.8297311557
245.701174306 15.2589218994
241.49479607 16.3506758159
237.18620668 17.0893612496
232.81364735 17.4638745834
228.423996363 14.2818577113
224.068530271 13.8932029871
219.779057683 13.1175836011
215.595813693 11.966996134
211.553460111 10.4584013285
207.679967293 8.61262709513
203.996294115 6.45317477049
200.516762299 4.00506888251
197.249936918 1.29385282273
194.199805856 -1.65521261283
191.367080907 -4.81773130635
188.750498066 -8.17054679801
186.348054456 -11.6919382841
184.158172969 -15.3616707351
182.180830103 -19.1609295417
180.41872094 -23.0721625776
178.878574879 -27.0788419482
177.572787474 -31.1651443108
176.521613374 -35.3155311433
175.756297903 -39.5141850653
175.323752817 -43.7442177452
175.293778989 -47.9864941316
175.77052997 -52.2177867265
176.911077263 -56.4077214706
178.955693652 -60.5134823457
182.276018641 -64.4702909609
187.442831071 -68.1740736508
195.278023496 -71.4514698853
206.702496748 -74.0197046151
221.899228741 -75.4840116501
238.890434272 -75.4993880903
254.151578391 -74.0616111148
265.655076236 -71.5115779678
273.553846566 -68.2454348166
278.765474047 -64.5484848365
282.116641928 -60.5958859192
284.182870406 -56.4927551346
285.339083852 -52.3044496256
285.82765276 -48.0741066308
285.806975691 -43.8322794081
285.38205905 -39.6022939099
284.623265674 -35.4033356187
283.577887967 -31.252313198
282.277436059 -27.1650444078
280.742352993 -23.1570541692
278.985170173 -19.2441419546
277.012714568 -15.4428040378
274.827748675 -11.7705551493
272.430290246 -8.24616859234
269.818778398 -4.88983626445
266.991200624 -1.72323657884
263.946255446 1.23051239336
260.684587131 3.94704484863
257.210084687 6.40111737325
253.531183976 8.56718563943
249.662051932 10.420200505
245.62347671 11.936607887
241.443256776 13.0954965534
237.155899529 13.87979253
232.801522819 14.2773605812
228.4239511 11.1310088025
224.076737357 10.7149373067
219.800102115 9.88524023726
215.637073316 8.65530606804
211.624785888 7.04403958744
207.793357589 5.07462382626
204.165642833 2.7731827925
200.757745387 0.167506018295
197.580081979 -2.71404939557
194.638774665 -5.84341652503
191.937189843 -9.19341932306
189.477509227 -12.7381307134
187.262291209 -16.4530180568
185.296049377 -20.3149082782
183.586938198 -24.3017974249
182.148701617 -28.3925145005
181.003122575 -32.5662274391
180.183331208 -36.801747407
179.738516826 -41.0765392939
179.740885271 -45.3652672583
180.29615213 -49.6375683251
181.559444985 -53.8545081995
183.758846625 -57.9627620065
187.227213811 -61.884930248
192.43290616 -65.5038200378
199.962873812 -68.6398864211
210.319491779 -71.0314301139
223.337203448 -72.3583153842
237.525422993 -72.3711904363
250.583325007 -71.0673396827
260.99483822 -68.6929461647
268.574213071 -65.5684017554
273.818000958 -61.9569672291
277.314357881 -58.0395906835
279.534315541 -53.9344042608
280.813031204 -49.7193796189
281.380240211 -45.4481797024
281.392197165 -41.1599354491
280.955380164 -36.8851208416
280.142515841 -32.64912949
279.003154766 -28.4745199144
277.570681374 -24.3824812716
275.867058883 -20.3938298937
273.906157686 -16.5297097137
271.696216718 -12.812089877
269.241798334 -9.26410410223
266.545476544 -5.91024444472
263.609415745 -2.77639998787
260.43693123 0.110284080247
257.034059643 2.72175924672
253.411099377 5.02966850259
249.58400783 7.00619821017
245.575474756 8.62517109165
241.415449905 9.86331882009
237.140915909 10.7016197375
232.794784366 11.1265415124
228.419127886 8.01223989993
224.07101291 7.56355549382
219.79998609 6.66963952785
215.653044639 5.34577067519
211.670842768 3.61348893798
207.886573652 1.49916442845
204.325850986 -0.967531540249
201.00744812 -3.75506210639
197.944659073 -6.83123276294
195.147040761 -10.1641006013
192.622353805 -13.722566683
190.378608323 -17.4766664711
188.42621808 -21.3975858226
186.780362491 -25.4574248183
185.463755412 -29.6287115487
184.510135852 -33.8836332133
183.968947642 -38.1928983468
183.911877972 -42.5240610114
184.442162873 -46.8390060733
185.707697418 -51.090086457
187.918430588 -55.21409914
191.365379862 -59.1229651852
196.427607656 -62.6901627145
203.524294573 -65.7346234563
212.921496734 -68.0137503318
224.33116317 -69.2567069069
236.583175492 -69.2678535179
248.020123966 -68.0452718706
257.457234447 -65.7821083529
264.592749637 -62.7489887775
269.687024069 -59.189470737
273.158814074 -55.285692042
275.388556166 -51.1649816043
276.668817094 -46.9159502421
277.210802601 -42.6021319424
277.163330375 -38.271372434
276.6302919 -33.9619004738
275.683836644 -29.7062205364
274.37373474 -25.5336461923
272.733954882 -21.4719877886
270.787369472 -17.5486982306
268.549260921 -13.7916478628
266.030099187 -10.2296158196
263.23790806 -6.89253126895
260.180421016 -3.8114629243
256.867128006 -1.01833476645
253.311218469 1.45465963429
249.531328919 3.57595964238
245.552914082 5.31583967403
241.409001597 6.64784130921
237.140093563 7.55030228697
232.79306996 8.00779241077
228.409727651 4.92215811631
224.052230332 4.43442188119
219.780895198 3.46377279131
215.648265851 2.02809135725
211.699941469 0.152540353017
207.973498667 -2.13213079816
204.49859531 -4.79136843759
201.298081213 -7.78844896713
198.389842988 -11.0858031129
195.789123318 -14.6459463168
193.511143624 -18.4319915987
191.573984193 -22.4077530825
190.001811571 -26.5374507208
188.828680809 -30.7850018237
188.103281725 -35.1128333741
187.895138384 -39.4800663766
188.302857102 -43.8397996375
189.464844584 -48.1350460268
191.571845849 -52.2926706573
194.876962631 -56.2146072688
199.688723214 -59.7663032031
206.311658276 -62.7654994586
214.877188748 -64.9830025318
225.058616507 -66.1789898503
235.894479376 -66.1888737786
246.095688012 -65.0111953929
254.691503855 -62.8085113128
261.345568841 -59.8202405692
266.184374581 -56.2761709169
269.511377626 -52.359377902
271.63572561 -48.2050950303
272.811547078 -43.9118665755
273.230530774 -39.5531367912
273.03182556 -35.1860820971
272.314587698 -30.8577116942
271.148738071 -26.6089582118
269.583247221 -22.4774120116
267.65236238 -18.4991493447
265.380371948 -14.7099293964
262.785418752 -11.1459106496
259.88273365 -7.84395367115
256.687519459 -4.8415253282
253.217577494 -2.17619403844
249.495633197 0.115292537187
245.551191985 1.99832467329
241.421666634 3.44206024904
237.152502724 4.42120661384
232.79612396 4.91772094338
228.395869189 1.85754552755
224.021132078 1.3226083686
219.745196198 0.259474432653
215.628356905 -1.3103146821
211.723184703 -3.35650209614
208.073562297 -5.84217531565
204.715179283 -8.72588047581
201.677261295 -11.9634895303
198.985212639 -15.5096163876
196.663897072 -19.3184749559
194.741418663 -23.3441376908
193.253438933 -27.5401744664
192.248237311 -31.8586268326
191.792851495 -36.2482039179
191.980642253 -40.6514751763
192.940283253 -45.0006911891
194.84486219 -49.2117400621
197.916046878 -53.1758520074
202.409531069 -56.7496325103
208.552918507 -59.7472835705
216.399337374 -61.9460991191
225.613677654 -63.123633769
235.369721179 -63.1325570632
244.599194153 -61.9716890136
252.469510539 -59.7866407614
258.638439051 -56.7993766253
263.154982696 -53.2329723038
266.245477581 -49.2738587258
268.165821203 -45.0660032418
269.138363447 -40.7185974193
269.336902554 -36.3160331731
268.890704917 -31.9262321546
267.893583478 -27.6067213319
266.412903313 -23.4088366775
264.497168246 -19.3805484717
262.182179012 -15.5682792844
259.496105985 -12.0179414123
256.463814531 -8.77530885793
253.110652592 -5.88576944069
249.46573971 -3.39347711915
245.564622178 -1.3399450393
241.451020721 0.237815256972
237.177349362 1.30940640999
232.803779042 1.85310955089
228.377601499 -1.18470403384
223.978448406 -1.77739545688
219.695899236 -2.95326501419
215.601213425 -4.68546162543
211.756933938 -6.93634090649
208.216195627 -9.66003015031
205.023915616 -12.8049674733
202.219567917 -16.3160075704
199.841153041 -20.1358210341
197.930067795 -24.2054339579
196.536767832 -28.4638176418
195.727287181 -32.8464305389
195.590698323 -37.2825425133
196.24720668 -41.6910627893
197.855193528 -45.9745300898
200.611942851 -50.0111493818
204.735237223 -53.6459048317
210.401922431 -56.6850680709
217.618659815 -58.9047100105
226.050848098 -60.0885057907
234.957043695 -60.0966753879
243.401348949 -58.9282110364
250.637626521 -56.7213786418
256.325775962 -53.6919917111
260.469007393 -50.0642089439
263.242905663 -46.0322606067
264.86524204 -41.7516472023
265.533762354 -37.3445320627
265.407388603 -32.9086236351
264.606795869 -28.5251634559
263.221416219 -24.2649637907
261.317534065 -20.1926034339
258.945757268 -16.3691229903
256.147547917 -12.8534997339
252.960894938 -9.70307325872
249.425194804 -6.97302021284
245.585235989 -4.71496766634
241.493994881 -2.97489671713
237.21385409 -1.79060703324
232.815942071 -1.18914774086
228.354915093 -4.20766330454
223.925082447 -4.87213529069
219.637459776 -6.187386979
215.579150521 -8.11856099653
211.827306646 -10.6168639913
208.449022491 -13.6228371382
205.503772819 -17.0694100075
203.047958252 -20.8841531669
201.141027113 -24.9903369233
199.852749443 -29.3065519668
199.271292179 -33.7447037712
199.511432444 -38.2061732405
200.720946354 -42.5759453823
203.079854865 -46.7148252795
206.780498024 -50.4511312832
211.967628444 -53.5765859234
218.620157552 -55.856937962
226.403878717 -57.0711333056
234.62434945 -57.0786971145
242.418174371 -55.8787235436
249.087218444 -53.6102986886
254.292826605 -50.4939512634
258.010983167 -46.7640731373
260.385266876 -42.6293507537
261.607906469 -38.2618798053
261.859245692 -33.801174716
261.287474251 -29.3624644806
260.007730328 -25.0444974071
258.108443328 -20.9354396123
255.659539695 -17.1167402771
252.720523972 -13.6651607319
249.34776434 -10.6531751209
245.600631565 -8.1479303581
241.546069169 -6.20900793449
237.261064598 -4.88537747279
232.832581277 -4.21212364786
228.327756108 -7.21448323206
223.862449514 -7.96995027504
219.577316546 -9.46056830972
215.583063681 -11.6387966758
211.978940913 -14.4381468823
208.8538365 -17.7774352148
206.290924052 -21.5643700036
204.375058828 -25.6975835168
203.201869723 -30.0665225411
202.887197886 -34.5488494384
203.574424527 -39.0052105948
205.434162773 -43.2716925336
208.644589437 -47.151705897
213.332943485 -50.4125401309
219.462418507 -52.7976795359
226.694822306 -54.068755675
234.350672589 -54.0758229721
241.591826219 -52.8180244651
247.735708349 -50.4439759856
252.440355629 -47.1915074288
255.666427294 -43.3172176985
257.540101169 -39.0541609869
258.239405699 -34.5992847874
257.935184113 -30.1167796174
256.77112326 -25.7461847738
254.863312549 -21.6099550253
252.307525687 -17.8187237943
249.188652216 -14.4739339913
245.589802019 -11.667976308
241.599728232 -9.48218033016
237.317513167 -7.98324132724
232.853710821 -7.21896931119
228.296051226 -10.2085755948
223.793178627 -11.0823310511
219.529108648 -12.7983465895
215.65113571 -15.28769792
212.293272536 -18.4539717916
209.579662438 -22.1788550984
207.632796898 -26.3260081517
206.584352841 -30.7418579688
206.585066846 -35.2526479424
207.807203924 -39.657998564
210.427257469 -43.7230393806
214.568801458 -47.1751542596
220.1889622 -49.7179457355
226.938771691 -51.0782272899
234.121665284 -51.084880874
240.879339001 -49.7370503706
246.512467601 -47.2045188712
250.668726277 -43.759913058
253.302991492 -39.6996770245
254.537888716 -35.2967267231
254.549753062 -30.7862493556
253.51100004 -26.3688716779
251.57255319 -22.2185272346
248.866195353 -18.4889289388
245.514410192 -15.3165612766
241.641233278 -12.8199243685
237.380510208 -11.0956846622
232.87936462 -10.2130970691
228.259763945 -13.1939529969
223.722724634 -14.2265355735
219.520044318 -16.2397655005
215.858629025 -19.1256821248
212.929543509 -22.7330373131
210.915138239 -26.8746323254
210.000567201 -31.3306457729
210.381246941 -35.8465546558
212.251212077 -40.1272644472
215.74858432 -43.8344598233
220.836330467 -46.6027927755
227.146554537 -48.0957270665
233.927029605 -48.1020307049
240.244600303 -46.6207938181
245.344397905 -43.8618333333
248.855374979 -40.1610897224
250.738440935 -35.8839386422
251.130863771 -31.3689742748
250.226500942 -26.9115913886
248.220810168 -22.7665683989
245.298964652 -19.1539599423
241.64323385 -16.2612286711
237.444522573 -14.2399567154
232.909538952 -13.198520887
228.219043263 -16.1759486554
223.66352908 -17.4310614664
219.609694518 -19.8478314613
216.367440917 -23.2392515438
214.224071057 -27.342846852
213.451901963 -31.8308105477
214.304929132 -36.3133830207
216.970997671 -40.3411728609
221.442729945 -43.4265698151
227.32647102 -45.1160729444
233.758855971 -45.122075759
239.649759488 -43.4435358266
244.133071761 -40.3664585604
246.811988845 -36.3436947901
247.677176548 -31.8628916503
246.915671989 -27.3737453465
244.781207246 -23.266374614
241.545942774 -19.8689787771
237.496984331 -17.4445337564
232.944044016 -16.1805761345
228.17468268 -19.1629776948
223.647471748 -20.7482450876
219.944911203 -23.7278356666
217.564681479 -27.7308921261
216.942902345 -32.2396792167
218.412821991 -36.6158045992
222.064295926 -40.1418900295
227.48582939 -42.1310003382
233.610137802 -42.1367384303
239.039015094 -40.1577868875
242.702002395 -36.638577899
244.184193858 -32.2653367378
243.5734565 -27.7555796667
241.202143162 -23.7481964136
237.505851151 -20.7616045666
232.982043751 -19.1676541413
228.129880592 -22.1717197106
223.771674218 -24.2863047822
220.951001757 -28.0415407545
220.487489 -32.5522893838
222.824281511 -36.6524169359
227.633681548 -39.124077701
233.472078037 -39.1295707094
238.289500488 -36.6669804806
240.638044124 -32.5713393429
240.185842209 -28.0598570111
237.373729761 -24.2993510108
233.02016383 -22.176421738
228.099702527 -25.247128881
224.428483507 -28.2887084299
224.132771836 -32.7524715951
227.792026968 -36.0511190761
233.322953528 -36.0563456593
236.991690934 -32.7646607046
236.707365416 -28.3004254377
233.043250099 -25.2518694373
228.212978155 -28.5866003618
228.104671162 -32.7201020502
233.019565516 -32.7247691591
232.921908977 -28.5910980302
