68.0413316621 32.7396440796
67.945105924 28.6058655904
63.2354816423 28.6001151542
63.1255793041 32.7336118309
68.343464208 36.0713792266
72.0142432618 32.7805486301
71.7312996925 28.3161067147
68.0675021193 25.2666117764
63.1233297261 25.2606006364
59.4506348847 28.3011420335
59.1530805744 32.7647939674
62.8114398889 36.0645649437
68.4912667429 39.1447247722
73.3109301592 36.6833280041
75.6614709815 32.5880711584
75.2104977838 28.0763010754
72.3989016936 24.3150694569
68.0452661386 22.1911154461
63.1544673729 22.1851930189
58.7951966508 24.2985841678
55.972903306 28.0529313593
55.5074391821 32.5634640828
57.8425797928 36.6643116613
62.6515717348 39.1375071903
68.6278762686 42.1520157206
74.0592195766 40.1744635632
77.7246111011 36.6559623535
79.2085609721 32.2828055452
78.5988747057 27.7726913801
76.2280761241 23.7646666306
72.531962052 20.7772517095
68.0078995989 19.1822572804
63.2001387592 19.1764587972
58.6721390918 20.7605358586
54.9683515534 23.7390094448
52.5864443868 27.7412268309
51.9626488466 32.2496939039
53.4305414587 36.6262300388
57.0805948117 40.1535233501
62.5020494297 42.1444206067
68.7749758359 45.1374856382
74.6686369124 43.4605115325
79.154745579 40.384361357
81.8358737703 36.3619246213
82.702538098 31.8810008033
81.9418961301 27.3914396011
79.8078687031 23.2834679221
76.5727764536 19.8853393667
72.5238081032 17.460020541
67.9706522535 16.1951207707
63.2453040139 16.1894449285
58.6891934499 17.4434099216
54.6344366851 19.8590091908
51.3908790396 23.2493496448
49.2458063423 27.3521069654
48.471585958 31.83964766
49.3223833718 36.3223824393
51.9864121039 40.3510379069
56.4568961018 43.4379858934
62.3408170458 45.1294845492
68.9413209287 48.1175853281
75.2620244335 46.6380701203
80.3650576989 43.8802085961
83.8787005985 40.1799678576
85.7636515323 35.902860175
86.1572610015 31.3876282967
85.2535679441 26.9297837952
83.2482070491 22.7841810613
80.3264876769 19.1709129821
76.6707646014 16.277448976
72.4719716897 14.2553641377
67.9368215703 13.2130362129
63.2867723066 13.2074740076
58.7492838709 14.2389604064
54.5459102783 16.2510284397
50.8834983834 19.1357831194
47.9530702826 22.742068852
45.9369562766 26.8828017567
45.0203247794 31.3382914715
45.3986711161 35.8541525365
47.2662310995 40.1354144915
50.7615261393 43.8438306346
55.8481348195 46.6139961997
62.1587671097 48.1091274445
69.1338672768 51.1005946577
75.8951547881 49.7546437622
81.5320434152 47.2233594063
85.6914658038 43.7793925963
88.3280382218 39.7193195685
89.5644484422 35.3162034817
89.577213574 30.8053517824
88.538937599 26.387476305
86.6006989904 22.2365641288
83.8943951103 18.5063554093
80.5425861123 15.3333404074
76.6693487026 12.8360096786
72.4085390036 11.1110135939
67.9072684753 10.2275881028
63.3237559639 10.2221286608
58.8205556852 11.0948422041
54.5559707996 12.8097295589
50.6772422961 15.2979055795
47.3183390113 18.4630157193
44.603370811 22.1868224192
42.6548065151 26.333075757
41.6043157861 30.7483045832
41.6026593436 35.2588634771
42.8221946833 39.6644867728
45.4396415846 43.7304026375
49.5790125209 47.1840386758
55.1980868436 49.7289213251
61.9485230888 51.091611072
69.3604582998 54.0917128986
76.6058460737 52.8359616059
82.7541355959 50.4632960449
87.4625199741 47.211575374
90.6913549504 43.3375359672
92.5668789384 39.0743834628
93.2673179065 34.619189089
92.963721836 30.1362327053
91.7999488961 25.7651138907
89.8922184303 21.628324975
87.3363985764 17.8365187205
84.2174444025 14.4911421886
80.6185065987 11.6845778369
76.6283566345 9.49813825871
72.3460746944 7.99849710221
67.8821940912 7.23344199321
63.3561126893 7.22807413268
58.8905831482 7.98255408354
54.6050803248 9.47208812757
50.6102637916 11.6491597801
47.0053437271 14.4473192741
43.87917578 17.7854341267
41.3149062121 21.5712744771
39.3973662208 25.7035437957
38.2221646706 30.0717692087
37.90513421 34.5537027788
38.5896799209 39.0100891654
40.4465151688 43.2771163324
43.65406852 47.158282235
48.340069846 50.4209097303
54.4684432941 52.8083972209
61.7016943193 54.0821141631
69.6313027608 57.0947835082
77.4301735708 55.8970405138
84.1044437249 53.6301274251
89.3144705865 50.5146146204
93.0358964508 46.7850466531
95.4123815228 42.6502720072
96.6363877338 38.282515649
96.8884962951 33.8213841904
96.3170899298 29.3821695391
95.0374513172 25.0636617907
93.1381151285 20.9540532396
90.6890840095 17.1348067573
87.7499169983 13.6826865808
84.3770192397 10.6701602271
80.6297826213 8.16435999987
76.5751563399 6.22484704308
72.2901182375 4.9005678404
67.861607729 4.22658476654
63.383884774 4.22129744318
58.9539225356 4.88483652517
54.6660526156 6.19905268905
50.6073369783 8.12910394896
46.8548922554 10.6262235304
43.4757838155 13.6309887238
40.5294619282 17.0763730657
38.0723042386 20.8899977662
36.1637347838 24.9951900962
34.8734967401 29.3106045847
34.289729962 33.7482187482
34.5271941794 38.2094953221
35.7336825662 42.5795113105
38.0893190566 46.7191694732
41.7867216636 50.4568744705
46.9712037507 53.5843823784
53.6225308549 55.8673522942
61.4073281805 57.0844533965
69.9606246852 60.1129832195
78.4110609979 58.9469545954
85.6536228344 56.7417578038
91.347018353 53.7132703774
95.4940875701 50.0858305324
98.2705508094 46.0538481884
99.8944757782 41.7729612422
100.563893173 37.365427814
100.437948142 32.9290198304
99.6374779404 28.5450213801
98.2520299904 24.2842731789
96.3479712286 20.2113721797
93.975969563 16.3873687107
91.1775312793 12.8712421313
87.9906772558 9.72032689355
84.4548250337 6.98978780999
80.6147732032 4.73123444721
76.523496609 2.99062645216
72.2433642138 1.80574054969
67.845479329 1.20360448343
63.4071502368 1.19838687664
59.0079531781 1.79019830534
54.7252640022 2.96508211315
50.6303048186 4.69619724642
46.7855870018 6.94591828591
43.2442199766 9.66839902714
40.0511001966 12.8121101084
37.2456831465 16.3219435587
34.8659498367 20.140611486
32.9532736149 24.2091857512
31.5580804827 28.4666884938
30.7463680648 32.8486356624
30.6071687696 37.2843635421
31.26065532 41.6928592778
32.8652115035 45.9767525472
35.6182190259 50.0143490818
39.737762731 53.6507271434
45.4013392267 56.6922017826
52.6166502357 58.9147563859
61.050153096 60.1017682074
70.3692126416 63.1491180553
79.6063088767 61.9909194621
87.4843079457 59.8076242391
93.6595001205 56.8212986277
98.1805187726 53.2552399312
101.27394389 49.2960841589
103.196072051 45.0879464824
104.16960677 40.7401155331
104.368609543 36.3370457946
103.922530605 31.9467000548
102.925309211 27.6266331638
101.444398106 23.4282002396
99.5283635715 19.3993841974
97.2130523765 15.5866146344
94.5266698458 12.0358054788
91.4941080665 8.79272691469
88.1407345344 5.90275749393
84.4956809583 3.41003677916
80.59449744 1.35605923615
76.480899022 -0.222185070338
72.2072839309 -1.2943209393
67.833797714 -1.83864979603
63.4259668248 -1.84380833089
59.0512663207 -1.30969983056
54.7752871763 -0.247502064481
50.658290477 1.32125003372
46.7528179919 3.36631365176
43.1027298225 5.85079653774
39.7436981349 8.73326986632
36.7049342105 11.9696342402
34.0118283792 15.5145350408
31.6892279189 19.3222201917
29.7652151017 23.3467989638
28.2754217713 27.5418816762
27.2680877512 31.8595554136
26.8102004371 36.2485821212
26.9950621413 40.6515943422
27.9512906523 45.0009196194
29.8519500475 49.2125399775
32.918786081 53.1777953708
37.4078095875 56.7534019872
43.5473853214 59.7536266132
51.3919570098 61.9556864689
60.6078507377 63.1368101764
70.8889012207 66.205729895
81.0998599005 65.0309912738
89.7052498725 62.8301652027
96.3668354815 59.8428370273
101.210813495 56.2990794973
104.541086665 52.3822070576
106.667361288 48.2276125768
107.844214544 43.9339383563
108.263648649 39.5746885293
108.065021038 35.2070774246
107.347625512 30.8781396243
106.181474874 26.6288256559
104.615602909 22.4967387844
102.684302195 18.5179642224
100.411895259 14.7282664458
97.8165517973 11.1638054178
94.9135243899 7.86143907481
91.7180331995 4.85862727068
88.247892248 2.19292695379
84.5258340799 -0.0989298512442
80.5813642457 -1.98235243817
76.4518874243 -3.42651974194
72.1828322326 -4.40616034619
67.8265970411 -4.90325067079
63.4403473044 -4.90836070861
59.0829641906 -4.42140347403
54.8116755533 -3.45164195449
50.6789929035 -2.01695213628
46.7304887453 -0.14248593542
43.0037191769 2.1410233112
39.5283270727 4.7990419983
36.3271511211 7.79486940777
33.4180684284 11.0909611297
30.8163113197 14.6498589878
28.5370875073 18.4347038276
26.5984577443 22.4093393596
25.0245607005 26.5380176072
23.8494125891 30.7846916362
23.1216507987 35.1118296815
22.9107313565 39.4786021285
23.3151774826 43.8381689887
24.4733060994 48.1336209996
26.5757947474 52.2919230614
29.8757773972 56.2151329132
34.6820881469 59.7688350232
41.300139646 62.7708722506
49.863069878 64.9920007008
60.046257921 66.1920379742
71.5711416801 69.2850630332
83.0210115834 68.0657371162
92.4703145653 65.8045098835
99.6148867277 62.7722858312
104.715047406 59.2130010977
108.190365475 55.3090737454
110.422075418 51.1880019275
111.703316459 46.9384922089
112.245665396 42.6241331064
112.198173178 38.2928030889
111.664878035 33.9827522428
110.718023424 29.7265002055
109.407441544 25.5533720535
107.767143887 21.491187057
105.820034041 17.5674047699
103.581418628 13.8098998056
101.061787573 10.2474528656
98.2691818357 6.90999157158
95.2113497756 3.82857957812
91.8977936857 1.03513201634
88.3417119336 -1.43817022771
84.5617452251 -3.55978272773
80.583346249 -5.29999887502
76.4395330978 -6.63238074521
72.1707902243 -7.53528642762
67.8239723589 -7.99330403415
63.450245501 -7.99837621852
59.1023210765 -7.550422839
54.8314262416 -6.65734723748
50.684527573 -5.33442492382
46.7022540147 -3.60318716009
42.9177796864 -1.48999075987
39.3567050388 0.975509650607
36.037794648 3.76179619793
32.9743363307 6.83669481435
30.175881263 10.168283933
27.650182677 13.725486618
25.4052395894 17.4783610383
23.4514488695 21.3981167684
21.8039649938 25.4568792019
20.48546619 29.6272042514
19.529641919 33.8813108123
18.9858685872 38.1899450108
18.925743715 42.5207073962
19.4523881612 46.8355426398
20.7135591614 51.0868830972
22.9190682688 55.2116329689
26.3598751964 59.1218559313
31.4152773043 62.6912047098
38.505433806 65.7387726371
47.8986885841 68.0219681414
59.3101971705 69.2695617872
72.5048901922 72.3888392172
85.5807213793 71.0886138508
96.0081216616 68.7161777885
103.598351953 65.5924049501
108.848636727 61.981068764
112.348589675 58.0634411371
114.570379744 53.9578261112
115.849882974 49.7422825929
116.417261731 45.470518845
116.429021927 41.1816911509
115.991791396 36.9062894097
115.178388122 32.6697186402
114.038420234 28.4945464774
112.605310037 24.4019697992
110.901047146 20.4128115058
108.939521755 16.5482208438
106.728988934 12.8301707282
104.274025228 9.28179670921
101.577217809 5.92759029564
98.6407434977 2.79343720808
95.4679290405 -0.0935239162696
92.0648208307 -2.705254533
88.4417241447 -5.01341101356
84.6145989257 -6.99019617524
80.6061315945 -8.6094515258
76.4462614414 -9.84792868437
72.1719529652 -10.6866255745
67.8260924806 -11.1120273793
63.4555450809 -11.1170725864
59.1085985252 -10.7016857891
54.8321786953 -9.87278349093
50.6692837428 -8.64375184661
46.6570241911 -7.03348828925
42.8254996965 -5.06516441643
39.1975526436 -2.76488982841
35.7892797057 -0.160437714478
32.6110938072 2.71985226392
29.669114625 5.84793113932
26.9667057816 9.19664101882
24.506044099 12.7400730864
22.2896793195 16.4537131702
20.3221109557 20.3144071415
18.6114720883 24.3001709165
17.1714756074 28.3898549474
16.0238606039 32.5626511522
15.2016962567 36.7973986287
14.7540878829 41.0715962774
14.7531264185 45.3599516222
15.3043722669 49.6321595002
16.5627501368 53.849365751
18.7560998811 57.9583596622
22.2170595693 61.8819050776
27.4140304592 65.5030321551
34.9349131536 68.6424492661
45.2851171785 71.0385756301
58.3043667303 72.3708724516
73.8582368174 75.5176124418
89.1458158194 74.0838816729
100.670425561 71.5357069143
108.581893512 68.270097503
113.800245745 64.5730469679
117.154696713 60.6200664461
119.222331551 56.516430765
120.378932358 52.327565965
120.867330446 48.096640539
120.846175268 43.8542234499
120.420613207 39.6236501077
119.661087457 35.4241130812
118.614938093 31.2725272982
117.313704711 27.1847164877
115.777849669 23.1762113061
114.019918132 19.2628165645
112.046747989 15.4610331991
109.861111445 11.7883795772
107.463035713 8.26363122041
104.850969627 4.90698040515
102.022910792 1.7401036585
98.9775680207 -1.21388549761
95.7155954744 -3.93062879325
92.2408906986 -6.38489350956
88.561895426 -8.55114912544
84.692778255 -10.4043630573
80.6543232382 -11.9209997996
76.4743177514 -13.0801676015
72.1872506121 -13.8648114488
67.8332141398 -14.2628129779
63.4560472826 -14.2678425078
59.1009267834 -13.8798277448
54.8117529184 -13.104959269
50.6287312939 -11.95523183
46.5864997051 -10.4475996862
42.7130109545 -8.60288053343
39.029212694 -6.44456282117
35.5494207698 -3.99765652223
32.2821982129 -1.28768962753
29.2315330029 1.66009272616
26.3981375164 4.82130998623
23.7807473195 8.17282101174
21.3773567618 11.6929200767
19.1863823681 15.3613871137
17.2077893983 19.1594225854
15.4442553345 23.0694898707
13.9024836856 27.0750774607
12.594833164 31.1603799052
11.5415067776 35.3098789889
10.7736777562 39.5077814154
10.3381569042 43.7372288281
10.3046028308 47.9791254171
10.7769675295 52.2102977127
11.9120378912 56.4004496606
13.949696328 60.5068825477
17.2611010548 64.4649990923
22.4166532009 68.1710031065
30.2387931201 71.4519184932
41.6521703363 74.025309064
56.8489733277 75.4960904785
75.9905783857 78.6689056157
94.4019940537 77.0166037837
107.007820449 74.2077184788
114.918994951 70.7490785934
119.79164397 66.940306137
122.756101077 62.9394482407
124.485324548 58.8322104126
125.37707981 54.6685615041
125.672702524 50.4802245735
125.523284045 46.289201412
125.026020158 42.1121501977
124.244636983 37.9627744716
123.221257531 33.8532124766
121.983541372 29.7949006754
120.549131431 25.7991493968
118.928522494 21.8775552039
117.126985472 18.0423170962
115.145923531 14.3064925849
112.983894255 10.6842114263
110.637452051 7.190852724
108.101918616 3.84318189896
105.372160481 0.659436006444
102.443431405 -2.34066156497
99.3123165393 -5.13598263914
95.9777892212 -7.70420247256
92.4423558053 -10.0221660501
88.7132179707 -12.066438267
84.8033292544 -13.8140487782
80.7321743863 -15.2434160688
76.5260749892 -16.3353991078
72.2178451551 -17.0743847407
67.8457000551 -17.4492857344
63.4514551434 -17.4543115382
59.0782107389 -17.0893916509
54.7678451503 -16.360180922
50.5586899595 -15.2776458666
46.4837130449 -13.8573011028
42.5694079925 -12.1182151504
38.8354313595 -10.0819234965
35.2948937717 -7.77137464625
31.9551296136 -5.21000198054
28.8187487365 -2.42097405756
25.8847977346 0.573360401871
23.149906188 3.75184311352
20.6093460014 7.09471798262
18.2579781974 10.5837153732
16.0910972041 14.2020394148
14.1052089518 17.9342841327
12.2987999694 21.7662975585
10.6731757829 25.6850055491
9.23347536432 29.6781990498
7.99001403819 33.7342793812
6.96018586078 37.8419441868
6.17129595764 41.9897786823
5.66494653503 46.1656863206
5.50407172324 50.3560366142
5.78461768292 54.5442968903
6.65562645791 58.7086842155
8.35494314122 62.8178708134
11.2742094963 66.8226360491
16.0756737349 70.6387600393
23.8731284641 74.1112081116
36.3120741271 76.9459170377
54.5606583285 78.6418224918
65.1132871379 82.0105838173
93.7406897737 80.8080072807
111.481765783 77.8468962743
120.919408026 74.086262726
125.990986026 69.9799565036
128.741494455 65.7125303538
130.153714011 61.3669790198
130.728155629 56.9861967719
130.738303083 52.5955637926
130.342726775 48.2121325878
129.637534922 43.8487839323
128.682657164 39.516300911
127.515858721 35.224504847
126.160624619 30.9829386665
124.630806398 26.8013205974
122.933478278 22.6898774004
121.070768559 18.6596132313
119.041094721 14.7225433487
116.840057063 10.8919067478
114.46115389 7.18236186124
111.896432006 3.61016150321
109.137159219 0.193295560287
106.174588932 -3.04841824126
103.00087231 -6.09332392714
99.610153895 -8.91803424481
95.9998548887 -11.4976985203
92.1720994463 -13.8064760242
88.135171907 -15.8182507073
83.9048144337 -17.507599847
79.5051053968 -18.850988696
74.9686319443 -19.82810851
70.3357214978 -20.4232175277
65.6526449722 -20.6263027287
60.9689280925 -20.4338755912
56.3341386362 -19.8492598924
51.7946667327 -18.8823175539
47.3910173914 -17.5486639662
43.1559882761 -15.8685130047
39.1138752614 -13.8653380251
35.2806235199 -11.5645316739
31.6646914345 -8.99220628369
28.2683409774 -6.17421896067
25.0890935174 -3.13545049492
22.1211585332 0.100673649616
19.3567212317 3.51245574684
16.7870428969 7.08003617537
14.4033771864 10.7853853697
12.1977375525 14.6122145831
10.1635708539 18.5458341292
8.29640679177 22.5729789955
6.5945692476 26.6816135339
5.06006218174 30.8607192593
3.69979111572 35.1000618586
2.52737130885 39.3899236699
1.56594402392 43.7207729954
0.852752715147 48.0828152326
0.446897475112 52.4653188575
0.443097903681 56.8554982982
0.997460588938 61.2364799262
2.37879807076 65.5832379537
5.07809218896 69.8536387174
10.0573301464 73.9664937604
19.3164057405 77.7419916534
36.7360884023 80.7384590766
89.426325344 84.5113529605
117.822096266 81.4157414545
128.745251568 77.2972726024
133.418318137 72.8863259931
135.50799134 68.3700933549
136.312035371 63.8131788909
136.380633567 59.2448161301
135.980833043 54.6814910626
135.255043831 50.134399005
134.284095612 45.6123965905
133.115490428 41.123357296
131.777281374 36.6748840008
130.285400827 32.2747385525
128.647759691 27.9311403146
126.866652608 23.6530039525
124.940232218 19.4501512952
122.863458606 15.3335151268
120.628756632 11.3153433953
118.226527074 7.40940592674
115.645614422 3.63119997805
112.873813845 -0.00185544888542
109.898490983 -3.4702545209
106.707383124 -6.75229651453
103.289641478 -9.8240740667
99.6371537134 -12.6596088406
95.7461440663 -15.23119484
91.6189775874 -17.5100108005
87.2659942573 -19.4670491426
82.7070820453 -21.074372557
77.9726022311 -22.3066471168
73.1032624414 -23.1428194869
68.1486489049 -23.567726145
63.164394816 -23.5733768802
58.2083154598 -23.1596738566
53.336150662 -22.334420737
48.5976809514 -21.1126199459
44.0338639788 -19.5152004231
39.6753309285 -17.567413133
35.5422281625 -15.2971524929
31.6451205835 -12.7334175286
27.986553271 -9.90504733436
24.5628830176 -6.83978380527
21.3660859372 -3.56365181313
18.3853639943 -0.100609942473
15.608474783 3.52758952181
13.0227804735 7.30139175355
10.6160542677 11.2033330853
8.37710376207 15.2178768402
6.29627955562 19.3312193729
4.36594257226 23.5310845352
2.58097218296 27.8065168294
0.939417046706 32.147677072
359.443432791 36.5456386433
358.100735592 40.9921760436
356.92697059 45.4795282621
355.949743053 50.0001028171
355.215813691 54.5460517436
354.804699386 59.1085712334
354.856292629 63.6765747217
355.632312406 68.2338152756
357.670141224 72.7516519087
2.2312921463 77.1672407556
12.8596179175 81.3001309328
40.4658059128 84.4509175067
63.648541834 87.8947966836
130.085430184 84.8410819237
140.190472754 80.2797787409
142.826691609 75.5828311379
143.419109228 70.857856209
143.162692214 66.1307366998
142.462359155 61.412726544
141.489920304 56.7109882609
140.328341457 52.0313399575
139.020543725 47.379226963
137.589036694 42.7601605576
136.04483713 38.1799688398
134.391894123 33.644977
132.629431232 29.1621636643
130.753245809 24.7393146366
128.756456249 20.385185079
126.629948846 16.1096763301
124.362666219 11.9240306102
121.941828188 7.8410442156
119.353154157 3.87529651589
116.581149791 0.0433873663275
113.609523454 -3.63583130896
110.421804325 -7.14105370639
107.002239103 -10.4483849902
103.337039873 -13.5313254868
99.416030823 -16.3609435856
95.2346822413 -18.9063195517
90.7964143376 -21.135343209
86.1149009749 -23.0159257029
81.2159314175 -24.5176281753
76.1382629809 -25.6136149324
70.9329154492 -26.2827202367
65.6605997816 -26.5113143023
60.3874297071 -26.2946177434
55.1795892611 -25.6371838417
50.0979863351 -24.5524391956
45.1939272729 -23.0613870068
40.5064977602 -21.1907504426
36.0618120095 -18.9709064755
31.8738320378 -16.4339265974
27.9462110648 -13.6119382801
24.2745921647 -10.5359024101
20.8489161463 -7.23480580377
17.6554644074 -3.73520955951
14.6785159733 -0.0610705063535
11.9016050473 3.76624667969
9.30842574932 7.72783645906
6.88345628039 11.8070516302
4.61237945115 15.9892720063
2.48237166085 20.2616667992
0.482325864667 24.6129651635
358.603071283 29.0332424326
356.837658449 33.5137248351
355.18179949 38.0466121618
353.634603351 42.6249152082
352.199852985 47.242301897
350.888304842 51.8929412366
349.722026266 56.5713242444
348.743117619 61.2720163507
348.032853552 65.9892274754
347.759056299 70.7158666687
348.315263662 75.440890327
350.852562241 80.1392420627
0.501692460381 84.7091279837
171.307877747 87.546125361
158.961096957 82.7600272857
155.318950682 77.9250042889
152.92561495 73.0898276437
150.933777005 68.2627847114
149.108551564 63.4485955733
147.355999812 58.6513256327
145.628826116 53.8750116281
143.898621199 49.1238906876
142.145590811 44.4025316362
140.354100617 39.7159411488
138.510489636 35.0696683816
136.601876806 30.469918221
134.61544274 25.92367897
132.537957152 21.4388687353
130.355445184 17.0245040726
128.052944387 12.6908938186
125.614336369 8.44986001608
123.022258969 4.31498595743
120.258123378 0.301888056548
117.302279366 -3.57149727585
114.134391709 -7.28462926554
110.734110557 -10.8141112844
107.082132914 -14.1335203068
103.161751109 -17.2133874936
98.9609503911 -20.0214236698
94.4750294099 -22.5231012414
89.7095556688 -24.6827029904
84.6832362137 -26.4649102289
79.4300344126 -27.8369116948
73.9997158259 -28.7708695142
68.4561181705 -29.246410806
62.8729119853 -29.2526908879
57.3273631822 -28.7895759721
51.8933175341 -27.8676583675
46.6349258836 -26.5071003365
41.6023441902 -24.7355875416
36.8299397528 -22.5858420619
32.3367866713 -20.0931508216
28.1287529769 -17.2932448585
24.2013614023 -14.2206972713
20.5427489789 -10.9078614995
17.1362992382 -7.38427902638
13.9627539677 -3.67644647424
11.0017751467 0.192169746656
8.23301770047 4.20096557322
5.63680860821 8.33194899594
3.19452973474 12.5694559206
0.888787613534 16.8998629406
358.70343379 21.3113148036
356.623479395 25.7934755706
354.634928856 30.3373068697
352.724539151 34.9348732801
350.879489334 39.5791729746
349.086913324 44.2639907139
347.333191578 48.9837696509
345.602777464 53.73349771
343.876053519 58.5086027967
342.124978336 63.304846909
340.303091657 68.1181962107
338.318654551 72.9445971715
335.944167691 77.7793735429
332.371108715 82.6144730956
320.828867687 87.405374266
246.85623023 86.5854915847
189.38221797 84.073579128
172.083698311 79.6598082121
164.490094499 74.937233573
159.854028264 70.13176231
156.452916988 65.2997656556
153.667355004 60.4631587795
151.220254442 55.6335652378
148.967467961 50.8188362187
146.824805405 46.0253386824
144.738064745 41.2589344448
142.669142663 36.5254817178
140.58895609 31.8311445305
138.473537975 27.1826233669
136.301728606 22.5873581412
134.053721234 18.0537296521
131.710093384 13.5912746643
129.251135435 9.21092430284
126.65638364 4.92527194458
123.904322198 0.748873382237
120.972260052 -3.3014226544
117.836423266 -7.20612288533
114.472337854 -10.9427375967
110.855610436 -14.4854667185
106.963238473 -17.8049865689
102.775582501 -20.8684310491
98.2790828539 -23.6396943368
93.4696674233 -26.0802061515
88.3565462129 -28.1503245436
82.9657357828 -29.8114268088
77.3423045616 -31.0286338218
71.5501912195 -31.7738845985
65.6687705312 -32.0288501222
59.7862086772 -31.7870545347
53.9907871276 -31.0546666061
48.3621989546 -29.8497458883
42.9648330987 -28.2001489893
37.8442533249 -26.1406275009
33.0269414533 -23.709750092
28.5224949239 -20.9471646632
24.3271324653 -17.8914897968
20.4274915707 -14.5789049431
16.8040512228 -11.0423613348
13.4338677142 -7.31126943514
10.2925652183 -3.4115115032
7.35566137468 0.634348579278
4.59935981043 4.80675285403
2.00094176272 9.08879762941
359.538864961 13.465881383
357.192645532 17.925373408
354.94256471 22.456312702
352.76920704 27.0491391634
350.652796046 31.6954544215
348.572236621 36.3878062039
346.503679487 41.1194866775
344.418246549 45.884329833
342.278191869 50.6764822475
340.029956764 55.4900972212
337.590577487 60.3188418454
334.818450337 65.1549399715
331.442432319 69.9869479354
326.859620321 74.7934591622
319.406802786 79.5199913951
302.649965265 83.9517867182
223.236421795 83.4684960093
192.946288654 80.4367496971
178.320130714 76.2271254242
170.082733792 71.6380189005
164.604821841 66.9013208022
160.501763429 62.0998715217
157.160816306 57.2707227853
154.272636628 52.4338700385
151.663641826 47.6020251546
149.227515237 42.7845399149
146.893936142 37.9892124399
144.612951445 33.2232299518
142.346551256 28.4937287808
140.063819129 23.8081777151
137.737968235 19.1746821881
135.34442604 14.6022600983
132.859532124 10.1011184783
130.259617892 5.68294937185
127.520350029 1.36125685474
124.616290411 -2.84827815853
121.520678074 -6.9273950998
118.205486256 -10.8548224115
114.641855341 -14.6058425661
110.801049821 -18.1519019858
106.656124102 -21.4603483887
102.184483204 -24.4944218667
97.3714466039 -27.2136727709
92.2147090821 -29.5750108931
86.7291989891 -31.5345728507
80.9512997613 -33.0504843754
74.9409254248 -34.0863623863
68.7798990423 -34.6150787405
62.5658317517 -34.6220187259
56.4022001192 -34.1070004707
50.3869000895 -33.0842999492
44.6022517448 -31.5807739958
39.1087655706 -29.6326253419
33.9434112432 -27.2816409273
29.1216169681 -24.5716756646
24.6414565601 -21.5458682212
20.4885067512 -18.2447512763
16.6403264465 -14.7051838457
13.0700460417 -10.9599201951
9.74895295621 -7.03761049066
6.64817812324 -2.96305900023
3.73966872676 1.24238766778
0.996632631813 5.5604058173
358.393603806 9.97526268516
355.906230811 14.4734125932
353.510842662 19.0431310294
351.183798997 23.6741866382
348.900578969 28.3575446243
346.63449324 33.0850897928
344.354792202 37.8493511001
342.023743325 42.6431989406
339.591857035 47.4594652884
336.989609153 52.2903912378
334.112117244 57.1267007294
330.788555842 61.9558324022
326.715362728 66.7581140837
321.293367658 71.4972766285
313.174527347 76.0927186319
298.839665543 80.320446878
269.19896704 83.4115631421
246.112245225 81.3305613486
214.516373208 80.0143723881
193.891036475 76.7768105419
181.580794921 72.6669396373
173.607749487 68.1776744948
167.911098169 63.5077929743
163.496900328 58.7456026696
159.853494943 53.9358531779
156.695355246 49.1042520261
153.850747202 44.2674158552
151.209142634 39.4373656958
148.694786353 34.6237693009
146.252504137 29.8351726297
143.83961408 25.0797490099
141.421054793 20.3658107156
138.966291856 15.7022057911
136.447249552 11.0986670743
133.836859469 6.5661532732
131.108002613 2.11720789952
128.232730375 -2.23364649347
125.181723168 -6.46946805324
121.924005604 -10.570406744
118.426996379 -14.5131767134
114.657035305 -18.2705201678
110.580597034 -21.8107252687
106.166454512 -25.0973079747
101.389054826 -28.0890296758
96.2332442387 -30.7404880196
90.7001342322 -33.0035575189
84.8132773492 -34.8299146998
78.6235192143 -36.1746928888
72.2103030426 -37.0009437511
65.6774628727 -37.2841198372
59.1430894058 -37.0154691927
52.7254620013 -36.2033278075
46.5289264356 -34.8718885261
40.6336253629 -33.0578480734
35.0911365715 -30.8059372263
29.9256578206 -28.1644468439
25.1387974203 -25.1815466617
20.7157400918 -21.902730946
16.6311344654 -18.3693530286
12.8538518523 -14.6180166318
9.35039574339 -10.680547136
6.08709316583 -6.58430387149
3.03132931755 -2.35265987691
0.152089410279 1.99446221237
357.420018942 6.44006166613
354.807146596 10.9695694652
352.286349552 15.5704066938
349.830581682 20.2315891683
347.411825269 24.9433677754
344.999654093 29.6968872763
342.559188616 34.4838380804
340.048042149 39.2960617015
337.41151911 44.1250440716
334.574655509 48.9611762622
331.42827743 53.7925431937
327.803083563 58.6027245596
323.418190913 63.3663990525
317.77145063 68.0396435791
309.889751495 72.5361130992
297.757703597 76.6621930219
277.455284873 79.9383018252
232.572866877 78.5104290272
209.734754169 76.4777567489
193.969870322 73.111491411
183.383408512 69.049088886
175.898834166 64.6281824244
170.253440334 60.0132578225
165.73885902 55.2887238657
161.947472826 50.5017164068
158.632649153 45.6810156364
155.636851146 40.8458384159
152.853921014 36.0102208689
150.208442754 31.1853696373
147.643909031 26.3810243827
145.115608816 21.6063181962
142.586145906 16.8703782948
140.022475733 12.1827961497
137.39384686 7.5540411917
134.670300838 2.99586438494
131.821536776 -1.47827690826
128.816043714 -5.85275038358
125.620476227 -10.1092217287
122.199315771 -14.2260638425
118.514934308 -18.1777129168
114.528263873 -21.9340089231
110.200371472 -25.4596022544
105.495316387 -28.7135749281
100.384660703 -31.6495128813
94.8537939277 -34.2163574992
88.9096670934 -36.3604096032
82.5885385792 -38.0287682112
75.9611531453 -39.1741597777
69.132164295 -39.7605366058
62.2316010752 -39.7681934137
55.3991055811 -39.1968825788
48.7651713826 -38.0658553257
42.4352393423 -36.4108138962
36.4809558125 -34.278826536
30.9394110833 -31.7227231437
25.8182114364 -28.7962358542
21.1031963014 -25.5505225381
16.7661950617 -22.0321292794
12.7713959714 -18.2821144731
9.07990247119 -14.3359614446
5.65262843954 -10.2239493989
2.4519009824 -5.97174374403
359.442149149 -1.60105537619
356.589980357 2.86971422303
353.863850632 7.42488050247
351.233447289 12.0509470725
348.668828432 16.736135772
346.139296599 21.4699609456
343.611911936 26.2428257681
341.049454751 31.0456095235
338.407496975 35.8692001422
335.629979528 40.7038989952
332.642203345 45.5385710913
329.339184667 50.3593031023
325.565375186 55.1470931302
321.077649658 59.8735542668
315.474835888 64.4923139392
308.06069124 68.9205454917
297.594016491 72.9972135648
282.021433004 76.3918975776
259.392185052 78.4766483464
245.932511641 76.2640312354
224.15108849 75.3657882014
206.526128629 72.9075707301
193.687276173 69.4445950457
184.395041019 65.4018864226
177.421614722 61.0263615669
171.940942402 56.4540509791
167.438752388 51.762241286
163.593150267 46.9974734847
160.196174291 42.1897090779
157.107955181 37.3596485015
154.230245578 32.5226902041
151.490818029 27.6911956078
148.833967358 22.8758704036
146.21450721 18.0866729642
143.593814015 13.3334687897
140.937098059 8.62655472197
138.211425915 3.97712803025
135.384215605 -0.602250033553
132.422046734 -5.09716050476
129.289712083 -9.49077573027
125.949509102 -13.763231825
122.360846767 -17.8909163291
118.480338478 -21.8456826315
114.262672569 -25.594038586
109.66269084 -29.0964179131
104.639219187 -32.3067376851
99.1611725168 -35.1725716168
93.2160966682 -37.6363963923
86.8203667654 -39.6384117124
80.0286734822 -41.1212470757
72.938755949 -42.0363079674
65.6870157514 -42.3506297821
58.4331918839 -42.0523267673
51.3373356132 -41.1527188017
44.536677109 -39.6843052771
38.1300406096 -37.695378271
32.1731847519 -35.2431778478
26.6833536382 -32.3875146711
21.6486979948 -29.1860153243
17.0384925996 -25.6912569364
12.8117356198 -21.9494872309
8.92331621131 -18.0004304306
5.32789728616 -13.8777191053
1.98203172976 -9.60961876722
358.845057945 -5.21983904756
355.879208653 -0.728320896226
353.049227967 3.84804882147
350.321670206 8.49480757288
347.663958167 13.1993643958
345.043201262 17.9505050391
342.424702132 22.7379281555
339.769996859 27.551777156
337.034154583 32.3821186811
334.16186841 37.218293625
331.081530903 42.0480189652
327.695872432 46.8560254191
323.866598908 51.6218281777
319.388350125 56.3158372162
313.943616179 60.8921784266
307.025489496 65.274813597
297.8192623 69.3301050318
285.108161471 72.8155055267
267.635057568 75.3118841048
236.202911049 73.5914729059
218.419095076 72.0605862607
204.120436406 69.3187298578
193.240486523 65.7768592649
184.946753887 61.7383836492
178.448312475 57.3923343408
173.175279385 52.8522537144
168.74506279 48.1877072064
164.902044537 43.4431610661
161.471948097 38.6485560701
158.33223106 33.8252505013
155.393536094 28.9894636048
152.588016973 24.1543601481
149.861831613 19.3313836531
147.17016259 14.531169827
144.473784512 9.76422844457
141.736587344 5.04150654412
138.923695793 0.374905648933
135.999966589 -4.22219577762
132.928740098 -8.7343751621
129.670797347 -13.1435218227
126.1835483 -17.4280914229
122.420569967 -21.5622466568
118.331740108 -25.5148968562
113.864384553 -29.2486973822
108.966061572 -32.7191553729
103.589774293 -35.874124748
97.7023436392 -38.6541565306
91.2960427518 -40.9943466095
84.4019947861 -42.8283443559
77.1013045241 -44.0948104158
69.5276954721 -44.7456594852
61.8561760286 -44.7541215092
54.2777827738 -44.1198563699
46.9682938314 -42.8690226721
40.062690331 -41.049270607
33.6434347104 -38.7217197151
27.742806955 -35.9526905878
22.3539027894 -32.8071882354
17.4440356107 -29.3448322764
12.966443634 -25.6179623107
8.8687491492 -21.6712584726
5.09824354003 -17.5422316567
1.60472334443 -13.2621123818
358.341670829 -8.85685122406
355.266407761 -4.34808145234
352.339645377 0.246018640734
349.524680186 4.90997728416
346.786356973 9.63038287687
344.089827066 14.3953152624
341.399054902 19.1938227113
338.674951713 24.0154054001
335.872921476 28.8494546516
332.939464538 33.684576098
329.807256853 38.5076855272
326.387739231 43.3026922105
322.559602236 48.0484440069
318.150497901 52.7153379339
312.90784066 57.2594771701
306.453709801 61.6122817912
298.224734166 65.6619294819
287.435945073 69.2222507317
273.248541934 71.9936708081
255.553512856 73.5670321707
245.850234312 71.3309326528
229.041308418 70.6400726493
214.221797983 68.6641650258
202.195238323 65.7170701496
192.721753432 62.1081914218
185.219492382 58.065185814
179.146194026 53.7377633709
174.091462865 49.2218074416
169.763639419 44.5795778601
165.957467179 39.8528323537
162.526571364 35.0707795456
159.363963 30.2548663517
156.388933948 25.4217184639
153.538311108 20.5850119506
150.760537731 15.7567245198
148.011557947 10.9480281937
145.251844702 6.16998134694
142.444148716 1.43412068927
139.551698124 -3.24697763025
136.536679303 -7.8591154042
133.358904289 -12.3858245944
129.974639321 -16.807616105
126.335651592 -21.1010932566
122.388648735 -25.2379120243
118.075461533 -29.1836016978
113.334572244 -32.8963251811
108.104900949 -36.3257801308
102.333011263 -39.4126414345
95.9847552343 -42.0892137984
89.0612402944 -44.2822025609
81.6162512435 -45.9184603207
73.7682782213 -46.9338339705
65.6978626089 -47.2836454762
57.6245649224 -46.9515530161
49.7684752073 -45.9531198119
42.3115008525 -44.332413325
35.3738260017 -42.1532352317
29.0107766205 -39.488634735
23.2245910141 -36.4119935004
17.9818066743 -32.9911969582
13.2293153149 -29.2857975488
8.90612725065 -25.346320686
4.95067967055 -21.214801433
1.30469515544 -16.9258759372
357.914754992 -12.5080209907
354.732507687 -7.98473647723
351.714122472 -3.37558919783
348.819343761 1.3028967437
346.010324809 6.03648558843
343.250300197 10.8125799991
340.502073666 15.6196374162
337.726228672 20.4466092565
334.878894652 25.2823509304
331.908802261 30.1149341954
328.753210852 34.9307625272
325.332057177 39.7133338401
321.539314601 44.4413929195
317.23004762 49.0860323721
312.201139843 53.6059767895
306.164013857 57.9397509839
298.712266748 61.9927476607
289.307160491 65.6172408802
277.364444943 68.5881936989
262.624404926 70.5981131476
238.152983472 68.7479974408
223.598378606 67.5121986954
210.978802265 65.2095218493
200.592050305 62.1052789967
192.179778305 58.4383002937
185.319994121 54.3858957618
179.622941237 50.0697746386
174.782547843 45.5718531824
170.571401503 40.9478321665
166.822523093 36.2365765558
163.412192148 31.4661698398
160.246827375 26.6577720135
157.253603931 21.8281114514
154.373847421 16.9911439966
151.558339814 12.1592092796
148.763896835 7.34388928306
145.950771492 2.55670053827
143.080580016 -2.1902908605
140.114544994 -6.883865467
137.011922108 -11.509003726
133.72853793 -16.0481471857
130.215434338 -20.4803210941
126.41771199 -24.7800765582
122.273820755 -28.9162257099
117.715795977 -32.850383799
112.671316839 -36.5354227633
107.068940817 -39.9141175515
100.848239779 -42.9185630894
93.9762373605 -45.4713372803
86.4694494462 -47.4897006198
78.4160489699 -48.8938872935
69.9866109429 -49.6191363927
61.4204280172 -49.6285344043
52.9843297317 -48.9216063263
44.9189204953 -47.5344336091
37.3968188854 -45.5312366758
30.5082419603 -42.9915722528
24.2712752659 -39.9982327915
18.6539129438 -36.6288470899
13.5961953403 -32.9515871436
9.0268120724 -29.0239451441
4.873385368 -24.8932864623
1.06780722085 -20.5981928299
357.548359883 -16.1700086549
354.259985989 -11.6343032475
351.153595861 -7.01214115752
348.184918885 -2.32114516151
345.313151913 2.42362218123
342.499500316 7.2089168019
339.705609334 12.022664726
336.891814911 16.853358058
334.015082276 21.6894414073
331.026429497 26.5186233133
327.867535816 31.3270244277
324.466094455 36.098032736
320.729276074 40.8106636539
316.534444379 45.4370997555
311.716160961 49.9388843145
306.049117754 54.2609483855
299.229823201 58.3223482021
290.870751278 62.002810887
280.549009346 65.1268930704
267.996395239 67.4574062881
253.487528311 68.7286363553
245.802250727 66.4869405766
232.012764322 65.9209970915
219.3287315 64.2660292716
208.374871946 61.7141079414
199.223988391 58.4847750284
191.642754996 54.7669070142
185.315287891 50.7026263654
179.950899972 46.3929515921
175.314623765 41.9086218266
171.225504369 37.2995769208
167.545873534 32.6018324757
164.170287259 27.8421514523
161.016496266 23.0411679266
158.018617261 18.215495698
155.122077621 13.3791909797
152.279846257 8.54481296159
149.449546577 3.72424310513
146.591146455 -1.07062717981
143.665001787 -5.827260666
140.630092498 -10.5318262436
137.442340606 -15.1684812052
134.052951691 -19.7185271888
130.406792592 -24.1593816033
126.440937951 -28.463308283
122.08373122 -32.595867457
117.255073361 -36.5140975218
111.869231538 -40.1645685889
105.842212284 -43.4817090961
99.1062994686 -46.3872572207
91.6336212482 -48.7922846664
83.4666459496 -50.6036279677
74.7451523542 -51.7358903769
65.7106181641 -52.1275318153
56.671993901 -51.7556129101
47.9391629203 -50.6419808794
39.7559214167 -48.8473725287
32.2647242891 -46.4568000073
25.5102341378 -43.5634110884
19.4659769211 -40.2563492541
14.0649209485 -36.6141890683
9.22327278042 -32.7028239745
4.85523017702 -28.5759705635
0.880504581459 -24.2768267323
357.227217485 -19.8400180098
353.832234511 -15.2934218184
350.640247116 -10.6597250076
347.602327137 -5.9577000858
344.674306975 -1.20323930492
341.815122138 3.58979732497
338.985131331 8.40886190505
336.144357041 13.2420697095
333.250537631 18.0775641113
330.25683142 22.9028317094
327.108951496 27.7038885224
323.741428939 32.46422878
320.072603435 37.1633774126
315.997855528 41.7748055252
311.380646562 46.2628440661
306.041500821 50.578068032
299.747190112 54.6504965843
292.208514435 58.3801868768
283.109301345 61.626392848
272.211043853 64.2015723694
259.573222128 65.886483018
239.389891731 63.9594043837
227.050210085 62.9189062269
215.888339482 60.9359540629
206.226436789 58.1880027511
198.039629634 54.8564242376
191.128361676 51.093822326
185.249810922 47.0167291825
180.180652187 42.7104108692
175.736079945 38.2365460609
171.76947375 33.6400566002
168.165844654 28.9542593259
164.834496696 24.2045201298
161.70266847 19.4108008587
158.71046903 14.5894474862
155.806942272 9.75447851571
152.94698527 4.91855542831
150.088860471 0.0937625784287
147.19208585 -4.70771070169
144.215530789 -9.47291284686
141.115582415 -14.1874337044
137.844282195 -18.8346061273
134.347378016 -23.3945379017
130.562315837 -27.8428993088
126.416348905 -32.149388788
121.825242295 -36.2758157439
116.693602214 -40.173808005
110.918770186 -43.7823342414
104.401435135 -47.0256270748
97.0669444417 -49.812792525
88.8996375082 -52.0412936527
79.9848587445 -53.6068969669
70.538783791 -54.4210163178
60.895937894 -54.4315435917
51.4403207546 -53.6377978466
42.5087888613 -52.0907359587
34.3209247884 -49.8782889955
26.9651489938 -47.1045476228
20.4278479589 -43.8722545082
14.6353926255 -40.2726680817
9.48878351515 -36.3819462299
4.88528126003 -32.2614698581
0.729241001608 -27.9598970444
356.936133263 -23.5156403965
353.432935401 -18.9591680967
350.156861945 -14.3149314117
347.05348164 -9.6029082886
344.074709423 -4.83982310015
341.176856789 -0.0401199805544
338.318767456 4.78323539059
335.4599851 9.61805779758
332.558854023 14.4522853168
329.570418544 19.2732991897
326.443950076 24.0671482408
323.119887435 28.8175858911
319.525931421 33.5047936857
315.57201857 38.1036114965
311.144001329 42.5810180586
306.096324572 46.8925159136
300.24539555 50.9770293049
293.368920682 54.7501199403
285.224044639 58.096299625
275.608357216 60.864034347
264.489169664 62.8724868235
252.176161913 63.9432885045
245.770284648 61.6941486755
234.036321393 61.2129043579
222.979952483 59.78753054
213.056551611 57.5432861496
204.420344343 54.6374820758
197.006895971 51.2208513292
190.64858612 47.418977419
185.15453866 43.3291742713
180.348959538 39.0244155992
176.083478509 34.5589410599
172.237361426 29.9733081866
168.713368623 25.2983286121
165.432748387 20.5579637906
162.330653104 15.7714182123
159.35230348 10.9546623884
156.449858895 6.12157003671
153.579837541 1.2848069826
150.700911878 -3.54342564246
147.771917271 -8.35071363294
144.749929924 -13.1237486097
141.588288 -17.8475773221
138.234451434 -22.5047098455
134.627635868 -27.0740034815
130.696245732 -31.5292238798
126.355333872 -35.8371740621
121.504746349 -39.9552967566
116.02945851 -43.8287455039
109.805079672 -47.3871876705
102.713512909 -50.5422168605
94.6749686055 -53.1873681519
85.6987660027 -55.2041043095
75.9402114176 -56.4773313482
65.7262312196 -56.9202062503
55.5062310447 -56.4995064846
45.7313532804 -55.2468774335
36.7326260152 -53.2481038057
28.6696467749 -50.6179121043
21.5547798002 -47.4749991763
15.3098035991 -43.9262497016
9.81711954001 -40.0605474134
4.9522487572 -35.9486558298
0.599831856475 -31.6457708634
356.659321516 -27.1947172954
353.045405607 -22.6288898123
349.686184519 -17.9746650112
346.52063779 -13.2532849167
343.496054194 -8.48230555713
340.565660165 -3.67672000567
337.686475075 1.15014525767
334.817330288 5.98587712249
331.916948279 10.8182940617
328.941956311 15.6347695205
325.844691307 20.4214919568
322.5706344 25.1625817851
319.055300818 29.8389635068
315.220427325 34.4268567669
310.969409272 38.8957034333
306.18229526 43.205299583
300.711583966 47.3018930302
294.38221917 51.1131614388
287.003394092 54.5426014452
278.405854516 57.4654880765
268.520456136 59.731666021
257.493172013 61.1835354865
240.259339183 59.1969500595
229.54436686 58.2970203362
219.595776443 56.557650149
210.688118541 54.1018652256
202.883676472 51.0667254021
196.105134903 47.5785910073
190.212265261 43.7424392004
185.052161159 39.6407638694
180.483612335 35.3367449343
176.38538338 30.8784395004
172.656613992 26.3026012527
169.214117255 21.6377395211
165.98886866 16.9064422465
162.92261901 12.1271106829
159.964918579 7.31526367156
157.070564093 2.48454517314
154.19737532 -2.35245897295
151.30417481 -7.18351052653
148.348836827 -11.9960429269
145.286270806 -16.7764526685
142.066205285 -21.5092865717
138.630645443 -26.1762408875
134.910909377 -30.7548669654
130.824250056 -35.2168505865
126.27033881 -39.525707534
121.128517728 -43.6337462498
115.25806235 -47.4782670369
108.506145407 -50.9773684402
100.731625401 -54.0267153035
91.8544733236 -56.5004546485
81.931946674 -58.2615541394
71.2321927416 -59.1861404765
60.2370390606 -59.1980902083
49.5230508537 -58.2963886739
39.5764517642 -56.5555291494
30.6712630512 -54.0986336993
22.8693310154 -51.0627760772
16.0930907743 -47.5742810645
10.2022188207 -43.7380719062
5.0438034213 -39.6365880495
0.476668806656 -35.332961462
356.379626016 -30.8752090763
352.651860418 -26.3000512313
349.210225376 -21.6359692378
345.985730458 -16.9055269479
342.920155054 -12.127104343
339.963073743 -7.31620096868
337.069304569 -2.48644284795
334.196686883 2.34960123001
331.304062266 7.17970956793
328.349324669 11.9913319874
325.287405115 16.77088157
322.068057037 21.5029223694
318.633315369 26.169169096
314.914534502 30.7471935792
310.82901173 35.208705189
306.276471185 39.517247832
301.136313585 43.6251642848
295.2678689 47.469796828
288.518335138 50.969293362
280.746517923 54.0193702504
271.872185084 56.4942127462
261.952185408 58.2567839067
251.254112043 59.1831278403
245.747074154 56.9180677264
235.52683515 56.4990536589
225.750704105 55.2479426281
216.750061748 53.2503944521
208.684899918 50.6210805393
201.567876715 47.478699725
195.320931679 43.930170619
189.826525697 40.0644222937
184.96018066 35.9522635382
180.606510814 31.6489308331
176.66493355 27.197283863
173.050101301 22.6307471209
169.690082318 17.9757229196
166.523828114 13.2534758939
163.498603164 8.48158239684
160.567612489 3.67505418263
157.687855918 -1.15276473652
154.818146068 -5.9894444705
151.917186348 -10.8227871198
148.941583385 -15.6401498204
145.84365047 -20.4277043876
142.568840386 -25.1695537445
139.052633211 -29.8466033353
135.216721342 -34.4350511547
130.964444162 -38.9043133624
126.175781537 -43.2141542637
120.703153854 -47.3107813679
114.371431784 -51.1218212637
106.989780148 -54.5507090517
98.3890413703 -57.4726561181
88.5004069493 -59.7374666997
77.4704819321 -61.1875700864
65.7462925199 -61.6961617678
54.0127697649 -61.2128852635
42.9583422338 -59.7857217091
33.0377111624 -57.5400913267
24.4044489211 -54.6333492363
16.9937241027 -51.2161943841
10.637760638 -47.414145454
5.1456680803 -43.32444949
0.34169858121 -39.0200223356
356.077544509 -34.555056607
352.232531786 -29.9700720498
348.709472148 -25.2958495088
345.429656001 -20.5563246584
342.328269898 -15.7706796948
339.350562581 -10.9548652218
336.448717089 -6.12273665493
333.579272447 -1.28694255933
330.700920475 3.54033257959
327.772515668 8.34669094659
324.751154306 13.1188406421
321.590196765 17.8418453675
318.237128574 22.4982330971
314.63119555 27.0668805959
310.700837846 31.521575355
306.361149688 35.8291456386
301.512022057 39.9470639694
296.03847179 43.8205191584
289.816129988 47.3792190772
282.726870868 50.5347996679
274.690778961 53.1808303864
265.716907003 55.1987813047
255.960164576 56.4735130311
240.915570195 54.4301257427
231.459329383 53.637864634
222.52644333 52.0920841739
214.336796436 49.8806322351
206.979096042 47.1075700021
200.439928439 43.8756502033
194.645770969 40.2761624893
189.497662347 36.3853033538
184.892861674 32.264492071
180.73570354 27.9624216698
176.941631105 23.5175355422
173.437593705 18.9603288135
170.160779791 14.3152765252
167.056734685 9.60237792793
164.07735234 4.83837683166
161.178925065 0.0377354335996
158.320278344 -4.78656349946
155.460937579 -9.62231830161
152.55922762 -14.4574509155
149.570170782 -19.2793264156
146.443012204 -24.0739769867
143.118157926 -28.8251383293
139.52326661 -33.5129722946
135.568219687 -38.1122957533
131.138797632 -42.590059143
126.089353859 -46.9017285594
120.236188321 -50.9861799534
113.356906457 -54.7589113352
105.20862338 -58.1043558053
95.5891078376 -60.8708997183
84.4662406841 -62.8776682837
72.1506772003 -63.9463704513
59.3638858327 -63.9602097417
47.0258401398 -62.9175861407
35.867011877 -60.9329188724
26.2085895442 -58.183763617
18.0250532464 -54.8514673513
11.1165826364 -51.0885553607
5.24032379237 -47.0114756412
0.173015226528 -42.7054227374
355.729938148 -38.2320191532
351.764552939 -33.6361432893
348.161937514 -28.9510778344
344.831448827 -24.2021609541
341.700366935 -19.4093311001
338.708833728 -14.5889137334
335.805919777 -9.75490873992
332.946544712 -4.91996019714
330.08899104 -0.0961357812078
327.192795678 4.70439150796
324.216847019 9.46868642538
321.117552366 14.1823554663
317.846975559 18.8287488509
314.350889985 23.3879929363
310.566770894 27.8357783888
306.421904559 32.1418265856
301.832091177 36.2679732159
296.701969227 40.1658763347
290.928898753 43.7745385536
284.413553312 47.0182278375
277.081200685 49.8060805305
268.916004278 52.0355723991
260.003028935 53.602446861
250.558124062 54.4180427541
245.729149536 52.1252811505
236.690395772 51.7547673423
227.956723592 50.6424192853
219.772124992 48.8488768406
212.279296731 46.4590981617
205.523108507 43.5662172624
199.477224028 40.2593915137
194.074683454 36.61722378
189.231718343 32.7056408011
184.862523865 28.5783922421
180.886795175 24.278706592
177.232632155 19.8412368867
173.836877895 15.2938851364
170.644202352 10.6593603054
167.605657481 5.95645503433
164.677057271 1.20108017042
161.817319763 -3.59288683968
158.986786355 -8.41288149657
156.145461421 -13.2470030154
153.251063159 -18.0833789481
150.256726078 -22.9094799467
147.108133657 -27.7113054657
143.739778603 -32.4723318297
140.069949392 -37.1720636115
135.993957061 -41.7839473633
131.375168603 -46.2722825655
126.033983624 -50.5876017173
119.737022348 -54.659864794
112.19494051 -58.3890472619
103.091541074 -61.6342994613
92.1886572785 -64.2079788517
79.5467611683 -65.8908221191
65.7737362365 -66.4888155743
51.9850998643 -65.9203879051
39.304249266 -64.2633098345
28.3545211272 -61.7098563378
19.2076344165 -58.4795712362
11.6297972414 -54.7612360538
5.30505844909 -50.6968643895
359.942821887 -46.3873839142
355.308244128 -41.9034651887
351.22048186 -37.2949973226
347.541955569 -32.5979576574
344.167288846 -27.8390791876
341.01428346 -23.0389714161
338.017095094 -18.2142270481
335.121181634 -13.3788834284
332.279536782 -8.54548227911
329.449805092 -3.7258884305
326.591973533 1.06802291042
323.666416329 5.82373062199
320.632132056 10.5274199101
317.445062619 15.1632649208
314.056435505 19.7125850659
310.411141962 24.1528169072
306.446283451 28.4562453453
302.090231385 32.5884541367
297.262912278 36.5065080429
291.878608954 40.15700616
285.853320272 43.4744068957
279.119278847 46.3804750381
271.648494927 48.7862970567
263.483240526 50.5986996197
254.763043353 51.7322380639
241.438056744 49.626880566
233.001550343 48.9211951725
224.935194919 47.5351144196
217.411787292 45.5327893918
210.521731995 42.9937427754
204.283264164 40.0007628339
198.664474327 36.6314937971
193.605452335 32.9541331955
189.034904452 29.0262022943
184.880449924 24.8950954038
181.073967655 20.5994214022
177.553722564 16.170549549
174.264638889 11.6340717717
171.15760897 7.01107329033
168.18834507 2.31919594555
165.316027652 -2.426479919
162.501845943 -7.21269344015
159.707428519 -12.027354576
156.893093108 -16.8589398311
154.015783774 -21.6958783898
151.026492532 -26.5258631592
147.866864916 -31.3349983986
144.464548758 -36.1066540812
140.726651742 -40.8198246052
136.530448568 -45.4466662433
131.710374628 -49.9486869324
126.040947205 -54.270767322
119.218452782 -58.331889281
110.855150478 -62.011671754
100.528145196 -65.1345304334
87.9699072733 -67.4631509112
73.4568212991 -68.7318488123
58.1215101282 -68.7483804295
43.5698520783 -67.5100005941
30.9551646694 -65.2053762552
20.5733975551 -62.0998890189
12.165342919 -58.4322568779
5.30886737972 -54.3796445405
359.614350117 -50.0636421026
354.775903613 -45.5660799948
350.566273986 -40.942598698
346.818602461 -36.232019883
343.409256344 -31.4623945166
340.244718016 -26.6548567918
337.25220944 -21.8261134617
334.373091519 -16.9901013431
331.558173818 -12.1591426334
328.764294661 -7.34480282506
325.951726612 -2.55858245685
323.082103874 2.18746820544
320.116666557 6.88014566339
317.014688318 11.5044467066
313.732014846 16.0428299283
310.219708679 20.474338667
306.422892605 24.7735435506
302.28003912 28.9092780357
297.723204114 32.8431807295
292.680079999 36.5281487482
287.079220988 39.9069828433
280.860165439 42.9118013392
273.98985682 45.4651972925
266.484672728 47.4844290876
258.432597508 48.8897010538
250.004007971 49.616187831
245.714633359 47.281296601
237.641269631 46.9503726311
229.784600897 45.953017924
222.326647918 44.3332241656
215.387745706 42.1547444073
209.023363192 39.4906072777
203.23584731 36.4141960277
197.99180402 32.9934118478
193.238159792 29.2878302337
188.913936206 25.3480022815
184.957567448 21.2159887089
181.310765463 16.9264500355
177.920097455 12.507885713
174.737196719 7.9838165631
171.718217253 3.37382877594
168.822888548 -1.30553547228
166.013349091 -6.04002343279
163.252818367 -10.8170216401
160.50408389 -15.6249720537
157.727710627 -20.4528110268
154.879805619 -25.2893790386
151.90907083 -30.1227326474
148.752727013 -34.9392592417
145.330656852 -39.7224387483
141.536755538 -44.4509943485
137.225971975 -49.0959904536
132.195017383 -53.6161116559
126.155062051 -57.9498219625
118.699363764 -62.0024180361
109.288847257 -65.6260251447
97.3393301559 -68.5954070505
82.592496624 -70.6029191323
65.8146975162 -71.33265791
49.0075787618 -70.6386772031
34.1937194367 -68.6602831668
22.1735262602 -65.7115655771
12.705430184 -62.1018064567
5.20727460821 -58.058461602
359.137012497 -53.7310786841
354.084534973 -49.215430536
349.758415383 -44.5737040635
345.953564243 -39.8476075585
342.523722584 -35.0663142715
339.361981775 -30.2512441002
336.387690392 -25.4190007029
333.537716497 -20.5832410997
330.760534324 -15.7559257307
328.012112409 -10.9482103827
325.252943966 -6.17113774248
322.445797581 -1.43622904095
319.553918098 3.24395510748
316.53950838 7.85523232307
313.362397387 12.3811509288
309.978869103 16.8022389822
306.340709246 21.0951180229
302.394644027 25.2314635596
298.082520976 29.1768258561
293.342833533 32.8893900251
288.11450103 36.3188762603
282.344064881 39.4059801426
275.997321836 42.0830211199
269.075281242 44.2767069043
261.631587816 45.9138721502
253.784570809 46.9303188669
241.872253912 44.7522651149
234.293589401 44.119032823
226.983427787 42.869117976
220.076858287 41.0501138483
213.656466077 38.7231065032
207.754639441 35.954404987
202.364553617 32.809019326
197.453571377 29.3465845989
192.974955786 25.6194612934
188.876336891 21.67235247
185.105003252 17.542792023
181.61074271 13.2620325675
178.347025974 8.85604549598
175.271162114 4.34648355505
172.343849347 -0.248456731388
169.528371058 -4.91328645853
166.789558628 -9.63457782572
164.092549168 -14.4003952463
161.40129124 -19.1997721576
158.676677248 -24.0221942965
155.874087449 -28.8570386656
152.93999059 -33.6928962808
149.807018407 -38.5166673374
146.386547184 -43.3122433649
142.557169879 -48.0584502365
138.146386586 -52.7256548825
132.901371172 -57.2699150302
126.443825541 -61.6225762558
118.209831882 -65.671688363
107.413855108 -69.2308674985
93.2173752406 -72.0002438577
75.5144781742 -73.5705049875
56.1626127028 -73.5912774654
38.3848053056 -72.0571931122
24.0944925775 -69.3131993729
13.2216895195 -65.7701611572
4.93320051064 -61.7311970741
358.438462861 -57.3851064503
353.168065093 -52.845284682
348.739770399 -48.1812074268
344.898198075 -43.4372841362
341.469226678 -38.6434171895
338.330416058 -33.8209367819
335.392477951 -28.9860399275
332.5876143 -24.1518725278
329.862017933 -19.3298611748
327.170897903 -14.5306257363
324.475049976 -9.76466071572
321.738382033 -5.04289810669
318.926034887 -0.377224366937
316.002880564 4.21899732912
312.9322746 8.73036010974
309.67501345 13.1387695981
306.188522782 17.4226985554
302.426395048 21.5563277235
298.338521808 25.5085854858
293.872238364 29.2421470572
288.975103614 32.7125395241
283.600105819 35.8676352484
277.714027206 38.6479992377
271.309070728 40.9887322911
264.416255851 42.8234736588
257.116560552 44.0908531308
249.543584943 44.7427313757
245.702410072 42.3481974642
238.44855886 42.0508573316
231.352298676 41.1521443115
224.550927289 39.6844982367
218.143364286 37.6961691451
212.185465973 35.2443745421
206.694558414 32.3889195817
201.6588511 29.1874378453
197.047654957 25.6925213169
192.819986249 21.9504367293
188.930739596 18.0009289641
185.334575384 13.8776514066
181.988039372 9.60888976311
178.850460439 5.21837289946
175.884060657 0.726059949149
173.053572965 -3.85114505826
170.325540121 -8.49876335952
167.66737274 -13.204188589
165.046166871 -17.9561918021
162.427209689 -22.7444575335
159.772018231 -27.5591154773
157.035636724 -32.3902187025
154.162723789 -37.2270942608
151.081621764 -42.0574442948
147.694984434 -46.8659823817
143.864395911 -51.6322017792
139.384294747 -56.3264808247
133.936828473 -60.9028939943
127.014502627 -65.2853107514
117.801669476 -69.3399172887
105.080515409 -72.8238389282
87.5948744264 -75.3174835231
65.8846099812 -76.2655978006
44.1077784184 -75.3632332601
26.4940107336 -72.9021332475
13.6651260894 -69.4376064124
4.37984358264 -65.3942382533
357.411033533 -61.0185933202
351.933472289 -56.4464992998
347.433453136 -51.7551305992
343.589427441 -46.9909629616
340.193643569 -42.1839166174
337.106362901 -37.3546632429
334.229422118 -32.518579234
331.490649957 -27.6880076305
328.834380432 -22.8736377618
326.215455837 -18.0854127315
323.595274673 -13.3331833165
320.939065233 -8.62723184568
318.213909682 -3.97874105813
315.38724033 0.599742511178
312.425650489 5.09381494657
309.293946473 9.4866641113
305.954439165 13.7584422279
302.366550502 17.8855536251
298.486905349 21.8398691619
294.270200059 25.5879146473
289.671277769 29.0901416713
284.648954302 32.3004838808
279.172117106 35.166528105
273.228261283 37.6307573163
266.833685115 39.6333662278
260.042980945 41.1169634243
252.95378371 42.0329145818
242.24645297 39.7661634636
235.413777297 39.1956993737
228.779361052 38.065431784
222.448711825 36.4110166421
216.493556459 34.2794915891
210.951062041 31.7236717748
205.828897055 28.7972878486
201.112944828 25.5515057638
196.775061624 22.032885721
192.779449145 18.2825035004
189.087214807 14.3358611917
185.659270341 10.2232569871
182.457937054 5.97037486719
179.447636171 1.59894357936
176.594966205 -2.87261838039
173.868373644 -7.42861029677
171.237535692 -12.0555204302
168.672499507 -16.7415560243
166.142555256 -21.4762175082
163.61474829 -26.2498947243
161.051840072 -31.0534540684
158.409376978 -35.8777708033
155.631263188 -40.7131334634
152.642743851 -45.5483933336
149.338746006 -50.36962109
145.5635712 -55.1577937594
141.073828102 -59.8844922669
135.467849319 -64.503287104
128.048440735 -68.9312370703
117.572649004 -73.0070553226
101.984935497 -76.3997800113
79.3380023993 -78.4806991572
52.5161239496 -78.5093094996
29.6929112707 -76.4725926299
13.9429603446 -73.1042225755
3.36619014867 -69.0409630804
355.88750967 -64.6198676603
350.245812027 -60.0051303815
345.733671641 -55.281018636
341.943985228 -50.4945942905
338.630406193 -45.6745942599
335.635563769 -40.8402068086
332.853401324 -36.0054468037
330.208567499 -31.1815034183
327.644598315 -26.3781008192
325.116813318 -21.604357609
322.587839063 -16.8693869814
320.024648928 -12.1827665346
317.396506503 -7.55495177912
314.67346666 -2.99767957662
311.825240906 1.47560709993
308.820330189 5.8492907109
305.625400628 10.1050521555
302.204944606 14.2212800288
298.521343651 18.1724266645
294.535536564 21.92834843
290.208591974 25.4537118948
285.504562247 28.7076140978
280.394989699 31.6436532205
274.865226754 34.2107776271
268.922167257 36.3552865212
262.601993964 38.0242650231
255.975366488 39.1704105292
249.146860215 39.7576307057
245.691762171 37.2816200207
239.157385791 37.0137495278
232.739476173 36.2023367532
226.542420147 34.871527646
220.646421087 33.0579834941
215.103122961 30.8064131221
209.936783584 28.1650982078
205.149058721 25.182209673
200.725166275 21.9032503931
196.639775202 18.3695870376
192.861767045 14.6178393011
189.357648339 10.6798497226
186.093744412 6.5829950599
183.037435841 2.35066551589
180.157701507 -1.99719965551
177.425179588 -6.44358378351
174.81189079 -10.9739026341
172.29070367 -15.5755628064
169.834562572 -20.2375663413
167.415438751 -24.9501510251
165.002892444 -29.7044491359
162.562026338 -34.4921391239
160.050428831 -39.305050897
157.413367131 -44.1346588131
154.575818235 -48.9713417664
151.428508788 -53.8031705845
147.801958912 -58.6137060795
143.414941636 -63.3775964955
137.764592427 -68.0508592105
129.876197018 -72.5470105141
117.730733206 -76.6720641154
97.4028482775 -79.9454372376
66.036804818 -81.3319707617
34.4573236848 -80.0098117391
13.8569150449 -76.7692447344
1.56115680196 -72.6582915879
353.595818326 -68.1687951893
347.903544574 -63.4990950113
343.492043034 -58.7373225792
339.850424454 -53.9281470233
336.693547018 -49.0972328936
333.849883034 -44.2611699234
331.209022579 -39.4319596217
328.695282475 -34.6192537635
326.253534902 -29.8315840456
323.841129568 -25.077110327
321.42302788 -20.3641317209
318.968712868 -15.7014831514
316.450123006 -11.0988842233
313.840202127 -6.56728020311
311.111842332 -2.1192008883
308.237105425 2.23084520162
305.1866817 6.46593059572
301.929604965 10.566219984
298.433301874 14.5084425163
294.664117892 18.265355489
290.58852931 21.8052618394
286.175304229 25.0916912456
281.398875264 28.0834165232
276.244061252 30.7350425842
270.711930846 32.998444537
264.825978601 34.8252899597
258.636981924 36.1706911527
252.224316142 36.9976655983
242.579701644 34.6198422061
236.415952784 34.105502828
230.400308046 33.0834146276
224.615129094 31.5803971281
219.120979107 29.6326262857
213.954881323 27.2818735766
209.132310853 24.5719886948
204.651377981 21.5461132528
200.497684852 18.2447887163
196.648806035 14.7048866646
193.077879943 10.9591760975
189.756196515 7.03632295509
186.654885506 2.96114757854
183.745890587 -1.24498750415
181.002414701 -5.5637430941
178.398986042 -9.97937148543
175.911246812 -14.4783126916
173.515519099 -19.0488285625
171.188154818 -23.6806747892
168.904624093 -28.3648043094
166.638226324 -33.093090333
164.358196803 -37.8580508528
162.026781206 -42.6525458379
159.594456183 -47.4693971732
156.991641435 -52.3008357571
154.113354289 -57.1375742303
150.788575288 -61.9670364263
146.71332917 -66.769525491
141.287455982 -71.5087184305
133.160174252 -76.1038612567
118.803734089 -80.3304039074
89.1113868176 -83.417235274
43.1407254149 -83.4653460905
12.9001530053 -80.4288023736
358.297940389 -76.2178628739
350.070735438 -71.6285456897
344.597851281 -66.8920612039
340.497628543 -62.091044927
337.158456327 -57.2624701109
334.271483978 -52.4262942538
331.663369969 -47.5952064355
329.227926876 -42.7785419122
326.894908839 -37.9840850025
324.61440915 -33.2190102892
322.348448529 -28.4904418905
320.066132025 -23.8058364474
317.740688878 -19.1732871274
315.347559361 -14.6017993507
312.863093887 -10.101567411
310.263633507 -5.68427032984
307.524853805 -1.3633988678
304.621324973 2.84537965919
301.526293673 6.92381852873
298.211739674 10.850660186
294.648807989 14.6012010772
290.808764569 18.1469012207
286.664660299 21.4551209517
282.193889403 24.4891110372
277.381750795 27.2084291399
272.22590692 29.5699870984
266.741241638 31.5299160842
260.964084363 33.0463267692
254.954292154 34.0828101211
248.793638183 34.6122015765
245.68219054 32.0263004406
239.799641539 31.7851199142
234.004025234 31.0533081953
228.375059835 29.8488880481
222.977172982 28.1996868289
217.855972836 26.1404361548
213.037984176 23.7096940737
208.532841149 20.9471060841
204.336790768 17.891294851
200.436490285 14.5784485705
196.812431029 11.0415302894
193.441675822 7.30996410732
190.299851144 3.40964684459
187.362474072 -0.636842738736
184.605745835 -4.80993188153
182.006944168 -9.09270240984
179.544522658 -13.4705387901
177.197992905 -17.9307968684
174.947631303 -22.4625028198
172.77401714 -27.056084388
170.65736796 -31.7031317468
168.57658135 -36.396181894
166.507798282 -41.1285170064
164.422126396 -45.8939618194
162.281796883 -50.6866543407
160.033211047 -55.500739831
157.593328525 -60.3298774522
154.820383138 -65.1662820598
151.442840122 -69.9984962692
146.856669663 -74.8050814001
139.39444847 -79.5314365361
122.598840981 -83.9620546081
66.6655094912 -86.5868291219
9.31325843853 -84.0649497661
352.06056843 -79.6497730215
344.479659541 -74.927143835
339.848710525 -70.1219711196
336.450199352 -65.2904422538
333.666173792 -60.4544158622
331.220086156 -55.6254900279
328.96802805 -50.8115002213
326.825929183 -46.0188011431
324.739653816 -41.2532435654
322.671138394 -36.5206749708
320.591325505 -31.827248586
318.476265852 -27.1796538503
316.304812886 -22.5853193222
314.057170305 -18.0526141138
311.713924454 -13.5910629757
309.255373559 -9.21158470831
306.661061084 -4.92676007948
303.909477939 -0.751132028524
300.977939173 3.29846374968
297.84267603 7.20254708455
294.479218157 10.938641263
290.863173301 14.4809587992
286.971536202 17.8001876823
282.78465913 20.8634718074
278.288966757 23.6347125726
273.480362316 26.0753426897
268.368021563 28.1457172513
262.977918543 29.8072029205
257.355074935 31.0249010211
251.563385179 31.7707219473
242.885991614 29.2503946171
237.340370469 28.787805308
231.906081973 27.8663629544
226.647302894 26.5062001303
221.614223442 24.7349798614
216.841247622 22.5854095376
212.34748384 20.092769067
208.138828986 17.2927890826
204.210827978 14.2200474769
200.551633489 10.9069062551
197.144639057 7.38291799889
193.970592055 3.67459198224
191.009156824 -0.194591901034
188.239988457 -4.20401577861
185.64341273 -8.33567384916
183.200809538 -12.5738884724
180.894783119 -16.905023094
178.709182696 -21.3172098159
176.629017262 -25.8001006312
174.640289442 -30.3446457377
172.729754854 -34.9428989719
170.884591726 -39.5878484991
169.091933759 -44.2732698531
167.338161847 -48.9935977859
165.607730377 -53.7438126942
163.881023001 -58.5193358798
162.129997574 -63.3159237194
160.30818376 -68.129537807
158.323791644 -72.9561211612
155.94906349 -77.7909949993
152.373637379 -82.6261010444
140.785245901 -87.4167194264
351.214589614 -87.5355424681
338.948163991 -82.7491164664
335.314599435 -77.9143735221
332.92412075 -73.0796057949
330.933674474 -68.2530634416
329.109280066 -63.4394541611
327.357296351 -58.6428350156
325.630552444 -53.8672350357
323.900700399 -49.1168834197
322.147979916 -44.3963405865
320.356777371 -39.7106042599
318.513445576 -35.065214098
316.605113444 -30.4663649712
314.618969392 -25.9210346879
312.541789696 -21.4371304272
310.359605353 -17.0236574323
308.057459359 -12.6909128921
305.619238505 -8.45070691969
303.027585548 -4.31661066005
300.263916197 -0.304228243848
297.308584039 3.56851621852
294.141256457 7.28109409119
290.741584255 10.8101204472
287.090262118 14.129183107
283.170575825 17.2088226081
278.970498452 20.0167568243
274.485309616 22.5184617612
269.720550305 24.6782190181
264.694894178 26.4607025663
259.442266783 27.8330865372
254.012395883 28.7675107711
248.469087325 29.2435731147
245.673314038 26.5087348671
240.400167065 26.2925025334
235.192196549 25.6355041684
230.110325741 24.5511378331
225.205885472 23.0603831315
220.517990775 21.1899459365
216.072785855 18.9701926158
211.884260106 16.4331903239
207.9560896 13.6110675357
204.283935057 10.5347903461
200.857749944 7.23335386889
197.663824062 3.73332961914
194.686441502 0.0586861848565
191.909139123 -3.76919924312
189.315612098 -7.73140827997
186.890338768 -11.8112808492
184.61900172 -15.9941840694
182.488777241 -20.2672747852
180.488558714 -24.6192702159
178.60917679 -29.0402342679
176.843685008 -33.5213823061
175.187800915 -38.0549038603
173.640642636 -42.6338000876
172.206008399 -47.2517298877
170.894680384 -51.9028538059
169.728770825 -56.5816548003
168.750463107 -61.2826902623
168.041199133 -66.0001611203
167.769182053 -70.7269637266
168.328990233 -75.4520286326
170.875515384 -80.1502160929
180.563279753 -84.7192169384
243.958935814 -87.8942750985
310.130141832 -84.8306534001
320.202845462 -80.2691172528
322.833003688 -75.5724722973
323.423546188 -70.8479406943
323.166413389 -66.1213533489
322.465795146 -61.4039486255
321.493264879 -56.7028799974
320.331696058 -52.0239577367
319.023969408 -47.3726192595
317.592575638 -42.7543674972
316.048522572 -38.1750216745
314.39575538 -33.6408975836
312.633496457 -29.1589639627
310.757543622 -24.7369962855
308.761016767 -20.3837389974
306.634804361 -16.109082392
304.36785162 -11.9242573816
301.94738117 -7.84204876615
299.359115153 -3.87702432281
296.587561582 -0.0457723416333
293.616430316 3.6328666192
290.429250564 7.13759767551
287.010266797 10.444536109
283.345685652 13.5271910604
279.425321613 16.3566377508
275.244630045 18.9019604223
270.807010457 21.1310489881
266.126110468 23.0118097095
261.227689011 24.5137929337
256.150471881 25.6101457646
250.94545027 26.2796791068
243.176842852 23.5709893195
238.220723988 23.1576709093
233.348393887 22.3327652215
228.609649086 21.1112515307
224.04546917 19.5140402868
219.686509935 17.5663694305
215.552942079 15.2961259184
211.655352409 12.7323064268
207.99630428 9.90375203269
204.572168768 6.83821004571
201.374932521 3.56171331032
198.393804862 0.0982301790981
195.616548289 -3.53047611987
193.03052815 -7.30483912181
190.623519776 -11.2073831834
188.384332454 -15.2225595761
186.303318611 -19.3365527136
184.372841697 -23.5370747498
182.587784967 -27.8131588205
180.946203158 -32.1549547608
179.4502614 -36.5535253694
178.107690747 -41.0006349343
176.934159891 -45.4885124932
175.957312284 -50.00955563
175.223972873 -54.5559059452
174.8137723 -59.1187475767
174.86681895 -63.6869777195
175.645280725 -68.2443224968
177.687593913 -72.7620842548
182.258169947 -77.1772655441
192.910301988 -81.3088627214
220.576666412 -84.4550773548
269.530964655 -84.5061165841
297.863630568 -81.4066178336
308.764688157 -77.2874689702
313.429867112 -72.8766109939
315.516128309 -68.3607328097
316.318481766 -63.804310574
316.386171123 -59.2365328203
315.985864847 -54.6738640295
315.259800106 -50.1274858122
314.28872003 -45.6062438806
313.120080314 -41.1180017312
311.78190808 -36.6703524645
310.290120793 -32.2710480446
308.652620818 -27.9282977277
306.871698116 -23.6510058168
304.94550306 -19.4489835392
302.868995007 -15.3331528795
300.634599021 -11.3157508535
298.232716543 -7.41053630969
295.652192751 -3.63299559916
292.880823048 -0.000537049581491
289.905972313 3.46734372823
286.71537542 6.74895547791
283.298178772 9.82039913613
279.646262032 12.6557029556
275.755837496 15.2271651368
271.629253867 17.505965418
267.276830414 19.4630931779
262.71843089 21.0706032545
257.984390716 22.3031485703
253.115392833 23.1396573572
248.16100331 23.5649430724
245.664801552 20.6237174198
240.981114329 20.4316158795
236.346243871 19.8473054654
231.806589562 18.8806264513
227.402671638 17.5471757679
223.167306732 15.8671530202
219.12481106 13.8640219318
215.291149487 11.5631701037
211.674798017 8.99070898812
208.278033435 6.17249834071
205.098388931 3.13342442373
202.130083045 -0.103079686772
199.365307749 -3.51530711295
196.79532937 -7.08338803825
194.411405495 -10.7892820504
192.205552993 -14.6166892028
190.171222229 -18.5509084766
188.303947136 -22.5786635507
186.602057296 -26.6879075927
185.067564789 -30.8676111084
183.707387044 -35.1075289446
182.535157103 -39.3979326871
181.574043302 -43.7292797759
180.861331325 -48.0917642342
180.456189256 -52.474641861
180.453450689 -56.8651115187
181.009423166 -61.2462777839
182.393295519 -65.5930793007
185.09680381 -69.8633144756
190.083542142 -73.9756442529
199.356762471 -77.7498800224
216.800941447 -80.7434233896
245.195203663 -82.0100461493
273.800606685 -80.8022449534
291.51606989 -77.8387540558
300.940108549 -74.0773902336
306.004945105 -69.9710312958
308.75189117 -65.7038633426
310.16209145 -61.3587425473
310.735327091 -56.9785028086
310.744732658 -52.5884930229
310.348698888 -48.2057462467
309.643235613 -43.8431289492
308.688215824 -39.5114122169
307.521370851 -35.2204063948
306.166164907 -30.9796438429
304.63643657 -26.7988323469
302.939251989 -22.6881882226
301.076734499 -18.6587051413
299.047298593 -14.7223878556
296.846542762 -10.8924648912
294.467964067 -7.18358434492
291.90360809 -3.61198896612
289.144740895 -0.19565903829
286.182613041 3.04559659724
283.009371142 6.09012979403
279.619152848 8.91455963518
276.009369555 11.4940397543
272.182132303 13.8027310801
268.145708966 15.8145159108
263.915822391 17.5039659492
259.516529966 18.8475365195
254.98039808 19.824904498
250.347736004 20.4203096721
243.463412205 17.451865132
239.090152801 17.0871999096
234.77968238 16.3582176587
230.570342193 15.2758674364
226.495113806 13.8556494029
222.580506814 12.1166212579
218.846194431 10.0803115394
215.305303224 7.76966555844
211.965181882 5.20811689361
208.828452469 2.41883718814
205.894171631 -0.575819414477
203.158977045 -3.75468739949
200.618147148 -7.09800210423
198.266548407 -10.5874843818
196.099480145 -14.2063282237
194.113453214 -17.9391171315
192.306959724 -21.7716884027
190.681312189 -25.6909570625
189.241658937 -29.684703178
187.998328331 -33.741317126
186.968733099 -37.8494854286
186.180205704 -41.9977817498
185.67438928 -46.1740970755
185.514280799 -50.364786634
185.795925741 -54.5532999625
186.668528229 -58.717829574
188.370206555 -62.8270098322
191.293074097 -66.8315552639
196.100183952 -70.6471250688
203.906515038 -74.1184500825
216.358124578 -76.9510538677
234.618314457 -78.6434932257
256.046640689 -78.6664251985
274.444281542 -77.0109700463
287.036814106 -74.2004277739
294.939257541 -70.7411247345
299.806632211 -66.9322315773
302.767876215 -62.9315560407
304.495083061 -58.8246853737
305.385536779 -54.6615267419
305.680304648 -50.4737676543
305.530323861 -46.2833868382
305.032698481 -42.1070256037
304.251098219 -37.9583737906
303.227610413 -33.8495575895
301.989871568 -29.7920022765
300.555509447 -25.7970074533
298.935008745 -21.8761592167
297.133633569 -18.0416462792
295.152782374 -14.3065160417
292.99100927 -10.6848883788
290.644865751 -7.19213284523
288.109670582 -3.84500579823
285.380286791 -0.6617359252
282.451963524 2.33796078261
279.321279693 5.13296222916
275.987200309 7.70094801436
272.452220987 10.0187652498
268.723530171 12.0629782324
264.814065948 13.8106128153
260.743296134 15.2400801198
256.537525223 16.3322280532
252.229551607 17.0714288929
247.857577992 17.4465779161
243.467816682 14.2653880793
239.112684978 13.8775808865
234.823415522 13.1028937776
230.640223574 11.9533037174
226.597760565 10.4457504054
222.723995221 8.60104087738
219.039891768 6.44265706096
215.559781956 3.9956064142
212.292243191 1.28541802689
209.241275908 -1.66265878984
206.407603021 -4.82423681704
203.78996901 -8.176166314
201.386375996 -11.6967315141
199.195247753 -15.3657012754
197.216556989 -19.1642642681
195.45298968 -23.0748715849
193.911259931 -27.0809990676
192.603740536 -31.1668282807
191.550654023 -35.3168275879
190.783201489 -39.5151895538
190.348234461 -43.7450403993
190.315472351 -47.9872665596
190.788959827 -52.2186725691
191.925627595 -56.408932633
193.96558323 -60.5153040403
197.280331256 -64.4731191947
202.440755903 -68.1784643536
210.269735638 -71.4581718592
221.691393319 -74.0295539428
236.894469371 -75.4974353315
253.902702294 -75.5156970214
269.182433617 -74.0793104683
280.698064997 -71.5295103073
288.602588771 -68.2631184018
293.816225023 -64.5658303676
297.167569683 -60.6129501154
299.233149846 -56.5096310916
300.388375167 -52.3212287998
300.875845344 -48.0908683254
300.854066863 -43.8490894981
300.428096648 -39.619206209
299.6683208 -35.4203936547
298.62204221 -31.2695517029
297.320775799 -27.1824903549
295.784967243 -23.1747273558
294.027150179 -19.2620551732
292.054154247 -15.460962881
289.868745363 -11.7889574929
287.470945412 -8.26480379981
284.859198049 -4.90868416579
282.031495126 -1.74226629849
278.986538488 1.21134364918
275.724973559 3.92779288851
272.250686973 6.3818517903
268.572107236 8.54798999638
264.703387616 10.4011716556
260.665295434 11.9178541849
256.485601128 13.0771348046
252.198777995 13.8619437275
247.844906037 14.2601447005
243.467169432 11.1146179136
239.120215413 10.6993922489
234.843708758 9.87062473427
230.680657498 8.64168330931
226.668186056 7.0314507407
222.836410297 5.06308822898
219.208189483 2.76269948968
215.799636551 0.158056179686
212.621179285 -2.7224996584
209.678950523 -5.85091335005
206.976325475 -9.20001859763
204.51549141 -12.743896076
202.299008053 -16.4580195121
200.331385312 -20.319221488
198.620768165 -24.3055037262
197.180884301 -28.3957017252
196.033492387 -32.5689916704
195.211688599 -36.8041959114
194.764616549 -41.0787950328
194.764422586 -45.3674756211
195.316748358 -49.6399070662
196.576638164 -53.8572019427
198.772105138 -57.9661027835
202.236022713 -61.889303993
207.437049574 -65.5097312302
214.963150681 -68.6479474811
225.318997826 -71.0422274726
238.3420416 -72.3720555608
252.541837429 -72.3873400503
265.612688631 -71.0848479636
276.033800376 -68.7109002382
283.618603975 -65.5863189843
288.864864252 -61.9746872993
292.361993278 -58.0571104386
294.58183181 -53.9517793132
295.859989082 -49.7366800965
296.426442002 -45.4654730744
296.437573417 -41.1772808327
295.999930181 -36.9025677229
295.18627662 -32.6667179185
294.04618484 -28.4922809986
292.613052538 -24.4004375285
290.908852111 -20.411995298
288.947461247 -16.5480894102
286.737125352 -12.8306795719
284.282412761 -9.28288917738
281.585902796 -5.92919887118
278.649763886 -2.79548515258
275.477313097 0.0911204688413
272.074585313 2.70258395115
268.451872201 5.01056297063
264.625118124 6.98725790755
260.616992575 8.6065036766
256.45741773 9.84504099006
252.183342403 10.6838527737
247.837640464 11.1094058073
243.461763626 7.9959286584
239.113835617 7.5480904013
234.84286269 6.65510332075
230.695821796 5.33222419834
226.713356408 3.60096956699
222.928657558 1.48768629101
219.367343327 -0.97797593284
216.048195406 -3.76449934483
212.984517518 -6.83970567547
210.185875384 -10.1716654908
207.660035739 -13.729291004
205.41501074 -17.4826271755
203.461211054 -21.4028685268
201.813806948 -25.4621239104
200.495496199 -29.6329313691
199.539993934 -33.88749051
198.996711588 -38.1965263229
198.937295579 -42.527615447
199.464935601 -46.8426741857
200.727484945 -51.0940992179
202.934883817 -55.218747239
206.378244758 -59.1286162825
211.436984625 -62.6972695017
218.531165118 -65.7436923678
227.928443334 -68.0252137365
239.342449962 -69.2706715141
251.602848502 -69.2838986861
263.049295135 -68.0626116921
272.49400739 -65.8000101594
279.634313302 -62.7670059747
284.73109919 -59.2074129393
288.203930526 -55.3035174862
290.433861754 -51.1827163491
291.713848218 -46.9336446938
292.255323759 -42.6198406819
292.207237563 -38.289145668
291.673557532 -33.9797806903
290.726478743 -29.7242412781
289.41579982 -25.5518315405
287.775508472 -21.4903519416
285.828490816 -17.5672449236
283.590039843 -13.8103695512
281.070633869 -10.2484926472
278.27830286 -6.91152991454
275.2207837 -3.83053548777
271.907565918 -1.03741792935
268.351833359 1.43564487579
264.572210419 3.55710733559
260.594132217 5.29725704303
256.450599129 6.62964545617
252.182079376 7.53261546563
247.835414811 7.99073616542
243.451795186 4.9059272222
239.094412715 4.41903932415
234.82305518 3.44932021191
230.690245294 2.01462658558
226.741571161 0.140095699308
223.014607001 -2.14354829809
219.539014648 -4.80177529167
216.337651422 -7.79788261845
213.42841219 -11.0943190588
210.82654624 -14.6536154818
208.547278065 -18.4388983708
206.608686104 -22.413994311
205.034929192 -26.543135895
203.860048264 -30.7902546392
203.132712708 -35.1177949389
202.922421295 -39.4849003896
203.327754841 -43.8446999231
204.48710645 -48.1402466439
206.591247989 -52.2984579143
209.893410146 -56.2213301233
214.70246857 -59.7743712122
221.32367967 -62.7753434279
229.889601004 -64.9949616379
240.074546116 -66.1931267789
250.916761115 -66.2048507145
261.12521853 -65.0283967483
269.72712578 -62.8263355124
276.38530807 -59.8382857519
281.226466855 -56.2942394419
284.554586694 -52.3774056703
286.679282378 -48.2230868347
287.855006109 -43.9298562548
288.273651401 -39.5711663267
288.074492969 -35.2041914407
287.356764683 -30.8759339246
286.190436475 -26.6273170976
284.624511163 -22.4959205277
282.693258248 -18.5178084625
280.42098206 -14.728726873
277.825836718 -11.1648197648
274.923060119 -7.86293201381
271.727857375 -4.86051384873
268.258026278 -2.19511668208
264.536281678 0.0965282428869
260.592110328 1.97982571036
256.462898056 3.42394462317
252.194056227 4.40359826298
247.837969536 4.90074334159
243.43737839 1.84139550222
239.062683367 1.30731059169
234.786645599 0.245109133279
230.669538639 -1.32369375145
226.763921489 -3.36886956437
223.113674233 -5.85353396369
219.754490097 -8.73625944442
216.71560148 -11.972941648
214.022419567 -15.5182153336
211.699812598 -19.3263129395
209.775884972 -23.3513241922
208.286293516 -27.5468364194
207.279308152 -31.8649105292
206.821954222 -36.2542788786
207.007582648 -40.6575401614
207.964872086 -45.006982213
209.86695635 -49.2185392254
212.935641951 -53.1834931392
217.426940036 -56.7584933812
223.569046723 -59.7577445764
231.415926115 -61.9584450382
240.633123657 -63.1379113136
250.394137962 -63.148491234
259.629316512 -61.9887801119
267.50458242 -59.8043834456
273.67701317 -56.8174119257
278.195671379 -53.2511069415
281.287249571 -49.2920172005
283.208003122 -45.0841757423
284.180550029 -40.7368041372
284.378868659 -36.3343037716
283.932341898 -31.9445947438
282.934857871 -27.6251965332
281.453831071 -23.4274341574
279.537798614 -19.3992645761
277.222583905 -15.5870951459
274.536372084 -12.0368213387
271.504036246 -8.79419909247
268.150924714 -5.90459757297
264.50614915 -3.41215254586
260.605238817 -1.35836089504
256.491888049 0.219778384275
252.218476177 1.29187491313
247.845133797 1.83620969174
243.418558017 -1.20077282415
239.01937224 -1.79260654887
234.736636643 -2.96754022516
230.641587685 -4.69875293666
226.796756324 -6.94863267119
223.255274657 -9.67133904184
220.062063426 -12.8153407603
217.256603247 -16.3255203742
214.876900948 -20.1445735866
212.964357086 -24.2135499121
211.569427858 -28.471444099
210.758146204 -32.8537401133
210.619587009 -37.2897375109
211.273973138 -41.6983811526
212.879741665 -45.9822516398
215.634313336 -50.0195982261
219.755753559 -53.6554384994
225.421397268 -56.6960367805
232.638547977 -58.917370083
241.07306286 -60.1029036966
249.983244685 -60.1125856529
258.432151956 -58.9452162546
265.67250484 -56.7390449987
271.363622316 -53.709997839
275.508707058 -50.0823711646
278.283597436 -46.0504986795
279.906346913 -41.7699411473
280.574925836 -37.3628900745
280.448414156 -32.9270622529
279.647593113 -28.5436960581
278.261965402 -24.2835938159
276.357862509 -20.2113200713
273.985923226 -16.3878981824
271.187628324 -12.8722860685
268.000974646 -9.72180280416
264.465355856 -6.99160464486
260.625546461 -4.7333001466
256.534497708 -2.99285588141
252.254557145 -1.80806316401
247.856811177 -1.20597080849
243.39532048 -4.22365062609
238.965376772 -4.88725822048
234.677475838 -6.20157054375
230.618696775 -8.13176545501
226.866178932 -10.6290875888
223.487014055 -13.6341168823
220.540681884 -17.0798201192
218.083591641 -20.8938018156
216.175200528 -24.9993636737
214.885287459 -29.3151273349
214.302032075 -33.7530310528
214.540238049 -38.2144921539
215.747742084 -42.5845359646
218.10469545 -46.7240079581
221.80368958 -50.4612543744
226.989890423 -53.5879862023
233.642727464 -55.8698622409
241.428341908 -57.085638213
249.652069635 -57.0945980401
257.449680365 -55.8956633812
264.122119045 -53.6278971808
269.330238674 -50.5119185306
273.049990758 -46.7822366979
275.425147717 -42.6476289847
276.648169955 -38.2802445043
276.89959319 -33.8196215992
276.327746395 -29.3809939255
275.047863368 -25.0631025922
273.148437327 -20.9540991333
270.699435492 -17.1354134416
267.760385196 -13.683784787
264.387661644 -10.6716644257
260.640627582 -8.16617792738
256.586204186 -6.22688974375
252.301344056 -4.90275944747
247.872966741 -4.22887085352
243.367607706 -7.2303889618
238.90210608 -7.98498422737
234.616592967 -9.47466085817
230.621749245 -11.651920032
227.016810793 -14.4503195087
223.890665127 -17.7887259162
221.32649737 -21.5748944843
219.409179382 -25.7074993273
218.234361533 -30.076027615
217.917919035 -34.5581829975
218.603296701 -39.0146545192
220.46123106 -43.2815693494
223.67012491 -47.1623651714
228.357577418 -50.4243200633
234.487223112 -52.8108332184
241.721158104 -54.0833586119
249.379707976 -54.0917262045
256.624026969 -52.8349159659
262.770763857 -50.4615153487
267.477532305 -47.2094300773
270.704955818 -43.3353615761
272.579373967 -39.0724435236
273.279014673 -34.617668451
272.974889397 -30.135243818
271.810808081 -25.7647068721
269.90294365 -21.6284983158
267.347121987 -17.8372302412
264.228259184 -14.4923206458
260.629469082 -11.6861354665
256.639488388 -9.49998403019
252.357366206 -8.00054977256
247.893611448 -7.23564141493
243.335341787 -10.2243997049
238.832181791 -11.097276404
234.56761677 -12.8123533339
230.688914857 -15.3007533827
227.330066924 -18.4661270112
224.615230995 -22.1902334491
222.666928625 -26.3367880046
221.616876525 -30.7522697412
221.61587735 -35.2629733314
222.836314283 -39.6685662051
225.454888345 -43.734209846
229.595499352 -47.1872816364
235.215671671 -49.7313049241
241.966700575 -51.0929222141
249.151856229 -51.1007959914
255.912213168 -49.7539075059
261.547759995 -47.2220061467
265.705802709 -43.7777847654
268.341193237 -39.7177785423
269.576706175 -35.3149714817
269.588856882 -30.804584862
268.55021065 -26.3872517313
266.611796891 -22.2368932474
263.905463349 -18.5071989178
260.553722518 -15.3346253326
256.680606272 -12.837647603
252.419930696 -11.1129189469
247.918775724 -10.2296943552
243.298480999 -13.2096955768
238.761048337 -14.2413948197
234.557746531 -16.2537050194
230.895438633 -19.1386877374
227.965162793 -22.7452457569
225.94934509 -26.8862478287
225.033201992 -31.3419374343
225.41226349 -35.8578552535
227.280760393 -40.1389531294
230.777122294 -43.8469216262
235.864699671 -46.6163424584
242.175863806 -48.1105099942
248.958249469 -48.1179657663
255.278122257 -46.6376275864
260.379977224 -43.8792717339
263.89244137 -40.178898229
265.776422561 -35.9019636517
266.169339509 -31.3871164469
265.265217887 -26.9297698923
263.2596452 -22.7846932768
260.337873243 -19.171915611
256.682198514 -16.2788678054
252.483501327 -14.2571132396
247.948451348 -13.2150425645
243.257169287 -16.1916100596
238.7011269 -17.4458359887
234.646660888 -19.8616428013
231.403163348 -23.2522632642
229.258415419 -27.355266594
228.484727203 -31.8429518289
229.336280146 -36.3256420032
232.001224144 -40.3539802342
236.472579608 -43.4403039942
242.356996173 -45.1309414578
248.791003344 -45.1380376574
254.683903939 -43.4603537144
259.168966197 -40.38384353
261.84910014 -36.361411954
262.715006175 -31.8807747319
261.953882474 -27.3916623405
259.819613393 -23.284189996
256.584453267 -19.8865292536
252.535519435 -17.461603947
247.98243932 -16.1970201713
243.212199516 -19.178558663
238.684301668 -20.7629041949
234.98076879 -23.7416297898
232.599222829 -27.7440834423
231.975997019 -32.252637277
233.444656833 -36.6290091936
237.095505371 -40.1558155378
242.51744237 -42.1459534376
248.643131292 -42.1527330848
254.073759439 -40.1745906294
257.738220743 -36.6558870565
259.22136815 -32.282893567
258.611153833 -27.7731744413
256.240094283 -23.7656259896
252.543910228 -20.7786601022
248.019882279 -19.1840425808
243.166771726 -22.1872208498
238.807705103 -24.3009039269
235.985798139 -28.0554731905
235.520933024 -32.566030665
237.856797349 -36.6665677582
242.666284503 -39.1391162843
248.505853342 -39.1456029771
253.324824282 -36.6837578248
255.67456222 -32.5884999645
255.223023755 -28.0770663027
252.411166551 -24.3162972216
248.05748817 -22.1927799196
243.135933561 -25.26255245
239.463595848 -28.3033571494
239.166653321 -32.7669673547
242.82555476 -36.0662489162
248.357464012 -36.0724179809
252.027558375 -32.7813470241
251.744026545 -28.3171763733
248.080017027 -25.2681492682
243.248468207 -28.6019685008
243.139138555 -32.7353593498
248.054792514 -32.7408658297
247.958002897 -28.6072746603
