37.9739471394 32.7072312134
37.8755700372 28.5736700036
33.1675491706 28.5698705088
33.0601300652 32.7032381717
38.2778572876 36.0387096492
41.9452322551 32.7466596384
41.6602776786 28.2825128736
37.9962835749 25.2345187549
33.0535975057 25.2305532106
29.3837427906 28.2726265536
29.0891301292 32.736230666
32.748269779 36.0341926093
38.4274878869 39.1118747034
43.2433181064 36.6488294095
45.5908056849 32.5529800674
45.1381043286 28.0415503933
42.3259113239 24.2814242654
37.9726227816 22.1591733417
33.0831249542 22.1552721641
28.7261387148 24.2705539112
25.9069044033 28.0261130274
25.4446267846 32.5366924642
27.781901742 36.6362207261
32.5906397677 39.1070844558
38.5660445226 42.1189973334
43.9931166091 40.1395760164
47.654787787 36.6200788381
49.1362176593 32.2466866784
48.5251082688 27.736940272
46.1536715131 23.7297959807
42.4574983482 20.7437267174
37.9339251142 19.1504719449
33.1272878581 19.1466581861
28.6011411083 20.7327235459
24.8999391124 23.7128821987
22.5211946362 27.716158556
21.900764877 32.2247726646
23.3715485958 36.600365118
27.0230235879 40.1256726372
32.4435123374 42.1139508032
38.7152551624 45.1043011218
44.6041092315 43.4253002265
49.0858664969 40.3479257023
51.7638271383 36.3249531988
52.6285056693 31.8440090294
51.8667498393 27.354827506
49.7321711963 23.2475907817
46.4968990346 19.8505470584
42.448064079 17.4266578132
37.8954025641 16.1634937113
33.171013201 16.1597663852
28.6164280413 17.4157424259
24.5638163189 19.8332230669
21.3230019783 23.2251044882
19.1811620807 27.3288535781
18.4104412751 31.8166452683
19.2646038377 36.298738104
21.9311985335 40.3257984772
26.4025503656 43.4103260636
32.2849113156 45.0989792162
38.8839192591 48.0842331775
45.199146459 46.6025544576
50.2971330206 43.8433174599
53.8069663945 40.1423692666
55.6894179354 35.8650340383
56.0815472869 31.3499124641
55.1770458437 26.892445169
53.1712764841 22.7474700623
50.2493830742 19.1350928483
46.5936549319 16.2428016924
42.39504302 14.2221761298
37.8603351773 13.1815680295
33.2110914979 13.1779211133
28.6748674569 14.2114148645
24.4732799286 16.2254505875
20.8131939147 19.1119874438
17.8856047916 22.7197219226
15.8727718291 26.8614263801
14.9597336811 31.3172726963
15.3417525877 35.8327483628
17.2126478956 40.1127872165
20.7102622184 43.8191309705
25.7972957922 46.5865335559
32.1058022617 48.0786018852
39.0790443613 51.0670707849
45.834013439 49.7188237292
51.4650385938 47.1860531562
55.6199566899 43.7412779788
58.2535081033 39.6808690385
59.4880916556 35.2777246914
59.4998468962 30.7670577328
58.4610585245 26.3495435016
56.5225795431 22.1991703239
53.8161701212 18.4696997754
50.4643279525 15.2976497182
46.591129411 12.8015324666
42.3304796544 11.0780035653
37.8295724143 10.1962790753
33.2467216606 10.1927053443
28.7445681938 11.0674127229
24.4814767285 12.7843051647
20.6047177635 15.2743902133
17.2482599686 18.4412042782
14.536190149 22.1664037529
12.5909347751 26.3136357695
11.5440939143 30.7293264652
11.5463027379 35.2397259241
12.7696782662 39.644467722
15.3904952883 43.7087068719
19.5320407275 47.1598802849
25.1511741456 49.7016887407
31.8988963937 51.061084008
39.3085395609 54.0580105063
46.5465377357 52.7998257795
52.6879716047 50.4255883561
57.3910646149 47.1730052871
60.6163261825 43.2985842664
62.4896784467 39.035343967
63.1889246571 34.5802415356
62.8847506207 30.0975037217
61.7207472116 25.7267177361
59.8129541332 21.5903880033
57.2571295027 17.7991925806
54.1381736382 14.4546088164
50.5392284024 11.6490473968
46.5490954626 9.46384022722
42.2669164451 7.96566483164
37.8033063065 7.20229219711
33.2777503845 7.19878424952
28.8130795816 7.95524148121
24.5288261719 9.44679479544
20.5356814604 11.6258444026
16.9328640061 14.4258561457
13.8092215129 17.7656163559
11.2478836159 21.5528180509
9.33366020127 25.6860893757
8.16213027108 30.0548796785
7.84907098838 34.5368564346
8.53776796325 38.9926715695
10.3986813556 43.2584196987
13.6097513372 47.1375314382
18.297900911 50.3973461462
24.4260302963 52.7814471932
31.6559187569 54.0516084117
39.582700089 57.0608923665
47.372796637 55.8605684155
54.0389776112 53.592017387
59.2427980647 50.4756263054
62.9600567957 46.7456783857
65.3340293457 42.6108106251
66.5566815505 38.2431171017
66.808173839 33.7821390731
66.23658136 29.3431460393
64.9569764813 25.0249314451
63.0577558582 20.9157058369
60.6088366659 17.096958579
57.6697325819 13.6454840486
54.2968367318 10.6337795436
50.5495586507 8.12900256694
46.4948916052 6.1907302866
42.2098788211 4.86791155474
37.7815381715 4.19559408148
33.3042101929 4.19214462923
28.8749392766 4.85764452597
24.5881100296 6.17388302839
20.5308153744 8.10595046792
16.7801826475 10.6050117407
13.4032736456 13.6115791053
10.4595284167 17.0585658659
8.00531445107 20.8735368309
6.10004942711 24.9797637283
4.81347275966 29.2958421089
4.23371412049 33.7336822776
4.47549432638 38.1946674985
5.68649354946 42.5637824358
8.04656707339 46.7018332057
11.7477876082 50.4371521014
16.9345406568 53.5615093775
23.5853873194 55.8407576262
31.3660767944 57.0539972138
39.9158671024 60.0788883675
48.3557004002 58.9101167442
55.5886086772 56.7032360827
61.2747189307 53.6738925089
65.4169859889 50.0461169257
68.1906163146 46.0140788932
69.8130671106 41.7332702158
70.4818717545 37.3258753769
70.3558216797 32.8896380925
69.55551609 28.5058404182
68.1703455616 24.245335785
66.2665750268 20.1727422964
63.894808264 16.3491363206
61.0965156815 12.8335257979
57.909705891 9.68327416599
54.3738060195 6.95357313771
50.5336453115 4.69605402795
46.4422487482 2.95668959178
42.1620510943 1.77325764649
37.7642304516 1.17277257096
33.3261699589 1.16937449563
28.9275114707 1.76313194481
24.6456799516 2.94003626598
20.5519268536 4.6731892568
16.7087743822 6.92490794771
13.1693291579 9.64929179108
9.9784779071 12.7947621146
7.17566619606 16.3061665997
4.79887035155 20.1261762637
2.88946757696 24.195822189
1.49789673219 28.454082225
0.690173561945 32.8364201037
0.555342754907 37.2721073276
1.21355830344 41.6800497258
2.82310250604 45.9627782881
5.58107607192 49.9984909993
9.70495104 53.6321790549
15.3711272817 56.6701595815
22.5858163984 58.8886154472
31.0143290724 60.0713974811
40.3289920791 63.1147976846
49.553003528 61.9536762025
57.4193271542 59.7686777494
63.5859575184 56.7815626278
68.1015150234 53.2152563057
71.1918411152 49.2561201614
73.1124499746 45.048109942
74.0854453931 40.7004365321
74.2844806428 36.2975246972
73.838740367 31.9073335342
72.8419929047 27.5874279506
71.3615804512 23.3891805475
69.4459973351 19.3605960321
67.1310441872 15.5481285359
64.4448992111 11.9977182732
61.4124434757 8.75516246969
58.0590490044 5.86586610075
54.4138681126 3.37399258509
50.5124879822 1.32105514796
46.3986762683 -0.255945355005
42.1248961319 -1.32663361668
37.7513646023 -1.86932352461
33.343678495 -1.87267720334
28.9693741524 -1.33663492499
24.6940885071 -0.272419915473
20.5781103149 1.29838303441
16.6739915677 3.34548097592
13.025589135 5.83193454406
9.66856427531 8.71627276921
6.63211581416 11.9543595323
3.94162550285 15.5008080486
1.62194012405 19.3098367458
359.70115238 23.3355254491
358.214916863 27.5314518918
357.211507953 31.8496637163
356.757955487 36.2388722894
356.947601047 40.6416436719
357.909072176 44.9902183892
359.815355444 49.2004686942
2.88791594617 53.1636085304
7.38208113729 56.7362413993
13.5248932027 59.7326108274
21.3688648945 61.9301334159
30.5787017373 63.106572005
40.8541422583 66.1711518699
51.0485325027 64.9932909081
59.639586443 62.7907832328
66.2911165051 59.8027900288
71.1290017965 56.2589222251
74.4560270713 52.3421805372
76.5808659054 48.1877889854
77.7573642127 43.8943134565
78.1770546875 39.5352315658
77.9790033488 35.1677560071
77.2623236999 30.8389316813
76.0969154399 26.5897251861
74.5317397586 22.4577588355
72.6010415692 18.4791387513
70.3291119945 14.6896517744
67.7341012445 11.1254814855
64.8312527536 7.82351036768
61.6357880902 4.82122308373
58.165534439 2.15620048791
54.443250692 -0.134804127172
50.4984827153 -2.01718366231
46.3686887256 -3.46010802294
42.0993611635 -4.43830642035
37.7429672651 -4.93376709136
33.3567395146 -4.93708328491
28.999617175 -4.44820141452
24.7288716494 -3.47642531119
20.5970406734 -2.03967569051
16.6497061785 -0.163149424786
12.9244202337 2.12237800808
9.45081326195 4.78233563942
6.25170858262 7.7799909074
3.34497006464 11.0777727206
0.745823059407 14.6382001789
358.469477731 18.4243935684
356.534009084 22.4001760029
354.963583641 26.5297763252
353.792260337 30.7771188816
353.068734404 35.1046341165
352.862532484 39.471441203
353.272252137 43.8306301753
354.436263147 48.1251969809
356.54521265 52.2819820317
359.851983546 56.2028914701
4.66467180229 59.7533577242
11.2870818992 62.7511547802
19.8497440892 64.9672233175
30.0255718488 66.1619967535
41.5431097581 69.2501789359
52.9713120181 68.0275141866
62.4027263638 65.7646956449
69.5355637812 62.7320103048
74.6291472752 59.1728091473
78.1012972957 55.2691568173
80.3318656472 51.1483817884
81.6131035484 46.8991234536
82.1560578905 42.5849525449
82.1094699055 38.2537516647
81.5771960732 33.9437841051
80.6313712044 29.6875861755
79.3217605869 25.5145008748
77.6823328432 21.4523659665
75.7359629034 17.5286600499
73.4979377025 13.7712775489
70.9787340348 10.2090199524
68.1863857011 6.87183670061
65.1286405525 3.79081406712
61.8150085304 0.997889969731
58.2587056989 -1.47473287248
54.4784022205 -3.59549078715
50.4995928468 -5.33466256202
46.3553496016 -6.66580254523
42.0862199095 -7.56726998686
37.7391255703 -8.02366435051
33.3652973592 -8.02694999097
29.017502622 -7.57707761917
24.7470103626 -6.68198815603
20.6008122538 -5.3569982229
16.6195458841 -3.62368040556
12.8363804451 -1.50843022025
9.27690238182 0.959063560811
5.95985820421 3.74725437231
2.89851828039 6.82394485552
0.102420833081 10.157194766
357.579313634 13.7159118222
355.337200031 17.470140596
353.386492928 21.391077034
351.742376401 25.450830904
350.427573902 29.6219382527
349.475838104 33.87659116
348.936628911 38.1854985168
348.881648511 42.5162085761
349.414139128 46.8305923784
350.681976124 51.0809791737
352.895025871 55.2041315996
356.344084292 59.1119289537
1.40771515185 62.6778151969
8.50414864134 65.72073708
17.8980894144 67.9982393565
29.300659047 69.2398102034
42.4853595755 72.3535735597
55.5316597436 71.0497903192
65.9364100997 68.6759734045
73.5132227421 65.5520524762
78.7568470642 61.9410550887
82.2541296131 58.0238719714
84.4754036352 53.9186537703
85.7554975488 49.7034128522
86.3240027622 45.4318548218
86.3371161155 41.1431493895
85.9012965541 36.8678046491
85.0892680608 32.6312443507
83.9505849491 28.4560541108
82.5186373222 24.3634479376
80.8153942078 20.3742653597
78.8547314977 16.5096722341
76.6448935897 12.7916585494
74.1904489681 9.24337778819
71.4939794551 5.88934049714
68.557660176 2.75545256511
65.3848214137 -0.131126351287
61.9815203449 -2.74233650512
58.358082399 -5.04981400205
54.5304988026 -7.02574390669
50.5214991819 -8.64395442233
46.3610771545 -9.8811903732
42.0862598541 -10.7184512204
37.7399997431 -11.1422331685
33.3692254525 -11.1454953141
29.0222794125 -10.7281913227
24.746128313 -9.89727300147
20.5837946095 -8.66616510237
16.57239676 -7.05380387142
12.7420285549 -5.08339725992
9.1155168459 -2.78108686494
5.70893779164 -0.174672534961
2.53268323084 2.70748487624
359.592854846 5.83732014238
356.892804147 9.18766307266
354.43470378 12.7325952957
352.221108845 16.4475944922
350.256535216 20.3094983973
348.549145032 24.2963133295
347.11269518 28.3868770478
345.968986812 32.5603637268
345.151173491 36.7955871441
344.708472711 41.0700098209
344.713121398 45.3582868307
345.270863471 49.6300371301
346.536836979 53.8462965616
348.739079301 57.9536958216
352.210255249 61.8747763341
357.418187767 65.4922828173
4.94860143579 68.6266498591
15.3017498517 71.0163118847
28.3102636465 72.3415529771
43.8497320045 75.4818416702
59.0948450732 74.0443809184
70.5906144848 71.4952502831
78.4875620049 68.2299493366
83.7000760544 64.5335459535
87.053073465 60.5811834396
89.1213141312 56.4780293046
90.2794318225 52.289498303
90.7697008289 48.0587777082
90.750499646 43.8164618097
90.3268423334 39.5859103181
89.5691076229 35.3863371926
88.5246044515 31.2346758922
87.2248573971 27.14676645
85.6903211851 23.1381543453
83.9335362984 19.2246584401
81.9613367237 15.4227935782
79.7764906544 11.7500924326
77.3790211048 8.22534567121
74.7673730527 4.8687618812
71.9395416318 1.70203522956
68.8942360927 -1.25170184542
65.6321158751 -3.96807122449
62.1570908496 -6.42182011596
58.4776243114 -8.58739883041
54.6079173958 -10.4397580632
50.5687983803 -11.9553498925
46.3881096664 -13.1132764046
42.1004030378 -13.8964843758
37.7458369539 -14.2928662416
33.368313651 -14.2961121991
29.0130641747 -13.9061778402
24.7240292017 -13.129287536
20.5414381819 -11.9774729669
16.4999362127 -10.4677255481
12.6274692352 -8.62089779299
8.94496780009 -6.46050876519
5.46672491192 -4.01159382051
2.20127928124 -1.29970086276
359.152596623 1.64991014964
356.321371754 4.81284814599
353.706329241 8.16596476422
351.305460292 11.6875492675
349.117187175 15.3573776995
347.141490847 19.1566466893
345.381075839 23.0678147673
343.842686124 27.0743634186
342.538737389 31.1604766984
341.489510734 35.3106207095
340.726285336 39.5089789402
340.29601545 43.7386588462
340.268553894 47.9805142002
340.748114124 52.2112966167
341.891826555 56.4005974478
343.939990829 60.5055469804
347.264148318 64.4612884864
352.434598978 68.1636472649
0.271766778353 71.439177605
11.6932017511 74.0051855109
26.8777418024 75.4674420744
45.9965555845 78.6324136719
64.342534976 76.9764150001
76.912630256 74.1673752656
84.8103404081 70.7096528549
89.6797924458 66.9018427666
92.6451598431 62.9017328453
94.3768023211 58.795009122
95.271424758 54.6316781997
95.569931859 50.4435067469
95.4232444776 46.2525338824
94.9284974733 42.0754474942
94.1494020413 37.925974489
93.128084655 33.8162717497
91.8922144824 29.7577910574
90.4594447206 25.761855858
88.8402787453 21.8400745127
87.0399934694 18.0046572069
85.0599952868 14.2686726084
82.8988424451 10.6462620917
80.5530879387 7.1528172545
78.0180507266 3.80511722111
75.2885943176 0.621414189822
72.359970538 -2.37855178198
69.2287654434 -5.17363444183
65.8939581921 -7.74148995709
62.3580681679 -10.0589439537
58.6283195087 -12.1025428378
54.7176993574 -13.849300172
50.6457378452 -15.277622561
46.4388128156 -16.3683631895
42.1298024449 -17.1059108441
37.7569890087 -17.4791889586
33.3622520057 -17.4824264282
28.9887465679 -17.115579937
24.6783916236 -16.3843372351
20.469542462 -15.2997007913
16.3951736867 -13.877221412
12.4817709142 -12.1360015406
8.74897188628 -10.0976064765
5.20986201317 -7.78500936942
1.87174829239 -5.22166277218
358.737214516 -2.43074922937
355.80528513 0.565373056542
353.072573216 3.74553993715
350.534340916 7.08999211867
348.185446925 10.5804585035
346.02119136 14.2001426346
344.038094556 17.9336380319
342.234667229 21.7667915501
340.612250577 25.6865264356
339.176033382 29.6806287391
337.93639902 33.7374915511
336.910834072 37.8457995232
336.126770161 41.994118041
335.625984472 46.1703206973
335.471656824 50.3607319954
335.760083612 54.5487505805
336.640811017 58.7124864906
338.352403744 62.8204406566
341.28746609 66.8231109751
346.10920007 70.6358103148
353.930768002 74.1027708586
6.38935566991 76.9291114769
24.6268051554 78.614297983
35.2035387028 81.9780383237
63.6937477763 80.767846433
81.3680370668 77.8069186697
90.7906002251 74.047962613
95.8629953817 69.9430115126
98.6182517887 65.6764672273
100.035785638 61.3314319306
100.615194931 56.9509075258
100.629760703 52.5603523035
100.238058289 48.1768727009
99.5362551794 43.8133870073
98.5843466544 39.4807051049
97.420155687 35.1886681683
96.0672140069 30.9468345046
94.5394091693 26.7649349157
92.8438420458 22.653207098
90.982659644 18.6226653711
88.9542914843 14.6853350697
86.7543443511 10.8544657505
84.3763185162 7.14472739196
81.812259293 3.57238577692
79.0534307559 0.155445548733
76.0910818262 -3.08625876464
72.9173603648 -6.13105225782
69.5264111858 -8.95552679513
65.9156622178 -11.534809415
62.0872539614 -13.8430367217
58.0494997361 -15.8540711934
53.8181855064 -17.542471926
49.417448751 -18.8846917333
44.8799490043 -19.8604176259
40.2460944211 -20.4539137415
35.5622375608 -20.6551840102
30.8779780639 -20.4607673912
26.2429419664 -19.8740236559
21.7035566507 -18.9048560533
17.3003417113 -17.5689229241
13.0660887458 -15.8864791986
9.02507161937 -13.8810346438
5.19320350869 -11.5780119888
1.57890667983 -9.00354670256
358.184407751 -6.18351232446
355.007197039 -3.14280019172
352.041459519 0.0951584609231
349.279363681 3.50866372538
346.712162477 7.07785625853
344.331109943 10.7847082307
342.128228977 14.6129332253
340.096985626 18.5478437362
338.232939793 22.5761761109
336.534458764 26.68589458
335.003606683 30.865978321
333.647371714 35.1061875355
332.479483203 39.3967946157
331.523242311 43.728251456
330.816121666 48.0907373459
330.417559189 52.473479436
330.422789196 56.8636257219
330.988731595 61.2441923033
332.385530618 65.5899615809
335.106392333 69.8584458054
340.116813418 73.9677600598
349.41975814 77.7366873531
6.8795690505 80.7213309353
59.4344371343 84.4717094004
87.6661709365 81.3767249023
98.5816397217 77.2610926489
103.266948584 72.8517886087
105.368744292 68.336389632
106.182680295 63.7798393434
106.259193688 59.2115593808
105.865798365 54.6481409084
105.14528129 50.1008413351
104.178744346 45.5785561109
103.0138822 41.089184345
101.678884558 36.6403467934
100.189781288 32.2398185254
98.5545530759 27.8958293589
96.77554424 23.6173028788
94.8509420946 19.4140691723
92.7757298788 15.297069296
90.542346519 11.2785600579
88.141199577 7.37232125075
85.5611345191 3.59386169554
82.7899430769 -0.0393859834628
79.8149846054 -3.5078998685
76.6239891821 -6.78996039969
73.2061024059 -9.86163854491
69.553211142 -12.6969317256
65.6615475308 -15.2681078915
61.5334975171 -17.546319329
57.1794389507 -19.5025337807
52.6193172513 -21.1087938909
47.8835706342 -22.3397535751
43.0129992265 -23.1743583179
38.0572893012 -23.5974565496
33.072170592 -23.6010836397
28.1155397458 -23.1851793931
23.2431934519 -22.3575937092
18.5049399741 -21.1333792042
13.941736385 -19.5335141689
9.58419027442 -17.5832940764
5.45240914478 -15.3106503759
1.55691184615 -12.7446105022
357.900197073 -9.91403344251
354.47857985 -6.8466734224
351.284002169 -3.56856147069
348.305641016 -0.103657656509
345.531238654 3.52628751592
342.948151562 7.3017230543
340.544156815 11.2051901881
338.308075603 15.2211574125
336.23028252 19.335825899
334.303174385 23.5369234318
332.521681056 27.8134970654
330.883920758 32.1557082474
329.392145027 36.5546283738
328.054204102 41.0020263353
326.88593491 45.4901302812
325.915225797 50.0113289392
325.189272048 54.5577427174
324.788290803 59.1205139923
324.85337238 63.6884608984
325.648441379 68.2451559562
327.71531992 72.7615805027
332.325313628 77.1739836175
343.042967204 81.2993368809
10.7493428379 84.4313703453
34.2392723194 87.8627461521
99.7919390865 84.8052835141
109.961594384 80.2479191739
112.640901759 75.5521891698
113.259059373 70.8275220477
113.019521078 66.1003204969
112.331123009 61.3820323638
111.367607321 56.6799079526
110.212984024 51.9998107786
108.910783044 47.347212101
107.483890613 42.7276392591
105.943567418 38.1469310775
104.293926004 33.611420509
102.534302067 29.1280923379
100.660570828 24.7047377857
98.6659046443 20.3501173093
96.5412263898 16.0741379199
94.2755020896 11.8880483444
91.8559646426 7.80465267446
89.26833822 3.83853983783
86.497126586 0.00632150799813
83.5260311096 -3.67313580837
80.3385707147 -7.17850849645
76.918980984 -10.4858803414
73.2534652652 -13.5687266452
69.3318456678 -16.3980875031
65.1496023054 -18.9430126757
60.7101828596 -21.1713612367
56.0273114509 -23.0510163204
51.1268532165 -24.5515176685
46.0476655098 -25.6460190497
40.8408851735 -26.3133587785
35.5673445942 -26.5399278008
30.2932675361 -26.3209836837
25.0849219237 -25.6611296244
20.003263832 -24.5738496722
15.0996100587 -23.0802057326
10.4130241242 -21.2069752446
5.9695751241 -18.9845809831
1.7831679722 -16.4451297618
357.857396465 -13.620773692
354.187848981 -10.5424886786
350.764420597 -7.23926866252
347.573357908 -3.73767588266
344.598916491 -0.0616641094297
341.824618087 3.7674077321
339.234154727 7.73064135804
336.812012447 11.8113974365
334.543891829 15.9950636188
332.416997698 20.2688164602
330.4202638 24.6213916241
328.544575645 29.0428698433
326.783060793 33.5244813665
325.131537724 38.0584282941
323.58926526 42.6377215291
322.160243852 47.2560260863
320.855557834 51.9075036036
319.697793104 56.5866305323
318.729921473 61.2879449952
318.034802367 66.0056045389
317.783464717 70.7324097565
318.377005898 75.4570592859
320.989086426 80.1537216228
330.850198102 84.7169708435
140.343745222 87.5315852663
128.611256705 82.7379029502
125.084345254 77.9008035664
122.739346433 73.0643163114
120.774271831 68.236223622
118.966175667 63.4211105167
117.225617224 58.6229909301
115.507370443 53.8458777141
113.78410968 49.0939954498
112.036661803 44.3719058503
110.249772797 39.6846114338
108.41002624 35.03765902
106.504703981 30.4372524486
104.521097678 25.8903800447
102.446053461 21.404960966
100.265648659 16.9900139347
97.9649552371 12.6558512576
95.5278755856 8.41430003309
92.9370574331 4.27895056955
90.173912924 0.26542871948
87.2187854597 -3.60831670593
84.0513277832 -7.32172898752
80.6511744587 -10.8513914496
76.9990063048 -14.1708565038
73.0781030789 -17.2506261612
68.8764467747 -20.0583780518
64.3893491886 -22.5595488288
59.62241502 -24.7183857024
54.594419 -26.4995387064
49.3394252279 -27.8701747941
43.9073288793 -28.8024492203
38.3621137688 -29.2760013749
32.7775937729 -29.2800194772
27.2311540461 -28.8144210407
21.7967185545 -27.8898623279
16.5384678106 -26.5265743839
11.5065421866 -24.7523086533
6.73525941832 -22.5998439452
2.24362465076 -20.1045114711
358.037431171 -17.3020733055
354.112131332 -14.2271214156
350.455802285 -10.9120180592
347.051780918 -7.386305924
343.880776064 -3.67647750898
340.922429637 0.194008315554
338.15638815 4.20455697389
335.562980678 8.33718683236
333.123600962 12.5762443433
330.820877112 16.908116364
328.638692704 21.3209573656
326.562103209 25.8044404763
324.577173085 30.349535724
322.670740663 34.9483154911
320.83009691 39.5937853056
319.042533523 44.2797370765
317.294660803 49.0006212826
315.571281005 53.7514339933
313.853334177 58.5276132472
312.113729984 63.3249355128
310.307776536 68.1393911044
308.347439768 72.9669745147
306.014497718 77.8031284061
302.531791232 82.6402144239
291.317305631 87.4368077462
216.380023462 86.6186660572
158.909337922 84.0716853718
141.792196755 79.646001479
134.273782374 74.9185329056
129.676232172 70.1102369631
126.298293568 65.2762681918
123.52822091 60.4381216509
121.092250789 55.607239947
118.847890904 50.7913840432
116.711861302 45.9968710562
114.630499031 41.2295331605
112.56603841 36.4952100088
110.489616883 31.8000536605
108.377415747 27.1507568752
106.208376823 22.5547548362
103.962763009 18.0204259597
101.621198686 13.557306704
99.1640039719 9.17632994593
96.5707313477 4.89009305213
93.8198701087 0.713158391877
90.8887248628 -3.33761564284
87.7535093876 -7.24272239776
84.3897311682 -10.9796543654
80.7729744817 -14.5225885673
76.8802143387 -17.8421727848
72.6917942496 -20.9055066955
68.1941506484 -23.6764453566
63.3832302488 -26.1163765809
58.268294717 -28.1856175684
52.8754528544 -29.8455114851
47.2499071323 -31.0611587048
41.4557628962 -31.8044980561
35.5725736441 -32.0572249711
29.6886683279 -31.8129126412
23.8924483442 -31.0777983501
18.2636671857 -29.8700205605
12.8667130727 -28.2175148228
7.7470995987 -26.1551028674
2.93122772278 -23.7214091711
358.428602333 -20.9561212009
354.235352675 -17.8978817777
350.338038898 -14.5828818037
346.717078845 -11.0440742762
343.34948449 -7.31086468761
340.210851239 -3.40912604389
337.27668152 0.638589451753
334.523175338 4.81273664227
331.927620358 9.09642491434
329.468489881 13.475065607
327.125324611 17.9360404267
324.878440114 22.4684003018
322.708466841 27.0625967071
320.595689082 31.7102427714
318.519092725 36.4038981021
316.454938333 41.1368678348
314.374500458 45.9030011408
312.240251723 50.6964638476
309.998957518 55.5114358453
307.56815392 60.3416243275
304.807040972 65.1793194081
301.445811868 70.0131984147
296.883714065 74.8221027661
289.459130823 79.552126206
272.704893011 83.9897122828
192.850515883 83.4895320692
162.62300447 80.4374212395
148.076753261 76.2175515105
139.886650751 71.622912168
134.437555164 66.882709616
130.353497332 62.0787580683
127.025956494 57.2476669787
124.1477507 52.4092156585
121.546488143 47.5759992319
119.116552189 42.7573013302
116.788056325 37.9608778426
114.511328485 33.1938886256
112.248546609 28.4634517447
109.968922511 23.777023675
107.645757717 19.1427017262
105.254540037 14.5694989012
102.771648715 10.0676201007
100.173438734 5.64875788331
97.4355871549 1.32641963702
94.5326548994 -2.88370723281
91.4378700531 -6.96335190017
88.1231862015 -10.8912280144
84.5597171217 -14.6425978308
80.7186966134 -18.1888812448
76.5731490535 -21.497392489
72.1004575082 -24.5313311908
67.2859380866 -27.2502014271
62.127313853 -29.6108639349
56.6395863291 -31.5694089221
50.8592656712 -33.0839261448
44.8464439836 -34.1180160064
38.6831558886 -34.644561148
32.4672249102 -34.6489884905
26.3023023409 -34.1311856397
20.2863906926 -33.1055164714
14.5018369016 -31.598931145
9.00910779827 -29.6477186544
3.84508175441 -27.293736408
359.025074166 -24.5808901796
354.547046049 -21.5523502636
350.396474998 -18.2486646727
346.55084071 -14.7066953891
342.983215377 -10.9591911028
339.664847415 -7.03479104406
336.566845034 -2.95828556479
333.661145998 1.24899398421
330.920959571 5.5687394731
328.320830168 9.98523343541
325.836424854 14.4849449743
323.444098988 19.0561638413
321.120247008 23.6886726171
318.840392838 28.3734504816
316.577904512 33.1023968219
314.302106466 37.8680566234
311.975362899 42.6633190227
309.548312185 47.4810394255
306.951600597 52.3134902738
304.080570333 57.1514402896
300.764672862 61.9823961722
296.700593438 66.7867950788
291.28889908 71.5285495288
283.17817435 76.1273383384
268.827554639 80.359237111
239.039437089 83.4511523137
215.873975746 81.3634503693
184.220975802 80.0299140612
163.635933794 76.7781572557
151.370307646 72.6596189437
143.428842756 68.1649018323
137.753898203 63.4912804993
133.355142854 58.7263165629
129.723190301 53.914380068
126.573868652 49.0809719781
123.736267154 44.242588829
121.100375533 39.4111777242
118.590775758 34.5963587286
116.152519578 29.8066458882
113.743079876 25.0501906238
111.327502571 20.3352900201
108.875327504 15.6707817486
106.35852911 11.0663920258
103.750070606 6.53307616753
101.022849553 2.08337739325
98.1489209256 -2.2681787487
95.0989570202 -6.50464365262
91.8419635501 -10.6061560359
88.3453305803 -14.5494133321
84.575361394 -18.307134426
80.4984897156 -21.8475764069
76.0834494047 -25.1342155915
71.3046604218 -28.1257652223
66.1469684034 -30.7767680545
60.611528543 -33.0390413644
54.7219984177 -34.8642098003
48.5293984 -36.2073708256
42.1134067316 -37.0315677527
35.5781205284 -37.312280734
29.0418724035 -37.040822562
22.6231135541 -36.2256231196
16.4262627244 -34.8909832018
10.5314376742 -33.0737046335
4.9901187419 -30.8186070917
359.826368733 -28.1740471699
355.041654789 -25.1882363268
350.62103503 -21.9066897422
346.539055981 -18.3707657792
342.764513394 -14.6170622836
339.263859379 -10.6773920108
336.003389653 -6.57909800531
332.950473926 -2.34553544819
330.074094106 2.00339116352
327.34490183 6.45069881601
324.734939506 10.9818354949
322.217104576 15.5842385773
319.764377358 20.246939673
317.348773027 24.960205355
314.939905489 29.7151965401
312.502943766 34.5036210731
309.99555948 39.3173403284
307.363125679 44.1478641848
304.53075469 48.9856142196
301.389343522 53.8187161552
297.769611238 58.6308063266
293.390498588 63.3966431278
287.749001725 68.0724097687
279.868793943 72.571857888
267.722894651 76.7011746123
247.355661676 79.9787397566
202.338908064 78.5368209022
179.491580125 76.4901132454
163.753730662 73.1128844773
153.19593211 69.0430137276
145.733799173 64.6169444424
140.105165842 59.998258841
135.603238454 55.2708349962
131.821643991 50.4815032842
128.514596849 45.6588623707
125.525123056 40.8220165846
122.747442129 35.9849293614
120.106395309 31.158758661
117.545653562 26.3532105622
115.02063083 21.5773945034
112.494018633 16.8404209125
109.932833038 12.151869519
107.306362583 7.52220202918
104.58467212 2.96316521297
101.737469758 -1.51178430512
98.7332405193 -5.88701122126
95.5386225815 -10.14417387
92.1180690442 -14.2616324969
88.4339123365 -18.2138040849
84.4470357719 -21.9705013604
80.1184528551 -25.4963379504
75.4121730327 -28.7503485583
70.2997262954 -31.6860614985
64.7665081452 -34.2523529188
58.8195380618 -36.3954572557
52.4952264047 -38.0624169699
45.8645587046 -39.2059262147
39.0324946641 -39.7899432981
32.1293804367 -39.7948149331
25.2951165484 -39.2203877266
18.6603411638 -38.0860338988
12.3305088569 -36.4275818523
6.37717168194 -34.2922115098
0.837262572693 -31.7328379743
355.718212477 -28.8032488574
351.005699362 -25.5546308719
346.671421045 -22.033538401
342.679468063 -18.281024077
338.990877086 -14.3325568819
335.566520528 -10.2183971422
332.368703399 -5.96418954879
329.361846931 -1.59162407595
326.512561088 2.88091805075
323.789312023 7.43777151586
321.161802916 12.0654581325
318.600112354 16.7522171278
316.073567333 21.4875798128
313.549256037 26.2619664531
310.989989893 31.0662742688
308.351373786 35.8914109156
305.577380138 40.7277005273
302.593331507 45.5640355641
299.29423502 50.386536934
295.524450614 55.1762460015
291.040546385 59.9048287852
285.440478657 64.5259669821
278.025612985 68.9568432055
267.548306341 73.0361911299
251.939977729 76.4324232442
229.233768431 78.5140994592
215.752669002 76.2968080445
193.937159238 75.3873621061
176.31588092 72.9177271709
163.496476434 69.4457691631
154.224411161 65.3965005396
147.267780916 61.0161439883
141.800409762 56.4401504642
137.308736407 51.7454244815
133.471564502 46.9782656098
130.081467665 42.1684812789
126.998962215 37.3366710307
124.126074654 32.4981652866
121.390772339 27.665278315
118.737489293 22.848682346
116.121138658 18.0583116141
113.503167216 13.3040141229
110.848833348 8.5960742398
108.125233838 3.94568087109
105.299801648 -0.634609374686
102.339117403 -5.13037842372
99.2079614448 -9.52479533679
95.8686052578 -13.7979879454
92.2804181691 -17.9263292778
88.3999607143 -21.8816503482
84.181857391 -25.630426838
79.5808809759 -29.1330485616
74.555794853 -32.3433756778
69.0754778984 -35.2089125656
63.127495199 -37.6720583304
56.7283295209 -39.6729364544
49.9328921445 -41.1541172226
42.8392518603 -42.0669830866
35.5842006869 -42.378598591
28.3278422205 -42.077163511
21.2304763967 -41.1741271848
14.4294161302 -39.7021370775
8.02341220096 -37.7096243667
2.06804687412 -35.253939596
356.580348669 -32.3949676124
351.548262431 -29.190375063
346.940892933 -25.6927523607
342.71711178 -21.9483421809
338.831721728 -17.9968526494
335.239331803 -13.871894545
331.896465307 -9.60170941521
328.762448331 -5.2099828416
325.799513169 -0.71663272704
322.972411524 3.86147567142
320.247710687 8.50989996312
317.592849997 13.2160680873
314.974957696 17.9687838447
312.359356403 22.7577636039
309.707601874 27.5731687834
306.974780154 32.4050850707
304.105593622 37.2428743277
301.02842646 42.0742774037
297.645961813 46.8840527026
293.819773605 51.651747109
289.344182672 56.3478037013
283.900939738 60.926371088
276.981440966 65.3113827932
267.767171831 69.3689949347
255.033744928 72.855925331
237.51488474 75.3511434576
206.021900973 73.6197170131
188.224427353 72.0785956191
173.932769211 69.327203222
163.067601731 65.7776914368
154.788987295 61.7333601558
148.303651119 57.3827984898
143.041447819 52.8391564475
138.620109266 48.1717184365
134.784418805 43.4247599078
131.360443626 38.6280925722
128.225907519 33.8029861471
125.291652339 28.9655978558
122.489979035 24.1290481101
119.767153497 19.3047481196
117.078436623 14.5033097531
114.384658367 9.73522516811
111.649745498 5.01142863177
108.83884372 0.343812993308
105.916816363 -4.25424811814
102.846996382 -8.76733294424
99.5901429699 -13.1773269831
96.1036289606 -17.4626763549
92.3409780702 -21.5975268782
88.2519986873 -25.5507615418
83.7839338493 -29.2849973502
78.8842534615 -32.7556885397
73.5058833544 -35.910620038
67.6156070746 -38.690259014
61.2057414541 -41.0296092152
54.3075788367 -42.8622339633
47.0025437617 -44.1267361558
39.4248052025 -44.7750257006
31.7498528215 -44.7803966366
24.1691124848 -44.1426377781
16.8585578575 -42.888075739
9.95314852158 -41.0645314936
3.53516220611 -38.7332674384
357.636617917 -35.96070375
352.250348946 -32.8119013867
347.34344792 -29.3465007317
342.868988226 -25.6168379564
338.774480129 -21.6675753276
335.007145467 -17.5361986077
331.516742364 -13.2539105658
328.256736116 -8.8466341076
325.184445625 -4.33597627671
322.260588182 0.259908882648
319.448471711 4.92557183533
316.71295535 9.64762145006
314.019205913 14.4141566791
311.331202861 19.2142440381
308.609870065 24.0374016425
305.810618812 28.8730390434
302.879946236 33.7097809926
299.750504865 38.5345638013
296.333673153 43.3313188229
292.508003401 48.0789166437
288.100858844 52.7477738007
282.859062142 57.2939981232
276.403490503 61.6489674761
268.168394505 65.7006876833
257.364550929 69.2624950145
243.147845431 72.0336758336
225.410279004 73.6033007075
215.697285037 71.3636114882
198.866806449 70.6644394266
184.043133145 68.6794347971
172.024067689 65.7241744629
162.562297761 62.1086254333
155.071902331 58.060324715
149.009177056 53.728681737
143.963466097 49.2093022046
139.643253015 44.5642345105
135.84351707 39.8350844601
132.418107736 35.0509528437
129.260221625 30.2332095515
126.289296123 25.3984244924
123.442269306 20.5602326897
120.667667767 15.7305812109
117.92149658 10.9206189895
115.164271218 6.14138702073
112.358769115 1.40440922405
109.468230708 -3.27774702217
106.454840602 -7.89088835938
103.278394396 -12.4185473167
99.8951258598 -16.8412302267
96.2567518181 -21.1355292668
92.3099098616 -25.2730805952
87.9963406424 -29.2193822032
83.2544194951 -32.932550848
78.022953815 -36.3622198679
72.2484130095 -39.4489798447
65.8966158891 -42.1250336028
58.9687567948 -44.3169774902
51.518885575 -45.9515696659
43.6659527668 -46.9646082935
35.5910882176 -47.3114422497
27.5144150115 -46.9758434093
19.6563892743 -45.9735559992
12.198999827 -44.3488523981
5.2622620517 -42.1657177175
358.901194097 -39.4973351086
353.117700417 -36.4171647253
347.878029972 -32.9931239328
343.128857983 -29.284764753
338.809048518 -25.3425930081
334.85694894 -21.2086147284
331.214232623 -16.9174338048
327.827458844 -12.4974950679
324.648271311 -7.97226845953
321.632844747 -3.36129349723
318.740934717 1.31893031183
315.934708189 6.05418941098
313.177413795 10.8319067173
310.431867777 15.6405584874
307.658662424 20.4691140395
304.813929344 25.3064462673
301.84638978 30.1406444093
298.693273498 34.9581296305
295.274451968 39.7424174687
291.483768985 44.4722688482
287.176041822 49.1187869506
282.147689462 53.6406911323
276.109271177 57.9764608486
268.652826039 62.0313483129
259.237042778 65.6572788144
247.27442357 68.6284806945
232.504316696 70.636278689
207.998486037 68.7771429237
193.432476804 67.533347095
180.813142742 65.2226052096
170.433521418 62.1112267352
162.03083679 58.4383153663
155.180696416 54.3810724435
149.49240859 50.0609926073
144.659678601 45.5597884163
140.455150129 40.9329980819
136.711984512 36.2193643227
133.30660974 31.4468802903
130.145575187 26.6366391676
127.156162875 21.8053194693
124.279782422 16.9668393823
121.467279781 12.1335097741
118.675517422 7.31689050815
115.864779958 2.52848116799
112.996701291 -2.21966480663
110.032508027 -6.91433671516
106.93144553 -11.5405197609
103.649314099 -16.080655691
100.137110864 -20.5137642387
96.3398701268 -24.8143834077
92.195950785 -28.9513018887
87.6372714714 -32.8860974386
82.5913732387 -36.5715859611
76.9866699831 -39.9504634532
70.7626207995 -42.9547209497
63.886231047 -45.5068120888
56.3741781963 -47.5238695784
48.3150480692 -48.9260289904
39.8800696564 -49.6485026557
31.3092848503 -49.6544546651
22.8701263098 -48.9435894136
14.8034610176 -47.5522254793
7.28180293783 -45.5448157311
0.395022562158 -43.0010969596
354.160783202 -40.0039721878
348.546699288 -36.6311188478
343.492523664 -32.9507137056
338.926753008 -29.0202278147
334.776892775 -24.8869928943
330.974772137 -20.5895529527
327.45864568 -16.1592152523
324.173449819 -11.6215147253
321.070100858 -6.99748506951
318.104340382 -2.30472172743
315.235379795 2.44173693276
312.424438755 7.22866841703
309.63317444 12.0440182694
306.821930244 16.8762965865
303.947671528 21.7139648959
300.96140479 26.5447478905
297.804778732 31.3547816547
294.405424595 36.1274684004
290.670397929 40.8418349952
286.476856204 45.4700688623
281.65899766 49.9737029723
275.990883488 54.2976246422
269.167960403 58.360775537
260.801050254 62.0426273085
250.465176333 65.1672355291
237.890944973 67.4966040597
223.355768394 68.7641543149
215.665043385 66.5195150256
201.860894657 65.9469293999
189.171438866 64.2845043406
178.219858881 61.7253927982
169.075513664 58.4897224487
161.502328194 54.7665030048
155.182916629 50.6977637556
149.825959603 46.3843641003
145.196307572 41.8968891977
141.113019393 37.2851514337
137.43851102 32.5850669026
134.067437921 27.8233224683
130.917643632 23.0204941819
127.923323701 18.1931513524
125.029968967 13.3553157677
122.190597105 8.51951974225
119.362866663 3.69762365524
116.506767778 -1.09849752566
113.582665842 -5.85631903177
110.549536779 -10.5620184304
107.363283392 -15.1997576422
103.975074026 -19.7508380655
100.329716301 -24.1926704825
96.364198816 -28.497503274
92.0067473873 -32.6308687772
87.1771115904 -36.5497601076
81.7893793722 -40.2006786631
75.7593740968 -43.5179549374
69.0192481661 -46.4231979269
61.5411471819 -48.8273273969
53.3678283204 -50.6370325889
44.6397078725 -51.7668232736
35.5991707443 -52.1551755275
26.5560659348 -51.7793029471
17.8208293567 -50.6613116792
9.63730425806 -48.8622264314
2.14758936537 -46.4673003198
355.395820384 -43.5698374518
349.355020285 -40.259055044
343.957770569 -36.6135410852
339.120019713 -32.6991667696
334.755812014 -28.5696094978
330.78477843 -24.2680226963
327.13500623 -19.828988378
323.743354008 -15.2803442065
320.55452094 -10.6447419132
317.519593566 -5.94092344362
314.594421201 -1.18475452754
311.737955449 3.60992796281
308.91056807 8.43059653892
306.072289506 13.2653847398
303.180858423 18.1024525156
300.189422045 22.9293016261
297.043664982 27.7319618064
293.678062629 32.493939007
290.010855451 37.1947663578
285.937254128 41.8079162588
281.320435195 46.2977070859
275.980454131 50.6146736451
269.683335205 54.6887412844
262.138767404 58.4197744026
253.02918383 61.6666701812
242.115036082 64.241317976
229.456712663 65.9237925796
209.251429813 63.9890574116
196.902819174 62.9420079698
185.738988257 60.9521863042
176.080271644 58.1977742736
167.89939207 54.86049414
160.995020044 51.0930120909
155.123348217 47.0117817941
150.060608845 42.7019477436
145.621849911 38.2250693004
141.660444305 33.6259665807
138.061453345 28.9378744858
134.734248313 24.1860943599
131.60613422 19.3905374754
128.617278492 14.5675100528
125.716772881 9.73099912641
122.859551234 4.89364108249
120.003901616 0.0675001964457
117.109356233 -4.73525014918
114.134786474 -9.50167066781
111.036567554 -14.2173598409
107.766712257 -18.8656550423
104.270918747 -23.4266633632
100.486556364 -27.8760472045
96.3407675818 -32.18348677
91.7491651862 -36.3107581009
86.6161578218 -40.2094338655
80.8388526524 -43.818397536
74.3177043438 -47.0617587769
66.9779139216 -49.8484614429
58.8039132497 -52.0757828628
49.8815503144 -53.6393251739
40.4279709462 -54.4504320924
30.7789096802 -54.4570863404
21.3193390394 -53.6588632358
12.3864604558 -52.1070628266
4.19956250603 -49.889935169
356.846426385 -47.1117924659
350.312769206 -43.8754891479
344.524433734 -40.2723113292
339.382069392 -36.378394453
334.782732137 -32.2550735166
330.630673121 -27.9509536566
326.841320846 -23.5043960086
323.341645679 -18.9458223745
320.068873207 -14.2996437398
316.968591147 -9.58580363588
313.992735419 -4.8209971552
311.097637025 -0.0196434306342
308.242155418 4.80531339011
305.385844307 9.64170683728
302.487050129 14.4774914591
299.500808341 19.3000629831
296.376365687 24.0954827049
293.054112863 28.8475139725
289.461666863 33.5363443323
285.508825284 38.1368128408
281.081216318 42.615885
276.03293088 46.9290273043
270.179835499 51.0150866719
263.298861572 54.789475831
255.146187653 58.1364437442
245.518573524 60.9040444924
234.383484567 62.9109158867
222.052844335 63.9782592066
215.643598244 61.7266067442
203.899129114 61.2398175287
192.837689413 59.8081662064
182.914323889 57.557615061
174.281655133 54.6459594026
166.87357336 51.2241455768
160.521273799 47.4177826349
155.033208519 43.3241186274
150.233264607 39.0160321039
145.97295422 34.5476683109
142.13152722 29.9595023088
138.611773373 25.2822775002
135.334986695 20.5399001678
132.236367381 15.751530495
129.261179462 10.9331033515
126.361618281 6.09846361532
123.494229338 1.26025362576
120.617702894 -3.56934466359
117.690881586 -8.37793258284
114.670836681 -13.1522139322
111.510886476 -17.8772441436
108.158451935 -22.5355377982
104.552684472 -27.105951094
100.621890557 -31.5622404428
96.2809805892 -35.8711873676
91.4296023488 -39.9901944775
85.9524707426 -43.8643474679
79.7248851503 -47.42320672
72.6284482286 -50.5782093672
64.5832221606 -53.2226849001
55.5987678088 -55.2378702551
45.8312532806 -56.5084993688
35.609045721 -56.9477154075
25.3830571752 -56.5225053578
15.6052929142 -55.2648978542
6.60670097056 -53.2610909325
358.546147571 -50.6261248237
351.435106093 -47.4788662685
345.194622104 -43.9262511311
339.706609668 -40.057142319
334.846311886 -35.9422492097
330.498233295 -31.6367039418
326.561775132 -27.1832697226
322.951619618 -22.6152865972
319.595883759 -17.9590845644
316.433572618 -13.2358666011
313.41200208 -8.46315617761
310.484423298 -3.655919149
307.60787563 1.17254091661
304.741203987 6.0098303555
301.843136159 10.8437842359
298.870294024 15.6617900988
295.774994676 20.4500480197
292.502679095 25.1926870997
288.9887929 29.8706364054
285.154959778 34.4601136088
280.904397679 38.9305475895
276.116884304 43.241702508
270.64451841 47.3397619748
264.311686996 51.1522861929
256.926894346 54.5825727201
248.320243227 57.5055903137
238.422459054 59.7707812599
227.380606325 61.2201544745
210.131762626 59.2269056451
199.409836848 58.3214376109
189.458710081 56.5761417
180.552232191 54.1145625268
172.751405827 51.0740838852
165.977737229 47.5811979499
160.090182014 43.740888004
154.935360939 39.6355925621
150.371828347 35.3284155523
146.278254127 30.8673380322
142.553758359 26.2890458761
139.115170649 21.6219909876
135.893497688 16.8887137711
132.830524874 12.1075764272
129.875834711 7.29406568268
126.98425083 2.46179894891
124.113612859 -2.37666002052
121.222754746 -7.20909140989
118.269551993 -12.0229439107
115.208902589 -16.8046262374
111.990507103 -21.5386941026
108.55632036 -26.2068484191
104.837579092 -30.7866391569
100.751411672 -35.2497414561
96.1973056109 -39.5596458065
91.0543423017 -43.6686121345
85.1814490761 -47.5138563627
78.4253827023 -51.0133406757
70.644615967 -54.0625276524
61.7590038145 -56.5353011615
51.8263345074 -58.2943584845
41.1162033496 -59.2156702147
30.1124884276 -59.2232107826
19.3934156645 -58.3163460734
9.44563062256 -56.5700841366
0.542423866623 -54.10798845
352.744467219 -51.0673922481
345.973161491 -47.5747105502
340.087490808 -43.7348508963
334.934157248 -39.630188404
330.371804092 -35.3237771336
326.279179471 -30.8635593864
322.555466586 -26.2861904084
319.117544222 -21.6200971048
315.896457155 -16.887798678
312.834020664 -12.1076386506
309.879841403 -7.29508672962
306.9887634 -2.46374436694
304.118644505 2.37384001563
301.228335994 7.20546165066
298.275730897 12.0185843098
295.215745889 16.7996321541
291.998102214 21.5331771056
288.564778007 26.2009375469
284.847036129 30.7804827999
280.762033051 35.2435099811
276.209283243 39.5535349325
271.067886222 43.6628467323
265.19676236 47.5086934909
258.442606535 51.0090688537
250.663729503 54.0594562458
241.779679032 56.5337303395
231.847800527 58.2945216331
221.137255038 59.2176565301
215.62805126 56.9503952603
205.400019316 56.5266230806
195.619531235 55.2701198946
186.617999999 53.2670191447
178.554665242 50.6323683621
171.441199288 47.4850849478
165.198700449 43.9321697994
159.709052461 40.0625479513
154.847435393 35.9469814653
150.498286088 31.6406451256
146.560945292 27.1863364148
142.950045147 22.6174233615
139.593662433 17.9602594545
136.430770008 13.2360680352
133.408657549 8.46239079887
130.480554157 3.65421038589
127.603479731 -1.17515378205
124.736260968 -6.01329272649
121.837607504 -10.848026399
118.864122018 -15.6667270792
115.768100273 -20.4555790422
112.494958744 -25.1986945517
108.980114441 -29.8769841442
105.14515787 -34.4666444101
100.893270041 -38.9370795204
96.1041918723 -43.2480241226
90.6299962812 -47.3456266895
84.2950797539 -51.1574074791
76.9080384367 -54.5866246764
68.2992213881 -57.5082234167
58.3998176345 -59.7716683841
47.3575159645 -61.2190766832
35.6217143124 -61.7235550261
23.8800473624 -61.2350407767
12.8223526834 -59.8021110797
2.90285945947 -57.550796413
354.273637328 -54.6388500152
346.868371644 -51.217126923
340.518275531 -47.411141996
335.031907619 -43.3180652366
330.233274614 -39.0107157105
325.973992096 -34.543194188
322.133391003 -29.9559418988
318.614322242 -25.2796755369
315.338125564 -20.5382793158
312.24003575 -15.7508943351
309.265343703 -10.9334382854
306.366266506 -6.09974006057
303.499368211 -1.26242672654
300.623355912 3.56633468123
297.697088516 8.37416035217
294.677653909 13.1477691741
291.518388093 17.8722322122
288.166731303 22.5300806011
284.56185585 27.1001884634
280.632089957 31.5563320128
276.292364202 35.8653149243
271.442339397 39.9845644949
265.966725244 43.859192958
259.740778136 47.418786366
252.645990738 50.574799979
244.602216804 53.2205610261
235.618704091 55.2372648065
225.851269559 56.5095466028
210.795988682 54.460260142
201.334308188 53.6632171611
192.398915314 52.1122663627
184.209444758 49.8956279426
176.853924464 47.1176342882
170.318191894 43.88118718
164.528114279 40.2776278211
159.384312447 36.3831435576
154.783792781 32.2591140462
150.63075384 27.9541815219
146.840576433 23.5067378194
143.340190474 18.9472305093
140.066788096 14.3000927241
136.965929333 9.58528755173
133.989526732 4.81952782042
131.093890802 0.0172491492625
128.23786208 -4.80858863988
125.380975726 -9.64580385067
122.481558814 -14.4823359067
119.494625411 -19.3055651331
116.369397542 -24.1015366753
113.046236426 -28.853996356
109.452723411 -33.5431119579
105.498613248 -38.1436993508
101.069484599 -42.6226958664
96.0193769838 -46.9355330119
90.1641189532 -51.0210144006
83.2806550346 -54.7945019321
75.1253050409 -58.1401941918
65.4952168531 -60.9061196218
54.3585721525 -62.91096377
42.0281539776 -63.9761046949
29.2291471777 -63.9848251389
16.8845981643 -62.9361231931
5.72536298414 -60.9452297774
356.070852475 -58.1903119905
347.893393289 -54.8529860454
340.991642282 -51.0857985287
335.121934044 -47.0051044655
330.06066616 -42.695975741
325.623026718 -38.2199198006
321.662494884 -33.6217190057
318.064209273 -28.9345796051
314.737596885 -24.1837799887
311.610003301 -19.389212007
308.621626241 -14.5671646369
305.72158096 -9.73160899894
302.864820476 -4.89516634889
300.009649464 -0.0698862411963
297.115615455 4.73207253651
294.141604841 9.49778541607
291.044008202 14.2128659744
287.774854471 18.8606673399
284.279858764 23.4213133387
280.496407524 27.8704844265
276.351658592 32.1778804685
271.761234314 36.305298814
266.629539351 40.2043344798
260.853650184 43.8138923088
254.333944728 47.0580977043
246.995479308 49.8458958989
238.822463064 52.0745380582
229.90047242 53.6395585243
220.446423705 54.4521865738
215.616064457 52.1574627867
206.571401246 51.7827921682
197.834106518 50.665744899
189.648301679 48.8672894787
182.156334906 46.4726703995
175.402504667 43.5752175164
169.359907009 40.2641909803
163.961132656 36.6182258376
159.122104479 32.703237377
154.75682724 28.5729415133
150.784890288 24.2705244204
147.134342597 19.8305959024
143.742009516 15.2810175053
140.552561927 10.6444618964
137.517062167 5.93968979245
134.591338328 1.18258413717
131.734322607 -3.6130020703
128.906368021 -8.43452591759
126.067485762 -13.270105877
123.175393481 -18.1078868306
120.1832142 -22.9353550412
117.036603457 -27.7385237541
113.670000693 -32.5008806463
110.001601279 -37.2019376529
105.926559592 -41.8151414228
101.307984309 -46.3047777513
95.9658570972 -50.6213391615
89.6661443638 -54.6946963273
82.1185534629 -58.4246471382
73.0057440393 -61.6700227705
62.0888053399 -64.2426878727
49.4292544806 -65.9228143276
35.6390232736 -66.5161125446
21.8389746568 -65.9414346599
9.15493857929 -64.2775472705
358.208578767 -61.7176557706
349.068482384 -58.4817716296
341.49847927 -54.7587495046
335.181375685 -50.6904901486
329.826088331 -46.3777619223
325.197662894 -41.8910882032
321.115300663 -37.2802387729
317.441516993 -32.5810988759
314.071036132 -27.8203315518
310.921749731 -23.0184931977
307.927887838 -18.1921359394
305.034966958 -13.3552658375
302.196024803 -8.5204003163
299.368736497 -3.69938530728
296.513106796 1.09591850222
293.589514792 5.85300067459
290.5569499 10.5580533609
287.371328607 15.1952535272
283.98383317 19.7459183024
280.339284827 24.1874751041
276.374684046 28.4921900117
272.018263752 32.6256140765
267.189770375 36.5447596078
261.80326941 40.1961461395
255.774529321 43.5141179071
249.035599873 46.4202871688
241.558466544 48.8255572119
233.385680471 50.6365702914
224.657456016 51.7677519769
211.324699874 49.6571105533
202.883922259 48.9472375832
194.815313516 47.556606057
187.291606971 45.5496371151
180.402849989 43.0060713831
174.166813505 40.0088392888
168.55115629 36.6356567011
163.495632278 32.9547409791
158.928715759 29.023601205
154.777880257 24.8896028094
150.974921464 20.5913190639
147.458062698 16.1600826111
144.172212587 11.6214506298
141.068263097 6.99647664214
138.101934277 2.30277409043
135.232417902 -2.44460200032
132.420914902 -7.23241342882
129.62906353 -12.0485906389
126.817186847 -16.8816288982
123.942227048 -21.7199747979
120.955162866 -26.5513375009
117.797608371 -31.3618362906
114.397150372 -36.1348543108
110.66078652 -40.8493955957
106.465598936 -45.4776187091
101.64569068 -49.9810184008
95.9750135618 -54.3044298534
89.1489222968 -58.3667238481
80.7782644809 -62.0472821793
70.4384458888 -65.1700716817
57.8611724716 -67.4970811632
43.3256475499 -68.7619268796
27.9718546947 -68.7723321076
13.4120688803 -67.5265745215
0.799319216342 -65.2146914097
350.425120672 -62.1028858624
342.026397742 -58.4300569112
335.179021261 -54.3732322752
329.492650269 -50.0537887969
324.661271252 -45.5533638999
320.457723508 -40.9274471734
316.71529841 -36.2147480513
313.310509853 -31.4432350769
310.14996473 -26.6339817164
307.160984589 -21.8036495314
304.285007226 -16.9661413133
301.472899644 -12.1337533957
298.681540967 -7.31803155434
295.871229844 -2.53046146548
293.003612778 2.21691734834
290.039928305 6.91090827165
286.939433469 11.5365109104
283.657940079 16.0761818804
280.1464562 20.5089563809
276.350025381 24.809388548
272.207011834 28.946283769
267.649331612 32.8812365867
262.604508934 36.5670785813
257.000917528 39.9465178633
250.777942202 42.9515496745
243.902471732 45.5046173532
236.391028227 47.5228207187
228.332030289 48.9262334014
219.896581436 49.6499773949
215.606373971 47.3133159557
207.528473567 46.978718023
199.668847793 45.9772273445
192.209658053 44.3530689286
185.271086794 42.1702125578
178.908276687 39.501852183
173.12320365 36.4214750183
167.882143349 32.9970327043
163.131767876 29.2881126335
158.810921952 25.3452538645
154.857926839 21.2104923093
151.214428552 16.9184582754
147.826960424 12.4976199325
144.647142557 7.97146802124
141.631128381 3.35956084414
138.738653961 -1.32158486186
135.931867782 -6.05773948031
133.17400007 -10.8363107061
130.42784763 -15.6457601
127.653980954 -20.4750424793
124.808505778 -25.3130160271
121.840111135 -30.1477545089
118.685985098 -34.9656620424
115.265943587 -39.7502342963
111.473755013 -44.4802075378
107.164133909 -49.1266523711
102.133362287 -53.6482427215
96.0918313918 -57.9833924269
88.6314263959 -62.0372590392
79.2108715213 -65.6616417502
67.2433577932 -68.6306462383
52.47023691 -70.6356161604
35.6648359125 -71.3598805667
18.8409799168 -70.6581141412
4.02570371583 -68.6714743409
352.013791532 -65.715504158
342.557110031 -62.0998984654
335.070099007 -58.0519494126
329.009601781 -53.7209081616
323.965383854 -49.2022868126
319.646204843 -44.5580776946
315.847217018 -39.8298507559
312.422378143 -35.0466816149
309.264953853 -30.2299206543
306.294426828 -25.3961212942
303.447766026 -20.5589036772
300.673520107 -15.7302008307
297.927710836 -10.92114806
295.170867144 -6.14277289215
292.365778045 -1.40658577782
289.475694525 3.27485949273
286.462811169 7.88738336797
283.286933109 12.4145324914
279.904302917 16.8368276832
276.266644628 21.1308759855
272.320599779 25.2683286637
268.007906795 29.2146986341
263.26692808 32.9281164422
258.036440996 36.3582262309
252.262860156 39.4456232351
245.911918324 42.1225040038
238.984692593 44.3154416476
231.53509853 45.9511485693
223.681968352 46.9653530231
211.76397162 44.7825297077
204.181954865 44.1455967046
196.869866646 42.8916529117
189.962808339 41.0684894094
183.543182405 38.7373639177
177.64309537 35.9647110224
172.255428198 32.8156174389
167.347289304 29.3497541339
162.871746922 25.619488398
158.776294674 21.6695118832
155.008132818 17.5373371178
151.516996803 13.2541909119
148.256330067 8.84601774493
145.183431142 4.33444414972
142.25899839 -0.262358036503
139.446321781 -4.92892282973
136.710242754 -9.65184368435
134.015909748 -14.4192048893
131.327281988 -19.2200587621
128.605259707 -24.0439093551
125.805225041 -28.8801518597
122.873637465 -33.7173957476
119.743098933 -38.5425601671
116.324917823 -43.3395558813
112.497547038 -48.0872268967
108.088207127 -52.75595285
102.843518097 -57.3017869938
96.3840881644 -61.6560228946
88.1438942021 -65.7065356327
77.3337587111 -69.2664760503
63.1109160782 -72.0349561068
45.3712346243 -73.6011676518
25.9884848398 -73.614232439
8.20164378474 -72.070775706
353.919810417 -69.3182760559
343.061447832 -65.7685330316
334.787091353 -61.724482512
328.304377571 -57.3744909382
323.043823439 -52.8315885918
318.623562209 -48.1649947891
314.78861101 -43.4189466894
311.365174205 -38.6232307372
308.231058173 -33.7990977786
305.297156241 -28.9626893345
302.495802793 -24.1271116797
299.773286527 -19.3037626373
297.08488482 -14.5032410176
294.391440335 -9.73602602161
291.656890337 -5.01303893555
288.84638974 -0.346159524116
285.924810312 4.25125182701
282.855492831 8.76378680108
279.599203512 13.1733445499
276.113320754 17.4583850177
272.351371109 21.5930678609
268.263160928 25.5462895381
263.795923048 29.2806793794
258.897104439 32.7517013821
253.519589765 35.9071453135
247.630098177 38.6874747494
241.220857586 41.0276769016
234.323054143 42.8612810806
227.018008828 44.1268362717
219.439820463 44.7761810474
215.598229666 42.3800369896
208.340882154 42.0794266802
201.242246024 41.1770512116
194.43974407 39.7055187426
188.032239485 37.7132430312
182.075406661 35.2575766653
176.586335722 32.3984205033
171.553003447 29.1934652452
166.944523615 25.6953286729
162.719761864 21.9502810834
158.833506661 17.9980568369
155.240348996 13.8722908914
151.896793134 9.60124680882
148.762146493 5.20863018346
145.798623535 0.714377195504
142.970958884 -3.86463007141
140.245703058 -8.51393358234
137.590278218 -13.2209465662
134.971794045 -17.9744588052
132.355551896 -22.7641730781
129.703081734 -27.5802373165
126.969436624 -32.4127233692
124.099274796 -37.2509782165
121.020918893 -42.08272567
117.636963188 -46.8927030635
113.808849287 -51.6604288949
109.330696447 -56.3563045975
103.883946768 -60.9344128709
96.959544893 -65.3185768657
87.7384517447 -69.3747649621
74.9963247159 -72.8594053878
57.4698401099 -75.3512146262
35.7088807143 -76.2927739106
13.9059632531 -75.3799818584
356.29884372 -72.908636383
343.489048918 -69.4362156455
334.222523714 -65.3871545509
327.269013889 -61.0073436226
321.803448007 -56.4320763891
317.312867254 -51.7381818967
313.476394765 -46.9719197741
310.08677729 -42.1630729861
307.004628525 -37.3322234932
304.132032133 -32.4946872305
301.396990627 -27.6627653488
298.743960804 -22.8471175228
296.12787148 -18.0576656124
293.51018099 -13.3042452485
290.856156877 -8.5971283447
288.13290369 -3.94749123626
285.307861301 0.632122170746
282.347616576 5.12730663313
279.216955303 9.52124414305
275.878153118 13.7940754883
272.29058123 17.9221865071
268.410798177 21.8774205322
264.193420163 25.6262644275
259.593202065 29.1291169409
254.568875771 32.3398431278
249.089271276 35.2059456084
243.141885735 37.6698116841
236.74311848 39.6715393881
229.947793713 41.1536574101
222.853910027 42.0674909851
212.14247031 39.7964146121
205.307180289 39.2226632749
198.671176169 38.0888179801
192.34000543 36.4306804972
186.38530731 34.2954220003
180.844082447 31.7359637346
175.723805303 28.8061097456
171.010175304 25.5570689842
166.674895063 22.0354204211
162.682049018 18.2822413948
158.99266156 14.3330244958
155.567589897 10.2180520363
152.369122871 5.96298895432
149.361665572 1.58954382364
146.51181216 -2.88388499874
143.788013194 -7.4416163307
141.159956018 -12.070157182
138.597702399 -16.7577328435
136.070560473 -21.4938613529
133.545596032 -26.2689501278
130.985592374 -31.0738836522
128.346117194 -35.8995564942
125.571091362 -40.7362786133
122.585762827 -45.5729259677
119.285026141 -50.3955984398
115.513064404 -55.1853077626
111.026157239 -59.9136737425
105.421777548 -64.5342989337
98.0004914196 -68.9642194265
87.5135524322 -73.0418869006
71.8923573321 -76.4352232573
49.177562795 -78.5124315984
22.2936720306 -78.5304228901
359.467765223 -76.4809943366
343.744583065 -73.1029688574
333.194306221 -69.0332352526
325.73590322 -64.6077012361
320.10919029 -59.9897366082
315.608306206 -55.2631337767
311.827314624 -50.4746836852
308.520643819 -45.65296292
305.531430375 -40.8170604636
302.753954105 -35.9809270171
300.113090945 -31.1557087454
297.552532988 -26.3511001772
295.027707914 -21.5761991624
292.50131687 -16.8401043987
289.940383258 -12.1523837186
287.314201647 -7.52348677539
284.592842139 -2.9651481573
281.746017492 1.50918778128
278.742216677 5.88389803377
275.548080722 10.1406531568
272.128063721 14.2578253634
268.444496006 18.2098430328
264.458253903 21.966529174
260.13033661 25.4925056924
255.424729025 28.746812187
250.312923489 31.6829765029
244.780263141 34.2498663888
238.833701981 36.3936971296
232.509578776 38.0614790124
225.878814737 39.2058605667
219.046329909 39.7907437656
215.591149854 37.3132606434
209.054091314 37.0424697275
202.634308706 36.2278050558
196.436291879 34.8935351693
190.540234391 33.0764447252
184.997683303 30.8213505463
179.832751117 28.176617742
175.046935853 25.1904739512
170.625310091 21.9084548085
166.542422562 18.3719408531
162.767063155 14.6175521709
159.265673428 10.6771228939
156.004536191 6.57801615214
152.951007301 2.34360579684
150.074054584 -2.00618638317
147.344315555 -6.45436134878
144.733818288 -10.9863521882
142.215445195 -15.5895823641
139.762160107 -20.2530704052
137.345959093 -24.9670704718
134.936432635 -29.7227315332
132.498719412 -34.5117496658
129.990449654 -39.3259742139
127.356937112 -44.1569020321
124.52320497 -48.9949393885
121.380009416 -53.8281920037
117.757834906 -58.6402667409
113.375208207 -63.4058728703
107.728351591 -68.0811012993
99.8394397992 -72.5795093853
87.6788787211 -76.7068388102
67.2906111027 -79.9805355647
35.8048454659 -81.3591466768
4.18422227256 -80.0210095815
343.624417616 -76.7679039078
331.369574346 -72.6494495258
323.432494279 -68.1552828611
317.759434134 -63.4823878827
313.361533179 -58.7182357305
309.72998472 -53.9071623281
306.580864913 -49.0746514764
303.743377564 -44.2371878096
301.107568904 -39.4067080146
298.598050473 -34.5928219464
296.159890461 -29.8040332267
293.750571567 -25.0484825278
291.33514613 -20.3344558668
288.883158666 -15.6707795772
286.366587391 -11.0671683282
283.75839881 -6.53456574628
281.031493391 -2.08550329302
278.15792852 2.26550522088
275.108378057 6.50152278515
271.851847807 10.6026993861
268.355725501 14.545743108
264.586308281 18.3033824036
260.510018123 21.8438821238
256.095569367 25.1307234594
251.317352528 28.1226201184
246.160172464 30.7741089572
240.625132854 33.0369927883
234.735833138 34.8628712949
228.543237536 36.2068056512
222.126982433 37.0317928404
212.479488974 34.6500394988
206.313730221 34.1327755793
200.296823911 33.1075101445
194.511178258 31.6011704299
189.017320517 29.650035165
183.852179737 27.2959628196
179.031107842 24.5828689362
174.552087896 21.5539393588
170.40060726 18.2497408663
166.554146282 14.7071555116
162.985771739 10.9589521042
159.666722995 7.03378931534
156.568097261 2.95647590004
153.661820381 -1.25163955877
150.921089287 -5.5722328746
148.320435747 -9.98957164196
145.835513655 -14.4901110575
143.442664187 -19.0621279032
141.118265774 -23.6953926232
138.837823284 -28.3808729739
136.574680763 -33.1104574744
134.298130754 -37.8766805677
131.970492758 -42.6724208018
129.542339143 -47.4905223057
126.944213285 -52.3232443729
124.071287124 -57.161338378
120.75271025 -61.9922845228
116.684586267 -66.7964727024
111.266242716 -71.5377165426
103.143312889 -76.1354486857
88.7677028277 -80.3650080891
58.9394628577 -83.4511721686
12.7825450758 -83.481455783
342.608335833 -80.4268335153
328.07858504 -76.2070547945
319.893167671 -71.6130225126
314.445477303 -66.8735601957
310.361791576 -62.0704066239
307.034273713 -57.2401513162
304.15598032 -52.4025645754
301.554611013 -47.5702341629
299.12458623 -42.7524359265
296.79603486 -37.9569171726
294.519291224 -33.1908284137
292.256535901 -28.4612777422
289.976981886 -23.7757111664
287.653931443 -19.1422151623
285.2628731 -14.5697916412
282.780186927 -10.0686342567
280.182228776 -5.65042426443
277.444676421 -1.32865780249
274.542090972 2.88098878487
271.447699638 6.96025535904
268.133453269 10.8878656133
264.570459986 14.6390908008
260.729943629 18.1853581719
256.584912707 21.4939868109
252.112726867 24.5281775118
247.298670095 27.2474303285
242.140424725 29.6085950739
236.652945345 31.5677425332
230.872694468 33.0829336186
224.859724339 34.1177309281
218.696047166 34.6449727537
215.584800362 32.0577209657
209.700223598 31.8139329106
203.903170545 31.0792358229
198.273441016 29.8717420171
192.875474203 28.2193713219
187.754831144 26.1569401394
182.937951153 23.7230765351
178.434366067 20.9574782725
174.240220989 17.8988028917
170.342082702 14.5832584868
166.720368827 11.0438162682
163.352086487 7.30989999129
160.212823369 3.40740039064
157.27807255 -0.64111344905
154.524023804 -4.81608047576
151.927954039 -9.10059520627
149.468325324 -13.4800551204
147.124666427 -17.9418290366
144.877279786 -22.4749559173
142.706780748 -27.069876135
140.593435273 -31.7181925126
138.516205758 -36.4124550546
136.45132097 -41.1459598558
134.370010012 -45.912547372
132.234676815 -50.7063746135
129.991976439 -55.5216117325
127.559254831 -60.3519535672
124.79535458 -65.1896713976
121.429715729 -70.0234072433
116.859726923 -74.8319197591
109.417990652 -79.5610470094
92.6128654967 -83.9960385573
36.2034646567 -86.6141805067
338.892784589 -84.0607178707
321.80154322 -79.6353361399
314.285853786 -74.9085712813
309.688017947 -70.1010135985
306.309368228 -65.2678052519
303.538619444 -60.4304455333
301.102091414 -55.6003774823
298.85729435 -50.7853587497
296.72093429 -45.9917006025
294.639333236 -41.2252276759
292.574712971 -36.4917709269
290.498201316 -31.7974729067
288.385972479 -27.14901629
286.216963214 -22.5538257725
283.97143291 -18.0202690182
281.630003574 -13.5578715878
279.172993698 -9.17755542857
276.579954491 -4.89190706428
273.829373892 -0.715478248689
270.898554519 3.33488283371
267.763706845 7.23967907984
264.400332862 10.9764115259
260.784008096 14.5192642313
256.891694317 17.8388898162
252.703716063 20.9023896691
248.206484126 23.673616264
243.395912788 26.1139492045
238.281225882 28.1836905658
232.888492473 29.8441605923
227.262879155 31.0604289645
221.468466398 31.8043974441
212.789193528 29.2805018918
207.242066804 28.8153162258
201.806821802 27.8910615297
196.547679384 26.5279496652
191.514821312 24.7537217935
186.742602222 22.601154858
182.250056272 20.1055852191
178.042996745 17.3027853089
174.116887525 14.227360885
170.459810328 10.9116899357
167.055101407 7.38533170072
163.883465388 3.67479528785
160.9245377 -0.196444249243
158.157957001 -4.20777685489
155.5640437 -8.34120626434
153.12418233 -12.5810652132
150.820991271 -16.9137277782
148.638343649 -21.3273365865
146.561283342 -25.8115538521
144.575861381 -30.3573396084
142.668899743 -34.9567571532
140.827668393 -39.6028038272
139.039430573 -44.2892642283
137.290755856 -49.0105823603
135.566384753 -53.7617485727
133.847157512 -58.53819577
132.105809596 -63.3356955007
130.297313458 -68.1502324793
128.332893024 -72.9777924288
125.99230081 -77.8137973527
122.49029332 -82.650530565
111.156414335 -87.4457649203
320.389192492 -87.5204643172
308.644509588 -82.7276905647
305.10748169 -77.8912142162
302.757433346 -73.0553395883
300.789409917 -68.2278932815
298.979414953 -63.4134683908
297.237557863 -58.6160771851
295.518389978 -53.8397270561
293.794463599 -49.0886352232
292.046533484 -44.367354899
290.259300605 -39.6808793384
288.419319269 -35.0347455541
286.513851718 -30.4351471881
284.5301762 -25.8890620949
282.455129532 -21.4043987927
280.274782478 -16.9901652935
277.974202249 -12.6566632236
275.537287583 -8.41570914125
272.946683034 -4.28088308804
270.183797452 -0.267801091356
267.228970161 3.60559719659
264.061848294 7.31876324356
260.6620584 10.8482871701
257.010269918 14.1677262293
253.089746901 17.2475845823
248.888450563 20.0555384071
244.401666638 22.5570182665
239.634969272 24.7162596137
234.60710038 26.4978942832
229.352092852 27.8690644038
223.919817375 28.8018945488
218.374245254 29.2759894954
215.578927164 26.5399110338
210.304290493 26.3213601077
205.095264048 25.6618133553
200.01283398 24.5747339854
195.10835102 23.081170227
190.420911746 21.2078932654
185.976613792 18.9853263855
181.789384073 16.4455824387
177.862831349 13.6208236542
174.192552519 10.5420387569
170.768445909 7.23823605756
167.576757393 3.73599284165
164.601739065 0.0592779878973
161.826907374 -3.7705348135
159.235947939 -7.73453310905
156.813339705 -11.8160641428
154.544775704 -16.0005029738
152.417452798 -20.2750144482
150.420296254 -24.628323438
148.544182317 -29.0505008318
146.782228074 -33.5327680166
145.130239665 -38.0673192592
143.587460725 -42.6471587238
142.157872214 -47.2659458802
140.852532432 -51.9178381749
139.693991283 -56.5973094889
138.725169622 -61.2988974857
138.028855074 -66.0167623257
137.775986664 -70.7437123433
138.367637356 -75.4684637101
140.978316481 -80.1652212241
150.851452636 -84.7285473689
214.514711517 -87.8678126164
279.888973077 -84.7982655038
290.00511361 -80.2397514814
292.668794052 -75.5440393108
293.279954556 -70.8197067567
293.036554424 -66.0929914652
292.345758116 -61.375284538
291.380642067 -56.6738082109
290.224902363 -51.9944078429
288.921902783 -47.3425405249
287.494434009 -42.7237211752
285.953698263 -38.143776999
284.303770607 -33.6090297087
282.543961814 -29.126453043
280.670130051 -24.7038273063
278.675435698 -20.3499021659
276.550792964 -16.074574011
274.285161328 -11.8890811876
271.86576836 -7.80621775116
269.278333377 -3.84056308246
266.507355074 -0.0087199911191
263.536528823 3.67045293456
260.349365884 7.17563870173
256.930091722 10.48292596
253.26489636 13.5657925305
249.343584765 16.3952779682
245.161615866 18.9404276269
240.722412558 21.1690914964
236.039671989 23.0491382981
231.13923272 24.5500877725
226.059929519 25.6450684899
220.852884628 26.3128896061
213.083241454 23.6009721209
208.126044726 23.1853638571
203.253039764 22.3579877626
198.514061102 21.1338808796
193.950093645 19.5340120856
189.591771088 17.5836735337
185.45922296 15.3107987626
181.562984882 12.7444216671
177.905566894 9.91341091779
174.483290486 6.84553257801
171.28810012 3.56683077227
168.309172237 0.101279231969
165.534246427 -3.52935781133
162.950675108 -7.30551591936
160.546230436 -11.2097233881
158.309728208 -15.2264364434
156.23153739 -19.341844753
154.304049068 -23.5436654346
152.522187342 -27.8209357726
150.884064691 -32.1638083965
149.391927006 -36.5633468992
148.053619211 -41.0113134602
146.884973848 -45.4999307103
145.913877321 -50.021583187
145.187529179 -54.5683886168
144.786166627 -59.1314884194
144.850941815 -63.6997016385
145.645959983 -68.2566030174
147.713602574 -72.773172955
152.327156884 -77.1856291182
163.059656248 -81.3106938883
190.825759806 -84.4402321461
239.552815505 -84.4720942523
267.733665024 -81.3718901137
278.62220078 -77.2547221551
283.295227032 -72.8450618711
285.390544214 -68.329765775
286.200634251 -63.7735487946
286.274669812 -59.2057394846
285.879586974 -54.6428820346
285.157877873 -50.096205374
284.190480548 -45.5745848336
283.024992355 -41.085903531
281.689542094 -36.6377684166
280.200119888 -32.2379419916
278.564679567 -27.8946422688
276.785546749 -23.6167815574
274.86089532 -19.4141791019
272.78569851 -15.2977655359
270.552387374 -11.2797877108
268.151362784 -7.37401602887
265.571463903 -3.59595064001
262.800475834 0.036983568228
259.825750286 3.50527119078
256.63500801 6.78719758117
253.217382971 9.85883655167
249.564747598 12.6941857383
245.67331657 15.265510048
241.545455574 17.5439548352
237.191520313 19.500476492
232.631433879 21.107101627
227.895614463 22.3384636139
223.024847407 23.1734836702
218.068812178 23.5969836718
215.573311172 20.6546203367
210.888585214 20.4604761724
206.252993812 19.8739371565
201.712983574 18.9048903627
197.309096239 17.568982793
193.074145825 15.8864632066
189.032426661 13.8808401433
185.199868945 11.5775394204
181.584907848 9.00270306152
178.189778767 6.18221372877
175.011977124 3.14097361823
172.045690006 -0.0975741421232
169.283085748 -3.51171726953
166.715415571 -7.08158397903
164.333930772 -10.7891342308
162.130650972 -14.6180698416
160.099038778 -18.5536921302
158.2346508 -22.5827269683
156.53585149 -26.6931288911
155.004702977 -30.8738682267
153.648192785 -35.1146972307
152.480051914 -39.4058813047
151.523587166 -43.7378663481
150.81628402 -48.1008266624
150.41760697 -52.4839853437
150.422844378 -56.8744869581
150.989028596 -61.2553438126
152.386549319 -65.6013311251
155.109185857 -69.8699409452
160.123880042 -73.9792221253
169.437387151 -77.7477240897
186.921793957 -80.730750153
215.277612215 -81.9831508418
243.764704259 -80.7675517839
261.418399841 -77.8034077114
270.826335524 -74.0430496973
275.890028287 -69.9375964153
278.639960608 -65.6710053255
280.054053951 -61.3261801302
280.631129457 -56.9460252599
280.64405227 -52.555944847
280.251162768 -48.1730113078
279.548488487 -43.8101190149
278.595937355 -39.478059351
277.431275596 -35.1866580761
276.077996776 -30.9454599518
274.549961982 -26.7641834551
272.854253172 -22.653054835
270.993003379 -18.6230776783
268.964631355 -14.6862672487
266.764735092 -10.8558637226
264.386807104 -7.14652848517
261.822885218 -3.57451967284
259.06422561 -0.157835458045
256.102068283 3.08369462651
252.928550625 6.12839882201
249.537805002 8.95286985152
245.927244705 11.53223284
242.098993517 13.840619219
238.061346527 15.8518826191
233.830071088 17.5405693751
229.429287379 18.8831156933
224.891641041 19.8591886218
220.257531858 20.4530299577
213.372915935 17.4816883032
208.99894648 17.1150297782
204.688059775 16.3839080399
200.478627793 15.2993134133
196.40364332 13.8767887059
192.489609794 12.135432613
188.756180944 10.0968106608
185.216455404 7.78389965989
181.877750247 5.22015858256
178.742656266 2.42877845176
175.81020219 -0.567872639244
173.077003185 -3.74861979072
170.538321843 -7.09369254199
168.189016214 -10.5848085566
166.024385172 -14.2051603244
164.040947651 -17.9393306873
162.237213235 -21.7731563358
160.614522714 -25.6935509653
159.17806575 -29.6882917608
157.938228674 -33.7457636769
156.91250435 -37.854643975
156.128336085 -42.0034913641
155.627521796 -46.1801733541
155.473277746 -50.3710086547
155.761965142 -54.5593896977
156.643248398 -58.7234182466
158.355915344 -62.8315809992
161.293006467 -66.8343460533
166.118593407 -70.6469564736
173.947488889 -74.1134737231
186.419103646 -76.9386260784
204.673782539 -78.6212826901
226.052647079 -78.6356374335
244.39301407 -76.9761610422
256.952673714 -74.1648830284
264.841737259 -70.7059711129
269.705110849 -66.8976296845
272.666299903 -62.8973866909
274.395024276 -58.7907799083
275.287560496 -54.6277301702
275.584544084 -50.4399512694
275.436726273 -46.2494470668
274.941132684 -42.0728799953
274.16140224 -37.9239572048
273.139612283 -33.8148192932
271.903397684 -29.7569039892
270.470387057 -25.7615222204
268.851065642 -21.8402709777
267.050696506 -18.0053500271
265.070674988 -14.2698184956
262.909549977 -10.6478091134
260.563865958 -7.15470582405
258.02893353 -3.80728125055
255.299607407 -0.623782473013
252.371129693 2.37605389493
249.240075433 5.17108302921
245.905411276 7.73896014032
242.369642634 10.0565071447
238.639978562 12.1002636712
234.729390745 13.8472332441
230.657394628 15.2758091853
226.450355588 16.3668284631
222.141143119 17.1046613758
217.768035946 17.478211606
213.378810804 14.2950611044
209.023109472 13.9052710477
204.733559304 13.1284572482
200.550406059 11.9766391187
196.508312617 10.4668002113
192.635242334 8.61978968819
188.95214137 6.4591274718
185.473315646 4.00985340419
182.207313764 1.29752277706
179.158108419 -1.65259491058
176.32639891 -4.81609758645
173.710912355 -8.16982501697
171.309641218 -11.6920542013
169.121008358 -15.3625488965
167.144995293 -19.1624936989
165.38430776 -23.0743355603
163.845692361 -27.0815449766
162.541569862 -31.1682956808
161.492230395 -35.3190441329
160.728968498 -39.517964779
160.298764068 -43.7481564047
160.271512677 -47.9904639681
160.751499849 -52.2216290387
161.895979594 -56.4112294084
163.945467316 -60.5163734193
167.271883489 -64.4721635217
172.446172539 -68.1743431855
180.28969242 -71.4493030637
191.720601129 -74.0140651819
206.915706875 -75.4741164796
223.893381772 -75.4855593143
239.136326153 -74.0452604792
250.625963534 -71.4940698674
258.516766374 -68.2275243322
263.724408241 -64.5304800713
267.073796966 -60.577882472
269.139398124 -56.4747635738
270.295573896 -52.2864506138
270.78439987 -48.0560730848
270.764117536 -43.8141851156
270.339647349 -39.5841167602
269.581303481 -35.3850587575
268.536349569 -31.2339254525
267.236277696 -27.1465405318
265.70151866 -23.1384351338
263.944594723 -19.2254153689
261.972325378 -15.4239847258
259.787466612 -11.7516658786
257.390030416 -8.22724093284
254.778451061 -4.87091153814
251.950712597 -1.70436683108
248.905512304 1.24926352016
245.64349646 3.96560151966
242.168560545 6.41939147542
238.489152506 8.58507745655
234.619457849 10.4376003856
230.580290024 11.9533990625
226.399478818 13.1115591246
222.111567149 13.8950084365
217.756709698 14.2916191376
213.379593386 11.1441382274
209.032204933 10.7269351004
204.755552298 9.89604856722
200.592674187 8.6648909637
196.580706785 7.05239089173
192.749761227 5.08175353361
189.122679906 2.77912224788
185.71555188 0.172302524606
182.538778978 -2.71033606142
179.598470174 -5.84071730456
176.897982077 -9.19165852998
174.439490938 -12.7372280181
172.225554752 -16.4528897498
170.260692452 -20.3154677987
168.553070375 -24.3029551368
167.116451962 -28.3941766625
165.972648921 -32.5682942382
165.154831822 -36.8041098014
164.712245457 -41.0790742229
164.717170624 -45.3678304785
165.27542219 -49.6399836879
166.542253743 -53.8565515656
168.745890935 -57.964137395
172.219298627 -61.8852363417
177.430738693 -65.502511168
184.966415365 -68.6362566195
195.326566058 -71.0247116605
208.342174123 -72.3480297859
222.521191988 -72.3576162115
235.566661461 -71.0514560447
245.967618321 -68.6757926818
253.540043671 -65.5506631856
258.779838352 -61.9389888399
262.274096235 -58.0215176127
264.493062717 -53.9162844421
265.771412272 -49.7012185903
266.338599438 -45.4299667849
266.350716327 -41.1416558397
265.914145409 -36.8667612112
265.101555363 -32.6306806801
263.962460196 -28.4559783909
262.530220082 -24.3638500953
260.826781174 -20.3751195552
258.866001146 -16.5109389752
256.656109071 -12.7932866687
254.201659643 -9.24530646705
251.505221367 -5.8915015045
248.568955743 -2.75777285469
245.396178647 0.128721615524
241.992931914 2.73992051905
238.369524895 5.0474545763
234.541932593 7.02349954559
230.532869278 8.64187044514
226.372315467 9.87929539949
222.097288985 10.7167544223
217.75073814 11.1407226995
213.375570314 8.02529419899
209.027340309 7.57547922197
204.756357912 6.6803762831
200.609631332 5.35528944545
196.627816205 3.62178401177
192.844099382 1.50625358281
189.284083154 -0.961610029598
185.966527295 -3.75025301502
182.904712702 -6.82746747206
180.108185753 -10.161300235
177.584700702 -13.7206445549
175.342266654 -17.4755296834
173.391302673 -21.3971359309
171.747000767 -25.4575574878
170.432095847 -29.6293150884
169.480357989 -33.8845857804
168.941274011 -38.1940634569
168.886587987 -42.5252807631
169.419607515 -46.8400911994
170.688309728 -51.0908020276
172.902716986 -55.2141448568
176.353852704 -59.1219510243
181.420569038 -62.6875879989
188.521321464 -65.7298880155
197.920589001 -68.0062622612
209.32825681 -69.246145057
221.573602969 -69.2544491203
233.001548877 -68.0297513001
242.430490703 -65.7652892914
249.56013016 -62.7314732892
254.650704807 -59.1716060374
258.120350827 -55.2676498932
260.348939842 -51.1468364642
261.628646471 -46.8977285052
262.17042759 -42.5838387129
262.122946747 -38.2530053992
261.58999941 -33.9434571192
260.643673884 -29.6877020877
259.333700025 -25.5150600038
257.694018971 -21.4533490249
255.747483586 -17.530031226
253.509362184 -13.7729873006
250.990114782 -10.2110077708
248.197758972 -6.87403413135
245.140026133 -3.79314824401
241.826409174 -1.00028767789
238.270106714 1.47234081195
234.48977157 3.59316502581
230.510882168 5.33245082774
226.366496559 6.66373564942
222.097152119 7.56535866998
217.749765942 8.0218974335
213.366949253 4.93513637377
209.009396858 4.44626813992
204.738170966 3.47443244514
200.605826538 2.0375373603
196.657964335 0.160773072619
192.932154876 -2.12508559604
189.458045238 -4.78546281869
186.258472936 -7.78361655318
183.351313618 -11.0819626611
180.751802627 -14.6430046735
178.475159393 -18.429845705
176.539468888 -22.4062908253
174.968910128 -26.5365504644
173.797559446 -30.7845304335
173.074137665 -35.1126424456
172.868209894 -39.4799862322
173.278431776 -43.8396304852
174.44326002 -48.1345456398
176.553468047 -52.2915384784
179.862108905 -56.2124672403
184.677466438 -59.7626947322
191.303435748 -62.759901706
199.870271132 -64.974936267
210.04995723 -66.1682176972
220.880771704 -66.175585418
231.075165945 -64.9959572832
239.664528042 -62.7919876214
246.313664862 -59.802958626
251.149164959 -56.2584640506
254.474122649 -52.3414295069
256.59728085 -48.1869970927
257.772455568 -43.8936621474
258.191121969 -39.5348456132
257.992288881 -35.1677151162
257.275021191 -30.8392792945
256.109179312 -26.5904751204
254.543692904 -22.458900499
252.612781093 -18.4806415041
250.340713069 -14.6914687706
247.745619169 -11.1275532761
244.842723373 -7.82576887249
241.647227456 -4.82359653904
238.176938799 -2.15861899979
234.454597098 0.132403159023
230.50973038 2.01485045009
226.379781572 3.45787576547
222.110231965 4.43618758112
217.753543313 4.93175114245
213.353854994 1.87044704828
208.979124228 1.33437409013
204.703367066 0.270052188811
200.586890698 -1.30094645618
196.682267337 -3.34833459108
193.03337375 -5.83517162363
189.675889397 -8.71997910307
186.639029134 -11.9586082704
183.948188955 -15.5056557931
181.628229207 -19.3153208354
179.707257195 -23.3416622296
178.220945465 -27.5382356719
177.217592776 -31.8570660247
176.764263852 -36.2468409372
176.9543511 -40.6501009358
177.916555427 -44.9990573323
179.8239652 -49.2095462769
182.89817354 -53.17273409
187.39463169 -56.7451606593
193.540403846 -59.7409922528
201.387733453 -61.9375794539
210.600610892 -63.1126922605
220.352705226 -63.1193480941
229.576839166 -61.9566718889
237.441951319 -59.7703714389
243.606740063 -56.7823206716
248.120381489 -53.2154438645
251.208996015 -49.2560443353
253.128185457 -45.0480063255
254.100049716 -40.7004746877
254.298205462 -36.2978185197
253.851794394 -31.907951227
252.854545111 -27.5884004113
251.373765561 -23.3905083692
249.457921026 -19.3622555691
247.142787233 -15.5500771006
244.456519643 -11.9998983243
241.423975878 -8.75750663505
238.070503926 -5.86830491969
234.425233777 -3.37646209478
230.52373261 -1.32350289923
226.409750972 0.253554963389
222.135739332 1.32431484726
217.761908162 1.86706643498
213.336342008 -1.1718797412
208.937259539 -1.76571304282
204.654965315 -2.94277311196
200.560731172 -4.67617399509
196.717101787 -6.92823677093
193.177206106 -9.65305679419
189.985951764 -12.7990440501
187.182803707 -16.3110290129
184.805757094 -20.1316611253
182.89620935 -24.2019468565
181.504623752 -28.460837356
180.697048343 -32.8437679779
180.56257256 -37.2799798552
181.221412589 -41.688345197
182.831933635 -45.9713557197
185.591334856 -50.0071611457
189.717172471 -53.6406930049
195.385835291 -56.6782019844
202.603289806 -58.8958216535
211.034277729 -60.0774216749
219.937307955 -60.083519432
228.377313265 -58.9133677051
235.609315101 -56.7053266353
241.293968149 -53.6751478604
245.434672757 -50.0468683449
248.206879386 -46.0146091041
249.828135185 -41.7337965163
250.495982341 -37.326551474
250.369187829 -32.8905622545
249.568316601 -28.5070646723
248.182724662 -24.2468747211
246.278645384 -20.1745815422
243.906655847 -16.3512398855
241.108202393 -12.8358386528
237.92126309 -9.68572875692
234.385235602 -6.9561048226
230.544926317 -4.69860904624
226.453340965 -2.95923036129
222.172899555 -1.77576821346
217.774772139 -1.17526245093
213.314405927 -4.19491654666
208.884712778 -4.86053867168
204.597430863 -6.1769837473
200.539676527 -8.10935344684
196.788603145 -10.6088139433
193.411298806 -13.6158689114
190.467229095 -17.0634144702
188.01278682 -20.8789914164
186.107416736 -24.9858424156
184.820890247 -29.3025302714
184.241377965 -33.7409295049
184.483654765 -38.2023842433
185.695470104 -42.5718352594
188.056757847 -46.7100378946
191.759651418 -50.4452658666
196.94851142 -53.5692289437
203.601680951 -55.8477400572
211.384440001 -57.059924694
219.602326186 -57.0655743326
227.392608476 -55.8640173721
234.058080492 -53.594432793
239.260715757 -50.477305676
242.976680851 -46.7469269723
245.349462916 -42.6118887678
246.571111939 -38.2442217672
246.821801101 -33.7834038787
246.249586326 -29.3446486326
244.96950899 -25.0267033607
243.069931907 -20.9177445314
240.620746983 -17.0992416292
237.681450007 -13.6479552911
234.308379844 -10.6363689869
230.560917913 -8.13165777691
226.506037747 -6.19341332585
222.220765204 -4.87060530151
217.792107963 -4.19830795084
213.287997781 -7.20181417328
208.822906534 -7.95844163276
204.538213679 -9.45025474951
200.544638719 -11.6296630729
196.941431926 -14.4301289586
193.81747379 -17.7704229163
191.255927326 -21.558211635
189.341637956 -25.692088738
188.170225535 -30.0614628916
187.857517085 -34.543955923
188.546859004 -39.0001692302
190.408777867 -43.2661413385
193.62126208 -47.145241655
198.311206835 -50.4047500063
204.441319526 -52.7882139159
211.67297777 -54.0574351349
219.326687683 -54.0627179085
226.564865278 -52.8034268138
232.705718205 -50.4282715492
237.40782068 -47.1750505783
240.631995418 -43.3002766832
242.504347818 -39.0369221048
243.202754887 -34.5818788314
242.897912593 -30.0993084182
241.733391044 -25.7287411209
239.825190918 -21.5926384943
237.26905476 -17.8016976309
234.149890111 -14.4572581543
230.550712873 -11.6517967567
226.560334018 -9.46665731162
222.277873989 -7.96853272115
217.813934077 -7.20522080817
213.257049035 -10.1959843924
208.754478156 -11.0709121452
204.490966978 -12.7881203848
200.61382188 -15.2786218089
197.257052433 -18.4459408873
194.5447889 -22.1717060649
192.599504004 -26.3195233033
191.552849127 -30.7357674623
191.555517674 -35.2466296731
192.779687927 -39.6516784709
195.401678863 -43.7160000693
199.544753917 -47.1669668471
205.165602309 -49.7082415719
211.914867616 -51.0668036607
219.095969688 -51.0717811463
225.851099117 -49.7225390042
231.481623686 -47.1889586625
235.635691172 -43.7436440911
238.268317247 -39.6829641451
239.502058743 -35.2797639976
239.513114815 -30.7691857039
238.473771838 -26.3518350301
236.53485273 -22.2016266853
233.828174023 -18.4724199314
230.475994469 -15.3004884516
226.602502682 -12.8044755439
222.341543047 -11.0810362512
217.840288454 -10.1994127413
213.221528034 -13.1814402416
208.684893026 -14.2152073098
204.482918114 -16.2296175462
200.822516963 -19.1166265278
197.894740925 -22.7249031643
195.881909588 -26.8671707246
194.969125619 -31.3235352831
195.351715767 -35.8394070382
197.22354801 -40.1196369248
200.722452659 -43.8258889039
205.810980894 -46.592868741
212.120855833 -48.0842065563
218.899819812 -48.0889261874
225.215178163 -46.6063522534
230.312709054 -43.8464097504
233.821791836 -40.1450234734
235.703446408 -35.8675026681
236.094865886 -31.3523822474
235.189784242 -26.895023315
233.183570535 -22.7501977277
230.261298635 -19.1380115473
226.60521092 -16.2458633868
222.406249442 -14.225364241
217.871170726 -13.1848966599
213.181589606 -16.1635164854
208.626607624 -17.4198223222
204.573665565 -19.8377373048
201.332657974 -23.2301351286
199.190841553 -27.334424761
198.42044126 -31.8226946014
199.275286842 -36.3050997091
201.942936477 -40.3322033754
206.415590567 -43.4164337051
212.299183428 -45.1044597603
218.730287602 -45.1089580855
224.619232624 -43.429153994
229.100549561 -40.3511794471
231.777829542 -36.3278767334
232.641815032 -31.8468356984
231.879460156 -27.3577085807
229.744393304 -23.250605951
226.508692251 -19.8537241988
222.459454619 -17.4299928751
217.906390418 -16.1670069258
213.138037332 -19.1506302576
208.611525056 -20.7370858807
204.910101133 -23.7177323242
202.531385567 -27.7215280922
201.911339012 -32.2305753017
203.382913659 -36.6063715003
207.035502258 -40.1315338129
212.457113527 -42.1192968937
218.580334472 -42.1236007806
224.007441218 -40.1434647388
227.66865847 -36.6234825856
229.149453797 -32.2498810903
228.537733379 -27.7401330783
226.165767292 -23.7331048082
222.469120573 -20.7472040387
217.945100485 -19.154159361
213.094085077 -22.1594576299
208.736806146 -24.2751917869
205.91757437 -28.0312535986
205.455736718 -32.5422157006
207.793895061 -36.6417984536
212.603660327 -39.1122840417
218.441136155 -39.116408096
223.256915086 -36.6527413029
225.603900829 -32.5565495029
225.150587321 -28.0450596252
222.337824918 -24.285051578
217.98402483 -22.163025267
213.064815764 -25.2349445102
209.394861573 -28.2775101961
209.100735017 -32.7414390327
212.760782392 -36.0392291587
218.29094063 -36.0431573376
221.958111021 -32.7506108617
221.672559843 -28.2863443794
218.007958974 -25.2385285161
213.179115591 -28.5744592867
213.072189307 -32.7080709686
217.986494037 -32.7115831599
217.887584581 -28.5778508757
