232.602887611 32.8087011442
232.493571841 28.6751588465
227.780556373 28.6800845851
227.682968938 32.8138720794
232.916745647 36.1397157245
236.578776473 32.840175795
236.281176566 28.3764786396
232.606304411 25.3356307048
227.65904559 25.3407766194
223.991789954 28.3892964278
223.706718125 32.8536809451
227.379415099 36.1455604011
233.076235766 39.2126979781
237.890411553 36.7397406436
240.227523375 32.6387934616
239.761389648 28.1282472842
236.937182121 24.3739049781
232.575585335 22.2601937974
227.682142306 22.2652608605
223.325361251 24.3880148549
220.510307875 28.14826326
220.056597206 32.6598861266
222.406934729 36.7560526909
227.230286602 39.2188917902
233.225368419 42.2196484214
238.653261374 40.2289700878
242.306804601 36.701426045
243.775257732 32.3246786327
243.150200648 27.8162551547
240.766289081 23.8142313804
237.060382174 20.8358283568
232.530302477 19.2514285634
227.720318568 19.2563867468
223.193597901 20.8501260637
219.494244799 23.8361891091
217.119836344 27.8432025232
216.506871979 32.3530593436
217.989112346 36.7269296424
221.655845138 40.2469429199
227.092250049 42.2261694694
233.386213047 45.2047490494
239.277858506 43.5134394308
243.753186426 40.4260888748
246.418902188 36.396958203
247.269102222 31.9140113538
246.493065758 27.4265938654
244.345769988 23.3241756839
241.100056416 19.9341727363
237.043381164 17.5186728926
232.485514682 16.2643834463
227.75833535 16.2692339598
223.202985433 17.5328715547
219.151244687 19.956689919
215.9127578 23.353371575
213.774907558 27.4602769762
213.010504886 31.949452968
213.874324452 36.4308740749
216.554741482 40.4546905202
221.043519996 43.5327834337
226.943557412 45.211622009
233.567886613 48.1844291203
239.887688154 46.6894465357
244.98049087 43.9187225342
248.478546118 40.2095657988
250.346178734 35.927776195
250.722959042 31.4117688086
249.803999999 26.9565018547
247.785396957 22.8162390491
244.852672644 19.2104931052
241.188312394 16.3261525634
236.983327374 14.3141935956
232.444418564 13.2823813519
227.79290451 13.2871319734
223.255983903 14.3282066461
219.054896637 16.3487312995
215.396234788 19.2405312162
212.470941268 22.8522717251
210.461529976 26.9967316608
209.553651745 31.4540483583
209.943527953 35.9695491571
211.826107214 40.247803743
215.339954256 43.9499635105
220.446909624 46.7101307032
226.775395891 48.191697956
233.777778857 51.1669508465
240.539086815 49.804355928
246.165803082 47.25874308
250.308995781 43.8040968915
252.927158029 39.7373286173
254.14538936 35.331235985
254.141350701 30.8206411061
253.088069083 26.405751677
251.136739304 22.2600960153
248.419291051 18.5369977079
245.058321792 15.3725464918
241.177960127 12.8848228479
236.912095153 11.1700454673
232.407804601 10.2970049943
227.823172753 10.3016650865
223.320520246 11.1838514456
219.057861846 12.9072664063
215.18216898 15.4028228366
211.827239845 18.5740505126
209.117180571 22.3026517707
207.174672726 26.4523284075
206.131846844 30.8695220708
206.140175793 35.3804060722
207.372903391 39.7843837357
210.007520375 43.8461665871
214.167987218 47.2925291047
219.810066794 49.8264674275
226.580739841 51.174675162
234.024301785 54.1574932684
241.270496221 52.8837988343
247.408140614 50.4953804834
252.099044295 47.231455145
255.307903515 43.349105747
257.163647159 39.0812744951
257.845743978 34.6245499464
257.525646469 30.1427219826
256.347242599 25.7749665915
254.42666962 21.6434234732
251.859722135 17.8584419757
248.731331889 14.5211870426
245.124674537 11.7237554471
241.128567254 9.54715414855
236.842115652 8.05772730686
232.375816989 7.30291964587
227.848945516 7.30749882634
223.3840442 8.07132985421
219.100323581 9.56938649715
215.108176553 11.7539956527
211.506601968 14.5586237097
208.384349704 17.9021099651
205.824603899 21.6922257952
203.91240692 25.8276747729
202.743780005 30.197949811
202.435196607 34.6806973304
203.130938474 39.1364411491
205.002752432 43.4009845157
208.229937476 47.2772443963
212.9401397 50.5318188937
219.094973749 52.9075052261
226.351651164 54.1657504577
234.318443863 57.1598733
242.118774322 55.9426961103
248.781265734 53.6585504711
253.971765244 50.5294225607
257.67097947 46.790187857
260.025627142 42.6493875969
261.229517193 38.2787237291
261.463600919 33.8172880784
260.876199929 29.3799428752
259.582402327 25.0651397886
257.670552459 20.9608043689
255.210521045 17.1481786717
252.261806798 13.7038272047
248.880817836 10.7000175442
245.126990313 8.20366588424
241.067327248 6.27409257861
236.778833394 4.95997961974
232.348415039 4.29611233204
227.870219403 4.30062009967
223.441029253 4.97339319591
219.154932447 6.2960921266
215.098733584 8.23374650808
211.349322428 10.7375229446
207.973606564 13.7479835869
205.030976073 17.198121289
202.577866281 21.0155910168
200.673894983 25.1237475012
199.389158665 29.4412450412
198.812343868 33.8800089883
199.058991662 38.3413669406
200.277935079 42.7101358756
202.65052452 46.8467819903
206.370440614 50.5790572754
211.582980814 53.6978953823
218.265289775 55.9682414464
226.077786042 57.168763975
234.675538552 60.1772304891
243.127897731 58.9900055227
250.35662337 56.765966045
256.027358232 53.7224965051
260.149076513 50.084216333
262.90101508 46.0451357615
264.502666332 41.7602907034
265.152351878 37.3513723916
265.00903278 32.9156947912
264.193226129 28.5341942194
262.794171126 24.2774517407
260.877993637 20.2098669877
258.495202181 16.3923317476
255.68722261 12.8836853288
252.492063117 9.74112346188
248.949178895 7.01965972362
245.103433058 4.7707303481
241.007863138 3.04009578663
236.724868186 1.86531119666
232.325522258 1.27317132518
227.88703004 1.27761699941
223.488792425 1.87855535431
219.207958201 3.06186783745
215.115502676 4.80060340957
211.273706347 7.05707996243
207.735495046 9.78544126939
204.545651513 12.9341826088
201.743601583 16.4482409292
199.367390395 20.2703790384
197.458560252 24.3417115735
196.067829522 28.6012820524
195.261643494 32.9845911766
195.129686588 37.4209029976
195.793050833 41.8290451989
197.411357423 46.1113554966
200.183493878 50.14565428
204.328946591 53.7762852436
210.025427289 56.8086089664
217.27770954 59.0177241752
225.744719557 60.1868876271
235.118014663 63.2123162317
244.357149755 62.0307841499
252.21784716 59.8268375888
258.365694197 56.8241692182
262.857005493 53.2462516879
265.922404514 49.2791656016
267.819606646 45.0663029622
268.771432978 40.7163098819
268.951573378 36.3131409542
268.488998032 31.924391001
267.477207494 27.6073495579
265.983304207 23.4131802382
264.055599394 19.389724384
261.729773244 15.5833008067
259.033942434 12.0397277457
255.992976542 8.80468150067
252.632273115 5.92343721866
248.981029628 3.44001249687
245.074876488 1.39575551756
240.957598559 -0.172515341635
236.681627274 -1.23461723266
232.307082467 -1.76905417787
227.899394068 -1.76466138916
223.52587313 -1.22152025987
219.251896548 -0.150951075966
215.137488121 1.42541368042
211.234959401 3.47728054009
207.587974212 5.96774891837
204.232061547 8.85541492146
201.19635357 12.096226185
198.506230719 15.6448859976
196.186603047 19.4557009528
194.265694509 23.4828309574
192.779371294 27.6799207617
191.776226508 31.9990666291
191.323764253 36.3890020793
191.516035184 40.7922742601
192.482729407 45.1410364865
194.398401433 49.3509563577
197.486706798 53.3128440543
202.005620225 56.882587966
208.184237567 59.8733243161
216.073853697 62.0611307226
225.331350791 63.2229200948
235.680241607 66.2675882666
245.892640489 65.0668559527
254.474969036 62.8433043072
261.102229715 59.8382758223
265.910497832 56.2818111
269.208228481 52.3564234832
271.30634699 48.1966119963
272.459209132 43.9002793386
272.858153974 39.5403797955
272.641842923 35.1737360823
271.908975139 30.8471082697
270.729096798 26.6012550057
269.150893971 22.4736444715
267.208413142 18.5002645754
264.925816068 14.716805836
262.321183736 11.1593659815
259.409741136 7.86474245158
256.206731635 4.87032741805
252.730031544 2.21359511093
249.002459954 -0.0688264131454
245.05361443 -1.94247520097
240.920975083 -3.37668329982
236.650006606 -4.34635134263
232.293084595 -4.83363680105
227.907282909 -4.82928764714
223.551326872 -4.33337757929
219.28223991 -3.35529864967
215.152303729 -1.9130157723
211.206862468 -0.0317277020521
207.483269436 2.25782412159
204.011007507 4.92112950795
200.812807544 7.92153348429
197.906494105 11.2215503579
195.307301996 14.783785315
193.030496146 18.5714404023
191.094252162 22.5484129486
189.52289057 26.6789963563
188.350696102 30.9271678942
187.62669648 35.2553960443
187.420918006 39.6228164254
187.832725031 43.9824999675
189.00167856 48.2773599631
191.120265676 52.4340368696
194.444098382 56.3540231739
199.284873781 59.9019744643
205.949766176 62.8943737412
214.568858183 65.1004569232
224.805333699 66.2793914613
236.417805083 69.3451539447
247.866945062 68.096428026
257.28346722 65.8100745751
264.38325045 62.758842762
269.439490946 59.1862397264
272.876543133 55.2735067668
275.076257494 51.1470216268
276.330940015 46.8946377649
276.85106187 42.5793427443
276.784685885 38.2486027726
276.235064832 33.940386931
275.273846743 29.6870232068
273.950423351 25.517705658
272.298487129 21.4601635818
270.340717997 17.5417938472
268.092275522 13.7904254233
265.563566181 10.2348021237
262.762601813 6.90481614488
259.697148434 3.83149034641
256.376765019 1.04668720182
252.814735865 -1.41748279441
249.029803682 -3.52956790879
245.047522202 -5.25997878152
240.900989734 -6.58241803071
236.630729803 -7.47540158487
232.283576769 -7.92368272401
227.910607479 -7.91936762588
223.564382979 -7.46252545005
219.295932846 -6.56117921827
215.151998837 -5.2306872257
211.17298274 -3.49262507648
207.391851783 -1.37335803513
203.834035952 1.09748072118
200.518174482 3.88841676582
197.457477276 6.96733326688
194.661463204 10.3023723279
192.137895461 13.8625212026
189.894822836 17.6178983777
187.942732345 21.5397667393
186.296914658 25.6002956091
184.980243645 29.7720731411
184.026688914 34.0273356234
183.486034643 38.3368262982
183.43048551 42.6681125088
183.964085784 46.9830565286
185.23601628 51.2339237616
187.458277176 55.3573016197
190.925069559 59.2646719749
196.019944421 62.828662362
203.166787812 65.8667212382
212.631882103 68.134168795
224.114324353 69.3585258259
237.426880894 72.4464961718
250.496126266 71.1123674361
260.873816204 68.7120538968
268.40345209 65.5681562994
273.598755697 61.9432683989
277.05341866 58.0169309043
279.238847134 53.9060490585
280.489053823 49.6877125622
281.032455357 45.4149878282
281.02418938 41.1266090657
280.569870894 36.8527869912
279.741581441 32.6187405288
278.588395757 28.4469127673
277.143350412 24.3584174259
275.428158107 20.3740223581
273.456514695 16.5148406719
271.236546178 12.802821172
268.772754104 9.26108164966
266.067697438 5.91409702764
263.123566408 2.78773251054
259.943738043 -0.0909028987248
256.53434002 -2.69381457546
252.905781421 -4.99272183515
249.074136381 -6.95991307061
245.062199972 -8.56933955093
240.899996261 -9.79788527109
236.624532753 -10.6266964655
232.278677878 -11.0424101743
227.909205639 -11.0381186067
223.564257342 -10.613890222
219.290566035 -9.77675421293
215.130907139 -8.54017491924
211.1221635 -6.9230924687
207.294224069 -4.9486874456
203.669753145 -2.64304984383
200.264710413 -0.0339116987848
197.089414994 2.85044255888
194.149933557 5.98202648515
191.449612847 9.33374651721
188.990644013 12.8797559637
186.775618707 16.5955979073
184.809104909 20.4581689888
183.099333487 24.4455284642
181.660152593 28.5365619896
180.513490149 32.7104875647
179.692686257 36.9461592592
179.247248191 41.22107566
179.249883533 45.5099201577
179.80712753 49.7823224906
181.075483132 53.9992881442
183.285376787 58.1073222994
186.773632867 62.0286263511
192.014951269 65.6451432294
199.604578902 68.7756167397
210.049230618 71.1555421002
223.167676066 72.462007447
238.889345224 75.5717125995
254.15507165 74.097909527
265.599260202 71.5188717752
273.426319818 68.2325351611
278.575327296 64.5223221423
281.876384853 60.5612510684
283.903083804 56.4529032303
285.027746392 52.2616474809
285.490601833 48.0299981506
285.448474095 43.7881133145
285.005245994 39.5590651354
284.230480649 35.3618747357
283.17089737 31.2133444545
281.857592313 27.1292243638
280.310708416 23.1249979277
278.542560948 19.2164410672
276.559825206 15.420038433
274.365164 11.7533003597
271.958539586 8.23499886768
269.338375029 4.88532369895
266.502678136 1.72594609549
263.450201458 -1.22003248814
260.181673488 -3.92827697387
256.701091959 -6.37359340141
253.017016884 -8.53050966266
249.143741612 -10.3740742887
245.102165938 -11.8808568124
240.920166424 -13.0300932877
236.632281107 -13.8048733397
232.278591275 -14.193212883
227.902828321 -14.1889319366
223.550031607 -13.7921053401
219.263911187 -13.0090283922
215.084448279 -11.8517705051
211.046049996 -10.3373276772
207.176453635 -8.4865271598
203.496421937 -6.32283928203
200.020124938 -3.87123471658
196.756021089 -1.15718798108
193.70803248 1.79411698891
190.87683906 4.95836329922
188.261171361 8.31247204243
185.859040534 11.834795742
183.668897626 15.5051671395
181.690758099 19.3048334348
179.927365953 23.2162985836
178.385511639 27.2230856793
177.07767026 31.3094180927
176.024207223 35.4598005219
175.256533199 39.6584557391
174.821822242 43.8885319665
174.790312233 48.1309243349
175.266914365 52.3624211994
176.410058653 56.5526299495
178.46252231 60.6586327348
181.800635288 64.6153482197
187.003813469 68.317921102
194.908143878 71.5911402561
206.448903506 74.1484859154
221.793730324 75.5903128088
241.194335584 78.7173363243
259.541582156 77.0162264813
272.009187203 74.1738419533
279.801349442 70.6950554122
284.587585984 66.8745022343
287.490442316 62.866861361
289.174691155 58.7559369603
290.032462415 54.5906356588
290.301490017 50.4020679121
290.130565497 46.2118682405
289.615385628 42.0364669579
288.818673429 37.8894226479
287.781862798 33.782780181
286.532128602 29.7279161584
285.086766282 25.7361037003
283.45601842 21.8189180048
281.644972512 17.9885480404
279.654900327 14.2580494029
277.484269622 10.641555491
275.129580308 7.15445229815
272.586131515 3.81351301789
269.848797508 0.636980726426
266.912869356 -2.3554199697
263.774998308 -5.14256800115
260.43425072 -7.70215797222
256.893248764 -10.011070511
253.159325286 -12.0459261689
249.245568783 -13.783832971
245.171587066 -15.2033114663
240.963794163 -16.2853459195
236.655054532 -17.0144810364
232.283628428 -17.3797134924
227.891120377 -17.3754298143
223.520556622 -17.0017112633
219.213614051 -16.2643041959
215.008393476 -15.1742484843
210.937626171 -13.7471003227
207.027583594 -12.0019383352
203.29773008 -9.96028091703
199.761022641 -7.64503849613
196.424682938 -5.07959214288
193.291246402 -2.28705013703
190.359718019 0.710301872013
187.626711902 3.89136761019
185.087504115 7.23644935957
182.7369739 10.7273307492
180.570443784 14.3472634326
178.584455101 18.0808831977
176.777536282 21.9140744604
175.151042497 25.833794703
173.710174016 29.8278624613
172.465326944 33.8847033162
171.434009791 37.9930363788
170.643701137 42.1414656537
170.136281504 46.3179098745
169.975153685 50.5087473878
170.257088132 54.6974401188
171.132639472 58.8621661125
172.842550218 62.9714766084
175.78424307 66.9758240855
180.631790308 70.7901288835
188.52223052 74.2571144794
201.134791472 77.0773162294
219.624324034 78.74077827
230.551243519 82.0856251335
259.165614947 80.8089696929
276.634792781 77.8010401081
285.871472791 74.0171687484
290.819649347 69.8992546488
293.491904999 65.6259643926
294.851273536 61.277687135
295.387815551 56.8960830161
295.369344658 52.5058965693
294.951189414 48.1238287417
294.227503745 43.7625551308
293.256981756 39.4327348008
292.076574638 35.1441130925
290.709212016 30.906187144
289.1683555 26.7286494662
287.460799688 22.6217151424
285.588470061 18.5963868923
283.549637502 14.6646861883
281.339799437 10.8398638931
278.952387811 7.13659415209
276.37941596 3.57114741215
273.612149944 0.161530822638
270.641873479 -3.07242385771
267.460801057 -6.1090534302
264.06317396 -8.9249745631
260.446542018 -11.4953566104
256.613184824 -13.7944001632
252.571558736 -15.7960564522
248.337578084 -17.4749990488
243.935470861 -18.8078185659
239.397920396 -19.7743548062
234.765400587 -20.3588916103
230.083930712 -20.5520267044
225.403004314 -20.3500023539
220.771975121 -19.756417648
216.236957496 -18.7812415044
211.83816392 -17.4401533604
207.608109683 -15.7533901634
203.570842009 -13.7444123316
199.742105465 -11.4385713938
196.13021057 -8.86191928939
192.737321318 -6.0402418862
189.560903467 -2.99834488664
186.59514378 0.240420005452
183.832228199 3.65442409591
181.263433912 7.223870169
178.880039048 10.9307836879
176.674085266 14.7589236138
174.639048195 18.6936412326
172.770485258 22.7217066774
171.066746968 26.8311147156
169.529864704 31.0108737555
168.166776892 35.2507741322
166.991146777 39.5411219156
166.026197582 43.8724095632
165.309326462 48.2348682581
164.899937113 52.6177944673
164.893372345 57.0084311787
165.447072622 61.3899250709
166.832862394 65.7372300978
169.549006188 70.0080385565
174.576524431 74.1204193258
183.967389757 77.8916350127
201.716597419 80.8692110802
255.503399431 84.5230533739
283.225351738 81.3534326899
293.776904776 77.2097622473
298.274894962 72.7890909285
300.268756763 68.2689082452
301.013299608 63.7107623881
301.04132205 59.1426964801
300.611825864 54.5806530952
299.863067078 50.035550581
298.873538023 45.5160936973
297.689332669 41.0300692136
296.337607709 36.5850303693
294.833698461 32.1887122056
293.18510318 27.8493224548
291.393822944 23.575774992
289.457797389 19.377899112
287.371831029 15.2666416491
285.12823675 11.25426994
282.71733913 7.35457738138
280.127938509 3.58308765062
277.347817164 -0.0427527334865
274.364360436 -3.50341174089
271.165360507 -6.77716707811
267.740061577 -9.8400988101
264.080484131 -12.6662305021
260.183023681 -15.2278789003
256.050248196 -17.4962729615
251.69271768 -19.4424885591
247.130533759 -21.0387081474
242.394233936 -22.2597514194
237.524639586 -23.084739193
232.571373891 -23.498744633
227.589890605 -23.4939730554
222.637815936 -23.0704780288
217.770590646 -22.2362140154
213.037644052 -21.0062795835
208.479580326 -19.4016471286
204.126711649 -17.4475637928
199.998923487 -15.1718823801
196.106587351 -12.6035340284
192.452120144 -9.77127491871
189.031806023 -6.70275845275
185.837591081 -3.42392241807
182.858676759 0.0413557243982
180.082838062 3.67139635172
177.497463175 7.44670787345
175.090352811 11.3498805152
172.850338367 15.3654228895
170.767786734 19.4795691496
168.835064792 23.6800747647
167.047045306 27.9560110866
165.401755941 32.2975625063
163.901315586 36.6958243139
162.553387657 41.1425930839
161.373551269 45.6301322701
160.389343454 50.1508791618
159.647488163 54.6970249102
159.227594111 59.2598198557
159.270060156 63.8282539374
160.038429453 68.3861835863
162.076436972 72.9050675113
166.670007397 77.3218736083
177.475202553 81.4533865982
205.889896921 84.5756833482
231.870081148 87.9700546891
295.924782091 84.7495202185
305.282445346 80.1685128632
307.691293313 75.4671167524
308.177673958 70.7414373421
307.859891892 66.015153945
307.119130112 61.2988266501
306.117615101 56.5993363221
304.933736797 51.9223689412
303.607962844 47.2733029987
302.161369805 42.6576156924
300.604080159 38.0811195385
298.939454528 33.5501358384
297.166312134 29.0716475878
295.280162652 24.6534514348
293.273914357 20.3043189175
291.138297752 16.0341727565
288.862140221 11.8542811878
286.432579184 7.77747074134
283.835280942 3.81835458766
281.054726968 -0.00643114240934
278.074632451 -3.67799755509
274.878568432 -7.17500393082
271.450863717 -10.4735265755
267.777857892 -13.5470485059
263.849551236 -16.3666393744
259.661637104 -18.9014075071
255.217795947 -21.1193060644
250.531977874 -22.9883517688
245.63023094 -24.4782564391
240.551512613 -25.562376554
235.346943432 -26.2197766727
230.07717458 -26.4370781347
224.808111983 -26.2097136604
219.605621242 -25.5424218694
214.530202792 -24.448766012
209.632728187 -22.9498225388
204.951877092 -21.0723269157
200.51342499 -18.8466179872
196.331080356 -16.304693169
192.40832807 -13.4785847602
188.740716282 -10.399150109
185.318147102 -7.09527360216
182.126901617 -3.59342116346
179.15128118 0.0825349518279
176.374852328 3.91130276138
173.781341947 7.87403762696
171.355254337 11.9541423537
169.082286303 16.1370371811
166.949611511 20.4099236473
164.946098801 24.7615566401
163.062526313 29.1820321109
161.291858914 33.662593243
159.629677299 38.195454608
158.074896119 42.7736412647
156.631014227 47.3908369423
155.308370609 52.0412309171
154.128409587 56.719343612
153.132281381 61.4197873839
152.399782855 66.1368532816
152.096460624 70.8636025689
152.612985868 75.5893058331
155.104368444 80.2896180646
164.846160502 84.8637018125
336.554687851 87.3949999289
323.944282836 82.6200052742
320.13507433 77.7897467244
317.657170518 72.9581262493
315.614133472 68.1343228924
313.754099797 63.323327602
311.975909125 58.5293188294
310.228694063 53.756391817
308.482077739 49.0088198133
306.715090846 44.2911977957
304.911351418 39.6085542587
303.056697635 34.9664587873
301.137898161 30.3711370619
299.141879647 25.8295997293
297.055222254 21.3497896734
294.86380679 16.9407513523
292.552560199 12.6128251588
290.105280794 8.37786867507
287.504547662 4.24950476219
284.731737943 0.243393044665
281.767194787 -3.62248425141
278.590608835 -7.32753991388
275.18169562 -10.8483335463
271.521265274 -14.1584060209
267.592778866 -17.2282670852
263.384450708 -20.025629943
258.89186629 -22.5160038375
254.120922878 -24.663753629
249.090668785 -26.4336962436
243.835371817 -27.7932120486
238.405005928 -28.7147056088
232.863458732 -29.1780818036
227.284254253 -29.1727707073
221.744335438 -28.698878712
216.317090416 -27.7671852136
211.066146153 -26.3979670924
206.041146718 -24.6189480993
201.276020301 -22.4628217448
196.789507164 -19.9647971855
192.587252269 -17.1604978235
188.664652764 -14.0843763702
185.00979516 -10.7686660217
181.606063501 -7.24279653244
178.434229842 -3.53316584006
175.473999313 0.336843558462
172.705070356 4.34669682354
170.107804791 8.47845758099
167.663603875 12.7165053565
165.355072401 17.0472500441
163.166033204 21.4588609891
161.081434472 25.9410195788
159.087173103 30.4846986882
157.169838086 35.0819689896
155.31635459 39.7258302198
153.513474375 44.4100644343
151.746993817 49.1291075625
150.000445322 53.877934698
148.252689277 58.651952613
146.472996543 63.4468876213
144.609701971 68.2586403414
142.559547262 73.0830189489
140.063633144 77.9149855878
136.188654909 82.745112889
122.825256151 87.5150796649
49.0703273994 86.5107414164
353.725532823 83.9191486812
336.730366228 79.5085705884
329.151740415 74.7919135913
324.498050017 69.9914900337
321.076950797 65.163940718
318.273479443 60.3314724389
315.810849661 55.5058902741
313.544508203 50.6951581403
311.389811171 45.9057173639
309.292177002 41.1434827764
307.213203977 36.4143537653
305.123576461 31.7245292847
302.999144512 27.080742
300.818602508 22.4904636276
298.562025751 17.9621080951
296.209895859 13.505247912
293.742426012 9.13085354241
291.139092879 4.85156196541
288.378339776 0.681977120067
285.437456777 -3.36099985339
282.292678809 -7.25782011678
278.919576713 -10.9859375948
275.293848429 -14.5194991259
271.392641174 -17.8291375641
267.196534812 -20.881962067
262.692264862 -23.641872675
257.876125461 -26.0703494359
252.757740644 -28.127858807
247.363541345 -29.7759540942
241.7389399 -30.980000516
235.948065271 -31.7122372165
230.070258104 -31.9546601774
224.193404875 -31.7011004613
218.405299235 -30.9579793401
212.785019699 -29.7435271959
207.396318066 -28.0856776975
202.284190587 -26.0191724981
197.474677624 -23.5825031855
192.977077914 -20.8151981223
188.787441152 -17.7557368211
184.892336849 -14.4401577517
181.272244825 -10.9012807571
177.904262263 -7.168400714
174.764071726 -3.26730246443
171.827250448 0.779529420014
169.070051544 4.95259956488
166.469787643 9.23505207179
164.004923466 13.6123204368
161.65495156 18.071798017
159.400091453 22.6025383883
157.220817051 27.194987556
155.097175659 31.840745236
153.007803641 36.5323489385
150.928446455 41.2630709597
148.829607366 46.0267126915
146.672569777 50.8173691965
144.402186202 55.6291109862
141.932735122 60.4554652322
139.117430541 65.2883998877
135.674274875 70.1159479181
130.973872144 74.9154467205
123.27222146 79.6285705126
105.809532809 84.0231824091
26.8712169399 83.3468135423
357.279707995 80.2834931239
342.853683773 76.07331546
334.664221394 71.4884359698
329.193886919 66.7564365435
325.086462154 61.959543328
321.737465187 57.1347890658
318.840241087 52.3022414447
316.2221232 47.4746858218
313.777086189 42.6615351144
311.434866739 37.8706374608
309.145480026 33.1092224684
306.87085212 28.384464425
304.579993257 23.7038682278
302.246043489 19.0755756223
299.844361415 14.5086426915
297.35122414 10.0133179049
294.742908887 5.60133911926
291.995039092 1.28626142431
289.082148379 -2.91617765031
285.97746866 -6.98765558117
282.652995976 -10.9068348109
279.079935288 -14.6489306358
275.22967229 -18.1853262664
271.075455848 -21.4833183707
266.594973935 -24.5061200454
261.773925118 -27.2132943145
256.610470064 -29.5618213174
251.120052525 -31.5079826208
245.3395485 -33.0101334796
239.329239121 -34.0322006489
233.171080414 -34.5474211786
226.962510901 -34.5415553916
220.806533011 -34.0147536826
214.800349893 -32.9815375039
209.025503223 -31.468897438
203.541774455 -29.5130581922
198.385547824 -27.1557375847
193.571847512 -24.4406610185
189.09851568 -21.4108077747
184.951034335 -18.1065454353
181.1069615 -14.5645781645
177.539481433 -10.8175242553
174.219959771 -6.89392008309
171.119608618 -2.81847829179
168.21044509 1.38752572718
165.46572642 5.70582153171
162.860008689 10.1207141349
160.368929357 14.6186823242
157.968766117 19.1880143919
155.635777164 23.818481121
153.345274823 28.5010393808
151.070313161 33.2275543044
148.77975623 37.990521448
146.435287903 42.7827592335
143.986519396 47.5970199301
141.362494123 52.4254197912
138.45593984 57.2584782978
135.091795766 62.083276862
130.958394787 66.8794630083
125.439521105 71.6093169969
117.147488221 76.1886555701
102.471312791 80.3830510783
72.3313712469 83.3952728304
49.691204819 81.2556807437
18.5478297721 79.879872137
358.250595901 76.6240633717
346.071764469 72.5125937094
338.146281061 68.0262291605
332.465330746 63.3603896178
328.054048402 58.6025045004
324.40807755 53.7971061096
321.244902587 48.9698702204
318.394107681 44.1374345744
315.745761851 39.3118549097
313.224379354 34.5028357994
310.77489836 29.7189594232
308.354670931 24.968434874
305.928629318 20.2596107928
303.466211836 15.6013735059
300.939305206 11.0034973933
298.320799734 6.47698725348
295.583536515 2.03443839627
292.699533614 -2.30956820081
289.639451196 -6.5380251523
286.372315563 -10.6310100615
282.865581244 -14.5651594428
279.085674323 -18.3131361708
274.999226553 -21.8431539535
270.575261596 -25.1186698637
265.788591227 -28.0984176697
260.624548764 -30.7370192827
255.084837058 -32.9864486938
249.193643946 -34.7985775922
243.002384043 -36.1288386234
236.590858275 -36.940672929
230.062914063 -37.2099703591
223.53625353 -36.9284004048
217.128422157 -36.1046393587
210.942841102 -34.7630933852
205.058726604 -32.9405321055
199.526879921 -30.6816367688
194.370947679 -28.0345630042
189.592215436 -25.0472998123
185.1757317 -21.7651484478
181.096138124 -18.2292793026
177.322374783 -14.4761354075
173.821048231 -10.5374084027
170.558594334 -6.44035092642
167.502494818 -2.20825410981
164.621808106 2.13901967533
161.887222601 6.58451146685
159.270774156 11.1136782115
156.745305459 15.7139531587
154.283685959 20.3743516529
151.857750753 25.0851116403
149.436843193 29.8373513781
146.985736904 34.6227183456
144.461527257 39.4329890966
141.808737055 44.2595523385
138.951194876 49.0926509893
135.777797479 53.9201357876
132.11602601 58.7251967675
127.679357514 63.4818206992
121.955249264 68.1447554365
113.9509951 72.624868713
101.619256652 76.7222881278
81.0474054116 79.9448825586
36.4760997599 78.4062333796
13.9284190409 76.3375055472
358.352244271 72.9589339014
347.856853227 68.8947706588
340.41306944 64.4759453696
334.784937972 59.8644822977
330.276359979 55.1439271084
326.485326161 50.3611146171
323.167871426 45.5447276805
320.167782961 40.7139628889
317.379581679 35.8828663528
314.728204352 31.0626671432
312.157324002 26.263133123
309.622314869 21.4934292046
307.085811618 16.7627178146
304.514768594 12.0806296475
301.878414534 7.45767839237
299.146761126 2.90566549677
296.289474532 -1.56189376853
293.275014794 -5.92930073644
290.070020112 -10.1781456936
286.638979952 -14.2867174037
282.944314977 -18.2293610787
278.947068616 -21.9758233706
274.608509744 -25.4906675225
269.893021035 -28.7329086671
264.772636258 -31.6561070261
259.23337242 -34.209246805
253.282929755 -36.3387702101
246.958339356 -37.9920398477
240.330975683 -39.1221712524
233.505780882 -39.6936007021
226.612583662 -39.6871348874
219.79032516 -39.1029799464
213.16844696 -37.9607076415
206.851233754 -36.296170345
200.909305691 -34.1564243964
195.378996719 -31.5941668068
190.267457099 -28.6629279017
185.56032545 -25.4136405301
181.229410046 -21.8926341405
177.238984055 -18.1407763122
173.550284558 -14.1933922109
170.124369103 -10.0806358802
166.923694953 -5.82807764539
163.912794519 -1.45735931783
161.058344457 3.01316476413
158.328831215 7.56783868756
155.693929232 12.193178743
153.123634184 16.877405012
150.587126658 21.6100160077
148.051269178 26.3813839668
145.478542693 31.1823392416
142.824075902 36.0036972076
140.031153662 40.8356530121
137.024092832 45.6669140898
133.696400471 50.4833265047
129.890148881 55.2655059343
125.358353636 59.9844273092
119.693471412 64.5925936455
112.189036351 69.005091308
101.590851957 73.0569269649
85.8505838451 76.4110138279
63.1259470316 78.4351031008
49.8436427573 76.1891267546
28.2406033621 75.2461618912
10.8039657785 72.7640443938
358.087092964 69.2921065198
348.861014289 65.2477776897
341.92134733 60.8738563291
336.457065008 56.3045648683
331.961893984 51.6164290302
328.118085187 46.8556706648
324.71986263 42.05212063
321.628540628 37.2264320453
318.746527429 32.3939945994
316.001962662 27.5671800001
313.339344469 22.7567147659
310.713593341 17.9725851603
308.086133671 13.2246905684
305.422186737 8.52336787126
302.688806728 3.87986134876
299.853385368 -0.69321259025
296.882470016 -5.18137036498
293.740823738 -9.5677090366
290.39072764 -13.8322780169
286.791602875 -17.9513670288
282.900125063 -21.8967228315
278.671124454 -25.6347435706
274.059702386 -29.1257613176
269.025104218 -32.3236183568
263.536858908 -35.1758685893
257.583324002 -37.6250603243
251.181820791 -39.6115945268
244.387961069 -41.0784567998
237.300132291 -41.9775551164
230.054854248 -42.2765161362
222.811320675 -41.9640335894
215.728464939 -41.0518854128
208.942115316 -39.5728331884
202.549752337 -37.5752217837
196.606093752 -35.1161748834
191.127732117 -32.2552830606
186.102516635 -29.049911777
181.499672893 -25.5523810667
177.278300122 -21.8087109235
173.393458429 -17.8584373546
169.799998066 -13.7350450645
166.454644248 -9.46668829243
163.316876227 -5.07699664904
160.349028278 -0.585857037178
157.515903008 3.98987619687
154.784067421 8.63575482187
152.120907215 13.3391860281
149.493437955 18.0889383162
146.866799779 22.8746769495
144.202278066 27.6864932058
141.454571775 32.5143776538
138.567834548 37.3475620191
135.469670611 42.173605366
132.061645073 46.9770048941
128.203715806 51.7369196228
123.687870451 56.423196193
118.192600051 60.9890354628
111.205340278 65.3568342728
101.90543723 69.390313206
89.0793355309 72.8429397305
71.5135096119 75.2922975804
40.2570735941 73.4949436747
22.6188010535 71.9319345898
8.44854956815 69.1731008403
357.653526018 65.6244127949
349.409638086 61.5845571758
342.938941311 57.2398425626
337.680613289 52.7024600599
333.25741934 48.0413300534
329.416789783 43.3006129356
325.986186939 38.510106505
322.844074301 33.6911063696
319.901684076 28.8598104008
317.091516796 24.0293846393
314.359931135 19.2112876396
311.662219641 14.4161798804
308.959208513 9.65460417483
306.214800654 4.93754880721
303.394107878 0.276965531362
300.461957622 -4.31370669066
297.381653082 -8.81897297847
294.11394 -13.22063703
290.616208199 -17.4970545614
286.842049065 -21.6222742434
282.741417727 -25.5650801152
278.261820562 -29.2879983483
273.351151741 -32.7464177589
267.962963522 -35.8881102152
262.064883124 -38.6536191614
255.650238215 -40.9781561083
248.751339412 -42.7956568792
241.45035413 -44.0452620674
233.881584282 -44.679528158
226.219826401 -44.6723891251
218.65506164 -44.0241285782
211.361444376 -42.761322634
204.472226263 -40.9317782307
198.068439267 -38.5965387297
192.181424788 -35.8216937355
186.803819797 -32.6719476023
181.902836706 -29.2066143114
177.431828584 -25.4777602268
173.33863403 -21.5298400144
169.57078672 -17.4001886607
166.078308565 -13.1199055176
162.814869236 -8.71484771117
159.737931382 -4.20658586087
156.80829803 0.38673938001
153.989307681 5.04967319943
151.245795909 9.7688030906
148.542849739 14.5321914323
145.844306294 19.3288521934
143.110872652 24.1482322959
140.297649386 28.9796463457
137.350699121 33.8115918412
134.2020718 38.6308317297
130.762311947 43.4210557514
126.908822262 48.1607889326
122.467408652 52.8199405914
117.182902733 57.3538580146
110.674080787 61.6927711266
102.374593118 65.7230107815
91.5015247723 69.2558206661
77.2363729124 71.9892583935
59.5226366868 73.5158660642
49.9137376476 71.2560247532
33.1982627848 70.5293945011
18.4909969746 68.5297630236
6.55620642241 65.5700088577
357.144925473 61.9558054916
349.681281839 57.9116828741
343.630825376 53.5854517995
338.588941484 49.0719650841
334.267663544 44.4329429284
330.463992494 39.709863318
327.032923046 34.9317917873
323.86830059 30.1201054523
320.889927429 25.2914010456
318.034941173 20.4593498725
315.251969395 15.6359406454
312.497058044 10.8323681408
309.730726206 6.05972370066
306.915732009 1.32958716515
304.015283749 -3.34541111915
300.991529685 -7.95100614027
297.804234296 -12.4706485329
294.409617904 -16.884751396
290.759419607 -21.1698023383
286.800361664 -25.2973238318
282.474370198 -29.2326972992
277.720158612 -32.9339330067
272.477086549 -36.3505910566
266.692445208 -39.4232586812
260.333156026 -42.0842553235
253.401701229 -44.2604686133
245.953337888 -45.8791582834
238.107713793 -46.8768143398
230.045714298 -47.2095638872
221.986126811 -46.8618716611
214.147297143 -45.8499224312
206.708970711 -44.2180988091
199.789379886 -42.030204629
193.442491789 -39.359062663
187.669839986 -36.2777129227
182.43776912 -32.8536771875
177.693292719 -29.1461781922
173.375692387 -25.2054693158
169.423717355 -21.0733748313
165.779382927 -16.7843752041
162.389516027 -12.3668373588
159.205954119 -7.84418801146
156.18499768 -3.23594991939
153.286466518 1.44137339532
150.472534955 6.1735470783
147.70640366 10.9479570465
144.950783347 15.7530266634
142.166096444 20.5776544321
139.308228082 25.4106203058
136.325557338 30.2398913758
133.154848775 35.0517262551
129.715349322 39.8294201747
125.900076872 44.5514293175
121.562790606 49.1884271385
116.498658257 53.6985189156
110.417081419 58.0193082851
102.910054556 62.0548460471
93.4401788671 65.6556231829
81.4337405629 68.5948798412
66.6587641914 70.5653374965
42.2976438226 68.6557848721
27.8278824157 67.3919527921
15.2944600984 65.0712307457
4.97584064711 61.9572208493
356.610813906 58.2860156545
349.78159433 54.2327494757
344.10342488 49.9177514593
339.274093888 45.4221364681
335.06880352 40.8011548325
331.32226504 36.0934215419
327.911834929 31.3268834554
324.744615439 26.5226290337
321.74821368 21.6973538593
318.864224156 16.8650054564
316.043589566 12.0379320711
313.243212398 7.22773756135
310.423380033 2.44597224344
307.54570474 -2.29525194282
304.571376697 -6.98265644778
301.459598997 -11.6011473921
298.16613448 -16.1330743039
294.641962723 -20.5573501
290.832143401 -24.8483911904
286.675139064 -28.9748524926
282.103102764 -32.8981737235
277.044013095 -36.571045625
271.427011113 -39.9360834283
265.192646636 -42.9252923086
258.309377043 -45.4613033531
250.795512774 -47.4616600188
242.741010737 -48.8471734698
234.31757377 -49.5539352833
225.764325621 -49.5460140233
217.346461734 -48.8238059569
209.302011991 -47.4239369278
201.80097334 -45.4107669787
194.931593523 -42.8636602135
188.710867582 -39.8650295023
183.106437056 -36.4920713032
178.058455795 -32.8125573554
173.495951004 -28.8836490075
169.346946554 -24.7524570498
165.543713818 -20.4573771475
162.024854454 -16.0296237805
158.735559446 -11.4946803697
155.626917535 -6.87355966651
152.654771794 -2.18385934066
149.778373108 2.55936147789
146.958924122 7.3428433907
144.158010185 12.1544793652
141.335845676 16.9827098992
138.449203075 21.8159065818
135.44882082 26.6416781011
132.275988333 31.4460095223
128.857866654 36.2121035564
125.10091163 40.9187192243
120.881549314 45.5376791789
116.033171451 50.0300157932
110.329183167 54.3399343664
103.465180047 58.3854844127
95.0545333428 62.0451066105
84.6802888314 65.1420751788
72.0897084559 67.4389097672
57.5809849988 68.6723717585
49.9547013048 66.4120384164
36.2221572212 65.8161988589
23.6101196158 64.1390876798
12.7230905495 61.5730835019
3.62433218478 58.3360292772
356.0799579 54.614774834
349.777079782 50.5498683875
344.428366645 46.2412928219
339.801525224 41.7591529456
335.717495934 37.1530115806
332.03989147 32.4586635376
328.664116385 27.7027447844
325.508477445 22.9058194796
322.507450959 18.0844674576
319.606690576 13.2527349953
316.759298921 8.42318891016
313.922966752 3.60773272197
311.057679844 -1.18170665244
308.123773772 -5.93254251441
305.080178076 -10.6308786606
301.882741709 -15.2607890918
298.482583663 -19.8034706872
294.824485027 -24.2362110729
290.84546023 -28.5311162922
286.473860652 -32.6535601485
281.62973391 -36.5603711451
276.227741172 -40.1979030003
270.184677342 -43.5003990613
263.434162361 -46.3895124742
255.950267755 -48.7764325758
247.777796544 -50.5684306071
239.058597543 -51.6809229838
230.03497926 -52.0534790421
221.014782019 -51.6643060616
212.305068831 -50.5361080199
204.146214705 -48.7299864133
196.677833303 -46.3308467909
189.942890854 -43.4314318958
183.914285141 -40.1203731247
178.525058364 -36.4757560685
173.691833729 -32.5630681675
169.329327368 -28.4357158183
165.357743456 -24.1366728765
161.705617809 -19.7004103559
158.310138852 -15.1547044905
155.116233622 -10.52218113
152.075132108 -5.82158230529
149.142757049 -1.06879374474
146.278073509 3.72231111245
143.441412458 8.53915283487
140.592710904 13.369796977
137.689559264 18.2023169731
134.684896074 23.0241050016
131.524128387 27.82105108
128.141375692 32.5764809048
124.454438496 37.269692028
120.358013812 41.8738456918
115.714746951 46.3528477298
110.34431497 50.6566917181
104.012945642 54.7146211443
96.4320570824 58.4257313311
87.2890448178 61.6482990012
76.3544885466 64.1943422813
63.7030238578 65.8457766237
43.5950170473 63.8700083436
31.3099091203 62.8048586367
20.2076526254 60.8041921483
10.5983412706 58.0450159969
2.45236336676 54.7072249924
355.570437868 50.9418977597
349.71191439 46.8643910212
344.655806084 42.5591732746
340.219216233 38.0874131682
336.256926262 33.493715389
332.654928702 28.8112028235
329.323198069 24.0651252358
326.189422882 19.2753781473
323.194007199 14.4582742075
320.286180001 9.62782182443
317.420943543 4.79669026097
314.556605217 -0.0230129454179
311.652680515 -4.81906036117
308.667997379 -9.57844637222
305.558868835 -14.2866885351
302.277235858 -18.9270257526
298.768728619 -23.4794458374
294.970674628 -27.9194681833
290.810238999 -32.2166050702
286.203185987 -36.3324430356
281.054307108 -40.2183567244
275.261472395 -43.8130544803
268.726457527 -47.0405552474
261.376468546 -49.8098974812
253.198505589 -52.0187685936
244.280914474 -53.5635979758
234.842073885 -54.3569339254
225.216539812 -54.3480690694
215.785678868 -53.5375714731
206.882104885 -51.9771094258
198.721354364 -49.7546824639
191.38920135 -46.9739817733
184.870929115 -43.7371490228
179.092880883 -40.1348415263
173.956565789 -36.2427137839
169.359917367 -32.121764882
165.207934597 -27.820380873
161.41662668 -23.3767895395
157.913388672 -18.8213395093
154.635741051 -14.1784102786
151.529463162 -9.46794315801
148.546600903 -4.70665247768
145.643529239 0.091006386616
142.779095713 4.91203801086
139.912791732 9.74420962254
137.00285271 14.5753927027
134.004153033 19.3928796343
130.865725125 24.1826025518
127.527688977 28.9281618168
123.917335757 33.6095371317
119.944097213 38.2013004002
115.493245255 42.6700733513
110.418651222 46.9708855618
104.536386531 51.0420500536
97.6245950491 54.7983885693
89.4426776839 58.1236521599
79.793820188 60.8658523986
68.6550995687 62.8446471147
56.3472328309 63.8838198637
49.9820213002 61.6192581213
38.2859725303 61.1123037924
27.2785901819 59.6665904602
17.4042193634 57.4079823776
8.80999073146 54.4930779438
1.42912096844 51.071384112
355.094529705 47.2673159577
349.616942822 43.1772869195
344.822244513 38.8736432284
340.563460422 34.4102087386
336.720910829 29.8272726221
333.198115151 25.1554764725
329.91685252 20.4186766247
326.812637203 15.636015907
323.830927908 10.8234333395
320.924030121 5.99479344624
318.048538009 1.16277089165
315.163144172 -3.66040807857
312.22665738 -8.46228774701
309.196086229 -13.2295001385
306.024664422 -17.9470111929
302.659715389 -22.5972244225
299.040295109 -27.1588589472
295.09464416 -31.6055038424
290.737686835 -35.9037407583
285.869253433 -40.0107434652
280.374557629 -43.8713568932
274.129933735 -47.4149324818
267.018817895 -50.5528190279
258.964057616 -53.1785250278
249.97864239 -55.1739136282
240.221629029 -56.4248947012
230.021855793 -56.8461794463
219.827113978 -56.4062284139
210.083749459 -55.1378968062
201.117183081 -53.1273576111
193.082888817 -50.4890095805
185.991305774 -47.3408578545
179.763961507 -43.7890439472
174.283867253 -39.9218200543
169.427425294 -35.8094740842
165.080125877 -31.5068684637
161.14212658 -27.0566054759
157.528656134 -22.491938186
154.168208973 -17.8391589391
151.000038128 -13.1194662481
147.971609562 -8.3504023154
145.03624943 -3.54696917653
142.151012371 1.27747877697
139.274708383 6.11048307269
136.365985317 10.9397989144
133.381342216 15.7527162652
130.272930928 20.5353156005
126.98598566 25.2715782367
123.455708644 29.9422490135
119.603459756 34.5233145527
115.332214452 38.9839141352
110.521624137 43.2834537344
105.023974727 47.3676902473
98.6645276434 51.1637186121
91.2539640804 54.5744320004
82.6266195249 57.4746838812
72.7197488483 59.7144797267
61.6875236565 61.1374762984
44.5082450008 59.1095763814
33.8307013247 58.1877454471
23.9247254261 56.4315075355
15.0574282872 53.9639269757
7.28692299144 50.9213074351
0.534756746368 47.4290077426
354.661281574 43.5910945333
349.514791714 39.4893570021
344.955310103 35.186472496
340.862642197 30.7301549654
337.136731543 26.1569296252
333.694982444 21.4951567256
330.468790682 16.7673296577
327.400195575 11.9917931651
324.438935094 7.18403717002
321.539915306 2.35769808283
318.661002281 -2.47462767366
315.761011561 -7.30067414547
312.7977627 -12.1078291066
309.726065513 -16.8824229394
306.495505564 -21.6089117068
303.047904363 -26.2688702327
299.314363691 -30.8396898553
295.21190917 -35.2928482979
290.640024405 -39.5915957647
285.478010628 -43.6879125277
279.585456235 -47.5187179915
272.810554508 -51.0017233152
265.014384418 -54.0323171099
256.120737915 -56.484704189
246.191944327 -58.222543086
235.500552394 -59.1234663624
224.529068862 -59.1134130757
213.849570658 -58.193229393
203.940906809 -56.4383369089
195.07072923 -53.9717323531
187.297529692 -50.9297251721
180.543029222 -47.4377178844
174.667611279 -43.59983062
169.519531482 -39.497901962
164.958750913 -35.1946503784
160.865012692 -30.7378229894
157.138206005 -26.1639719366
153.695690436 -21.5014799415
150.46882567 -16.7728598689
147.399621752 -11.9964740233
144.437792363 -7.18782875408
141.538222639 -2.3605763275
138.658759653 2.47267112485
135.758200657 7.29963173596
132.794346472 12.1076768294
129.721986633 16.8831194333
126.490683767 21.6103969027
123.042232706 26.2710634105
119.307703914 30.842486916
115.204086805 35.296118016
110.630825352 39.5951748086
105.467183159 43.6915992571
99.5727265158 47.5222657437
92.7956700226 51.0048356009
84.9972047512 54.0346504824
76.1013831737 56.4858891202
66.170963233 58.2222345296
55.4789836141 59.1214233672
50.0018705367 56.8431933383
39.8083058696 56.4016496084
30.0669561344 55.131922659
21.1028328212 53.1202870075
13.0710290975 50.4811754462
5.98174107763 47.3325782742
359.756391694 43.7805986773
354.277978729 39.9134450391
349.422936064 35.8013647064
345.076801129 31.4991854698
341.139779436 27.0494807268
337.527142496 22.4854792712
334.167420956 17.8334525459
330.999898004 13.1145804718
327.972064921 8.34638815199
325.037269669 3.54386140221
322.15258649 -1.27966119096
319.27684397 -6.11173691913
316.368708711 -10.9401370457
313.384699833 -15.7521682391
310.276991848 -20.5339287433
306.990845596 -25.2694192529
303.461495399 -29.9394063457
299.610340073 -34.5199017814
295.340401566 -38.9800747867
290.531383743 -43.2793678701
285.035623574 -47.3635829312
278.678411933 -51.1598693286
271.27039377 -54.5711813477
262.64572617 -57.4724282571
252.741257086 -59.7136373324
241.710528835 -61.1384084715
230.005015778 -61.6221584632
218.307295365 -61.1171187069
207.297038979 -59.6730386172
197.41933362 -57.4156587233
188.821905149 -54.5015629481
181.438264876 -51.0803065005
175.101398406 -47.2763708582
169.621984579 -43.1862310038
164.825824576 -38.8822830715
160.565861137 -34.4183897019
156.722344096 -29.8348703405
153.198736667 -25.1623909414
149.916774081 -20.4248283153
146.811936213 -15.64134333
143.82965428 -10.8278916064
140.922211007 -5.99835351793
138.046180796 -1.16541931721
135.160238062 3.65866904781
132.223173773 8.46143971789
129.191978072 13.2295078094
126.019864585 17.9478212125
122.65413421 22.5987637834
119.033817323 27.1610327869
115.087125789 31.608192502
110.728953333 35.9067959866
105.859101841 40.0139838252
100.362768006 43.8745629185
94.1162988095 47.4178432274
87.0032030021 50.5551337238
78.9464991212 53.1799164094
69.9594694086 55.1740611091
60.2015437615 56.4235404047
45.1981382339 54.344306427
35.7686718285 53.5324228862
26.8670518817 51.9707953642
18.7084916022 49.7474875598
11.3785005661 46.9662051147
4.86220419103 43.7290714046
359.085881724 40.1267104682
353.95103827 36.2347403213
349.355633273 32.1141260336
345.204702439 27.8132239069
341.414292579 23.3702361603
337.911833038 18.8154892848
334.634874119 14.1733431912
331.529220785 9.46372138265
328.546941192 4.70332153869
325.644430243 -0.0934169450312
322.780554171 -4.91351434288
319.914822936 -9.74475363554
317.005491527 -14.5750224431
314.00745623 -19.3916300494
310.869775208 -24.1805267348
307.532599855 -28.9253329196
303.923260533 -33.6060512354
299.951238229 -38.1972807691
295.501865714 -42.6656766428
290.429085404 -46.9663106324
284.549039957 -51.0375496857
277.639913641 -54.794282903
269.461044516 -58.120338064
259.81532421 -60.8637931895
248.67917768 -62.844314985
236.372409038 -63.8855718654
223.61917991 -63.8739402977
211.331176292 -62.8107536225
200.225080935 -60.811619368
190.611922542 -58.0534879917
182.4626006 -54.7163033808
175.577967783 -50.9512278444
169.717317271 -46.8736968017
164.659547696 -42.5682408212
160.221649233 -38.0960748296
156.258310023 -33.5018380546
152.655450688 -28.8186800321
149.322991509 -24.0718721434
146.188580009 -19.2813284416
143.192588666 -14.4633783086
140.284221328 -9.63204593131
137.418459331 -4.80001597047
134.553591663 0.0205886103238
131.6491166 4.81752459749
128.663844995 9.57776994463
125.554072017 14.2868248083
122.27171931 18.9279093552
118.76239578 23.4809908764
114.963405775 27.9215659206
110.801890392 32.2191210058
106.193591977 36.3352134768
101.043288749 40.2211852642
95.248858289 43.8157095339
88.7121245556 47.0427711037
81.3604085529 49.8113831622
73.1809123208 52.0192301485
64.2622578254 53.5627778243
54.8230986097 54.3546619503
50.0172041068 52.0504268999
40.9978775369 51.6599239801
32.2896357283 50.530540636
24.1326156118 48.7234602311
16.6661861599 46.3236275254
9.93313036262 43.4237885044
3.90624206533 40.1125555609
358.518523901 36.4679854079
353.686599928 32.5555346049
349.325207627 28.4285804767
345.354580278 24.1300708771
341.703283743 19.6944538749
338.308534411 15.1494853093
335.115284295 10.5177725673
332.074785508 5.81804058276
329.142980703 1.06615887721
326.2788535 -3.72401481485
323.442753031 -8.5399165953
320.594635157 -13.3696276901
317.692111096 -18.2012376766
314.68814365 -23.022155759
311.528169528 -27.8182904272
308.146345762 -32.5729881149
304.460521448 -37.2655706021
300.365456925 -41.8692286968
295.723878847 -46.3479058715
290.355563132 -50.6516452527
284.026840287 -54.7097564087
276.44918592 -58.4214203445
267.309883272 -61.6450126903
256.379006595 -64.1926298418
243.730121768 -65.8461641624
229.98201335 -66.4148338029
216.246920449 -65.8213240117
203.630549098 -64.146116407
192.738839832 -61.5814488938
183.635963852 -58.3452031192
176.088305623 -54.6243355894
169.782912416 -50.5594981287
164.432289742 -46.2507530084
159.803985367 -41.7682614989
155.718813235 -37.1616264577
152.040292288 -32.4666721226
148.66375906 -27.7100573657
145.507470805 -22.9123653682
142.505867103 -18.0901927683
139.604573493 -13.2576014729
136.756670145 -8.42717342794
133.9198289 -3.61082723259
131.054018616 1.1794948341
128.119558786 5.93119015077
125.075362818 10.6303457621
121.877262828 15.2610177942
118.476359879 19.8043837899
114.817416088 24.2377101879
110.837426692 28.5330795866
106.464725874 32.6558397644
101.619350686 36.5627906293
96.2159667535 40.2002555636
90.1714018554 43.5024483417
83.4193549188 46.3909986703
75.9340385188 48.7770878283
67.760457906 50.5680068246
59.0406872846 51.6792306759
45.7477527801 49.542319408
37.3309241898 48.8189485169
29.2879366463 47.4180828058
21.7885880301 45.4041388419
14.9209447892 42.8565036303
8.70187455123 39.8575870045
3.09894949041 36.4845669839
358.052298838 32.8051901244
353.490953079 28.8765912274
349.342953778 24.7458558127
345.540595741 20.4513564708
342.022505033 16.0242868368
338.733895821 11.4901113833
335.625878097 6.86982537598
332.654314362 2.18101004524
329.778473622 -2.56129123569
326.959576097 -7.3438344556
324.159225099 -12.1545278849
321.337654489 -16.9818275309
318.451659172 -21.8141210407
315.45200483 -26.6390341627
312.280015475 -31.4425706843
308.862897587 -36.2079547028
305.107168084 -40.9139708581
300.88933587 -45.5324741264
296.042903869 -50.0245397716
290.341418853 -54.3344323171
283.480630496 -58.3802843323
275.073995769 -62.0406490314
264.704351231 -65.1389320245
252.118046772 -67.4377412128
237.611494263 -68.6737411089
222.326676061 -68.6598619905
207.852269771 -67.398388596
195.313102908 -65.0793756965
184.989290766 -61.9664240113
176.620185662 -58.2957623152
169.787936579 -54.2426659883
164.107543947 -49.9275690199
159.276564736 -45.4316568722
155.070025018 -40.8102270442
151.322511433 -36.1019273035
147.911293912 -31.3347288301
144.743414244 -26.5297395591
141.746436416 -21.7036718554
138.861923192 -16.8704886225
136.04079292 -12.0425528717
133.239928421 -7.23148311347
130.419600231 -2.44884454665
127.541405282 2.29323551455
124.56651898 6.98146242278
121.454129553 11.6007252442
118.159984523 16.1333552408
114.635047712 20.5582455751
110.824363237 24.8497911409
106.666379947 28.9766233888
102.093242401 32.9001566902
97.0329317855 36.5730552354
91.4146120327 39.9379083369
85.1788883532 42.9266996786
78.2943180743 45.4620497656
70.7793595462 47.4615114095
62.724147404 48.8459342625
54.3005443857 49.55148154
50.0296230856 47.2064662101
41.9707024728 46.85766688
34.1329801651 45.8447199704
26.6960575302 44.2120739015
19.7780080261 42.0235707545
13.4326657291 39.3520456692
7.66147500021 36.2705322232
2.43073359671 32.8465348577
357.687439725 29.1392541799
353.370879349 25.1989204141
349.419816459 21.0673355338
345.776285494 16.7789592561
342.387133509 12.3621393767
339.204217473 7.84028488959
336.183856231 3.23290193695
333.285886915 -1.44352177234
330.472500604 -6.1747666728
327.706914882 -10.9482337
324.95185849 -15.752361215
322.167774256 -20.5760629741
319.310571769 -25.4081347935
316.328660988 -30.2365607386
313.158847189 -35.0476182747
309.720432845 -39.824624585
305.906513571 -44.5460629008
301.570958808 -49.1826421373
296.509091929 -53.6925169455
290.430524496 -58.0133630846
282.927493289 -62.0493387999
273.462735241 -65.6510886519
261.462123596 -68.5920334544
246.69194153 -70.5649805494
229.947744866 -71.2586966492
213.22793985 -70.5349711778
198.513629326 -68.5375406419
186.572099623 -65.5791671713
177.15560144 -61.9656939316
169.688225714 -57.9218506643
163.63514324 -53.5955919616
158.591388261 -49.0818613392
154.268741544 -44.4424354718
150.464034982 -39.7188290974
147.032151711 -34.940133551
143.866862654 -30.1277457635
140.887919192 -25.298279081
138.032422935 -20.4654198001
135.248974913 -15.6411709194
132.493600499 -10.8367413482
129.726801876 -6.06323676149
126.911322411 -1.3322517805
124.010356738 3.34356781964
120.986039861 7.94994076597
117.798123029 12.4703004121
114.402813336 16.8850413636
110.751837121 21.1706313482
106.791905606 25.2985714736
102.464938035 29.2342204278
97.7096492875 32.9355649312
92.4654152679 36.3521421203
86.6795667848 39.4245195935
80.3190971514 42.0850051216
73.3865972054 44.2604891861
65.9374614042 45.8782561804
58.0914762242 46.87484745
46.2046740636 44.6687657025
38.6407002532 44.0195377016
31.3482010747 42.7558924112
24.4603026418 40.9256849716
18.0579133206 38.5899840788
12.1722771359 35.8148849521
6.79596807053 32.665083787
1.89616646671 29.1998784933
357.426215918 25.471315823
353.333959724 21.5238299764
349.566943945 17.3947360015
346.075206314 13.1151143866
342.812433324 8.71080455934
339.736104265 4.20336048193
336.807038256 -0.389093011358
333.98858946 -5.05111630806
331.245609158 -9.76931169253
328.543200854 -14.5317561318
325.845219968 -19.3274781988
323.112395118 -24.1459397001
320.299853724 -28.9764707705
317.353693597 -33.807585631
314.206012837 -38.6260660251
310.767424315 -43.4156240296
306.915430651 -48.1548130685
302.475986872 -52.8135813499
297.194148094 -57.3473334355
290.689014218 -61.6863887477
282.394639276 -65.7172218108
271.528340812 -69.251296047
257.270733879 -71.9869273734
239.561782152 -73.5166943333
220.293816323 -73.4992789997
202.647160933 -71.9391397468
188.467859941 -69.1821272543
177.665901002 -65.6344009065
169.417285602 -61.5949440567
162.9434366 -57.2502718094
157.682970629 -52.712695324
153.258278205 -48.0512035779
149.416555671 -43.3099982547
145.985119967 -38.5189043329
142.842342486 -33.6992373335
139.899395291 -28.8672113414
137.088738152 -24.0360068132
134.356700878 -19.217095966
131.658554521 -14.4211527838
128.955108313 -9.65873378448
126.210250922 -4.94084138832
123.38908148 -0.27944208631
120.456415544 4.31200967848
117.375544817 8.81800266715
114.107203861 13.2203232151
110.60877196 17.4973085704
106.833831545 21.6229878001
102.73233217 25.5661243436
98.251781045 29.2892232531
93.34008416 32.7476527871
87.9508226385 35.8891668634
82.0516761719 38.6542969578
75.6360527536 40.978253401
68.7363682411 42.7949872427
61.4349048166 44.0436753253
53.8660600301 44.6769321407
50.0400796706 42.2733946096
42.797069793 41.9599993445
35.7150658298 41.0470231723
28.9298063423 39.5672805957
22.5386675972 37.5691512353
16.5962725899 35.1097750901
11.1191425009 32.2487440477
6.09508163634 29.04341465
1.49329339324 25.5460921178
357.27287123 21.8027789052
353.388879886 17.8529927153
349.796180055 13.7302002248
346.451510163 9.46253836608
343.314363681 5.07362027165
340.347089237 0.583317135522
337.514503689 -3.99153176576
334.783188351 -8.63649278343
332.120543773 -13.3389873594
329.493601699 -18.0877980794
326.867520914 -22.8726043143
324.203609595 -27.6835117223
321.45659616 -32.5105258914
318.570674292 -37.3428947916
315.473505133 -42.1681959395
312.06673801 -46.9709489146
308.210460025 -51.7303421629
303.69686328 -56.4162646586
298.204768187 -60.9819838464
291.222131932 -65.350009538
281.929023228 -69.3842618838
269.11232827 -72.8385423597
251.556420203 -75.2908193479
229.889411558 -76.1916584069
208.277588581 -75.2524779402
190.828330724 -72.7728286092
178.101748387 -69.3021565798
168.869465831 -65.2583571099
161.925948694 -60.884543095
156.459215131 -56.3151011634
151.962414514 -51.6266411459
148.117467881 -46.8654309451
144.718408747 -42.0613295345
141.626437859 -37.2350095843
138.743893034 -32.4018762423
135.998868281 -27.5743148046
133.335830762 -22.7630646527
130.709678785 -17.9781248034
128.081819911 -13.2294076322
125.417461808 -8.52726345518
122.683646967 -3.88295057033
119.847756504 0.690899908364
116.876327817 5.17978891988
113.734114522 9.56679719608
110.383389019 13.8319569243
106.78356519 17.9515397267
102.891314171 21.8972735409
98.6614667235 25.6355373842
94.0491329886 29.1266447558
89.0135797697 32.3244214794
83.5243749248 35.1764096183
77.5699359577 37.6251538304
71.1676645753 39.611063904
64.3732650383 41.0771506789
57.2852113264 41.975365578
46.5985565584 39.6835922401
39.7769147908 39.0986442439
33.1559048171 37.9556793281
26.8397307243 36.2905902144
20.8989285615 34.1504579258
15.3697601649 31.587989527
10.2593232642 28.6567139439
5.55322414958 25.407554894
1.22325556158 21.8868281851
357.233687234 18.1353855745
353.545760586 14.1885356878
350.12054199 10.076416116
346.920499816 5.82458119216
343.91017858 1.45465731649
341.056267412 -3.01501601455
338.327265459 -7.568797234
335.692860293 -12.1932165805
333.123061667 -16.8765077962
330.587066035 -21.6081828925
328.051754848 -26.3786276002
325.479632999 -31.1786859869
322.825861207 -35.9991877195
320.033769411 -40.8303434064
317.027741068 -45.6608781629
313.701386268 -50.4766598822
309.896944162 -55.2583339401
305.367712862 -59.9769203802
299.706646078 -64.5849988886
292.20816123 -68.9978000112
281.619477479 -73.0506199823
265.893221734 -76.4069227152
243.181286612 -78.4350467623
216.526685994 -78.4111110843
193.960891384 -76.3458890761
178.370084248 -72.9690171248
167.866166859 -68.9055250714
160.417600643 -64.486860191
154.786670832 -59.8752792252
150.276353621 -55.1544307621
146.484168779 -50.3711996499
143.16590286 -45.5542966996
140.165205291 -40.7229368902
137.376516441 -35.891180523
134.72472346 -31.070269106
132.153467121 -26.2699823594
129.618099488 -21.499497064
127.081239006 -16.7679878344
124.509827361 -12.0850980444
121.873082746 -7.4613546536
119.141007556 -2.90857303787
116.283259445 1.55971689795
113.268290565 5.92780111652
110.062731995 10.1772537951
106.631067368 14.2863469034
102.935713817 18.2294083403
98.9377151852 21.9761672927
94.5983471049 25.4911700881
89.8820085097 28.7334167045
84.7607624694 31.6564558735
79.2206712352 34.20926666
73.2694966209 36.3382957587
66.9443431101 37.9909230933
60.3166593295 39.1202963226
53.4914458153 39.6908981878
50.0491866438 37.2068484926
43.5229445805 36.9245388443
37.1157783776 36.1001048621
30.931052039 34.7579952433
25.0479128856 32.9350098916
19.5170955633 30.6758473002
14.3621919722 28.0286688261
9.58444877229 25.0414603834
5.16889093502 21.7595141902
1.09014909348 18.2239880587
357.317161339 14.4713106349
353.816538141 10.5331584831
350.554722806 6.43676911449
347.499206419 2.20541880379
344.619057727 -2.14104453243
341.884975983 -6.58567596146
339.269008339 -11.1139460617
336.744009478 -15.7133013699
334.282862081 -20.3727702419
331.857416595 -25.0826034455
329.437035248 -29.8339319907
326.986516271 -34.6184162272
324.462988992 -39.4278460103
321.811025669 -44.2536243356
318.954530842 -49.086010426
315.782524472 -53.912875347
312.122699513 -58.7174376161
307.688921183 -63.4737298057
301.969407787 -68.1365849878
293.973028263 -72.6170537803
281.655558694 -76.7157043969
261.106877761 -79.9414255022
229.763043928 -81.2580631441
198.595032617 -79.8875764969
178.273123398 -76.634169944
166.081822039 -72.523519001
158.150338665 -68.0373427266
152.466269425 -63.3714007064
148.053214302 -58.6132444868
144.406147863 -53.8074571869
141.242239943 -48.9797401619
138.390914796 -44.1467471313
135.742154175 -39.3205460753
133.220421544 -34.5108524799
130.770623614 -29.7262591658
128.350091693 -24.9749860854
125.923743391 -20.265393192
123.461005939 -15.6063786909
120.933757057 -11.0077294647
118.31487928 -6.48046346471
115.577206718 -2.03718981499
112.69275106 2.30749603696
109.632166816 6.53657161145
106.364475753 10.6300988741
102.857129763 14.5646983298
99.0765554154 18.3130168014
94.9893898578 21.8432524842
90.5646693639 25.1188484399
85.7772281553 28.0985273954
80.612434112 30.7369052454
75.0720375043 32.9859575253
69.1802840408 34.7975676021
62.988649842 36.127191706
56.5769901422 36.9383066699
46.9493853261 34.538108361
40.7938950676 34.0106713822
34.7883928651 32.9768997554
29.0143678821 31.4638172375
23.5315445305 29.5076709404
18.3762548773 27.1501904883
13.5634815477 24.4351040366
9.09103767873 21.4053867579
4.94438792021 18.1013974584
1.10108234228 14.5598286711
357.534304072 10.8132855213
354.215422158 6.89029054658
351.115654917 2.81554240342
348.2070273 -1.3896973691
345.462805288 -5.70717190814
342.857554304 -10.1211994795
340.366921722 -14.6182717884
337.967195979 -19.1866897236
335.634647374 -23.8162363734
333.344602599 -28.4978806658
331.070133794 -33.22349962
328.780129154 -37.9856006337
326.436306766 -42.7770141598
323.988329253 -47.5905051299
321.365322023 -52.418203959
318.460152393 -57.2506475851
315.098015524 -62.0749421621
310.967757696 -66.8707770102
305.454312476 -71.6005184336
297.172914416 -76.1802025904
282.520551392 -80.3760999306
252.425793994 -83.3932420308
206.95131385 -83.3531657283
177.309604626 -80.2936584332
162.863727775 -76.0844235134
154.66688863 -71.4997100146
149.19334575 -66.7675999202
145.08431605 -61.9704490619
141.734418015 -57.1453337213
138.836632215 -52.3123410818
136.218125832 -47.4842684401
133.772790218 -42.6705382884
131.430316778 -37.8790078311
129.140694186 -33.1169159539
126.865831812 -28.3914467287
124.574728501 -23.7101154585
122.240515866 -19.0810749567
119.838545731 -14.513393042
117.345089367 -10.017330575
114.736418754 -5.60463843669
111.988152554 -1.28888533845
109.074820201 2.91417702939
105.969650329 6.98621154388
102.644637222 10.9058657836
99.0709865606 14.6483402143
95.2200885627 18.1850037416
91.0652021441 21.4831400286
86.584032794 24.5059516196
81.7623058408 27.2129950296
76.5982187671 29.5612499181
71.1072609527 31.5070054995
65.326358493 33.0086343612
59.3158398428 34.0300904618
53.1576972618 34.544647061
50.0573703502 31.9515643038
44.1808553625 31.6974207152
38.3932742386 30.9537694109
32.7736680221 29.7388745904
27.3857428171 28.0806953
22.2744487071 26.0139895728
17.4657854418 23.5772568614
12.9690201035 20.810026242
8.78018051682 17.7507725288
4.88582319143 14.4355257603
1.26642205831 10.897094995
357.899073608 7.16476298822
354.759463237 3.26430181104
351.823173254 -0.781816951834
349.066463203 -4.9541108723
346.46665296 -9.23573681425
344.002215066 -13.6121407756
341.65265046 -18.070728316
339.398187848 -22.600564895
337.219311575 -27.1921080743
335.096081453 -31.8369688014
333.007149742 -36.5276955117
330.928283404 -41.2575711711
328.830016689 -46.020407698
326.6736806 -50.8103107819
324.404205943 -55.6213621778
321.936010326 -60.4471020677
319.122579366 -65.2795159497
315.682514611 -70.1066664097
310.987985025 -74.9059572439
303.300229334 -79.6192729377
285.884189177 -84.0155484975
229.249467891 -86.5130303473
173.767301442 -83.9295391403
156.737211363 -79.5198664116
149.150894949 -74.8032678203
144.494769002 -70.0027054928
141.072712162 -65.1749116057
138.268803337 -60.3421150156
135.80594198 -55.5161300599
133.539452555 -50.7049273888
131.384637378 -45.9149549782
129.286888792 -41.1521348914
127.207791199 -36.4223745127
125.118020796 -31.7318815896
122.99342222 -27.0873983588
120.81268575 -22.4964068511
118.555883195 -17.9673320093
116.203492945 -13.5097580149
113.735725084 -9.13466761148
111.13205334 -4.85471060685
108.370918408 -0.684504240506
105.429608387 3.35903668821
102.28435739 7.25634949689
98.9107373547 10.9848743525
95.2844502633 14.518744843
91.3826516026 17.8285817129
87.1859352037 20.8814840653
82.6810576128 23.641345186
77.8643418353 26.069643228
72.7454480433 28.1268493439
67.3508477706 29.7745295963
61.7259930858 30.9780702836
55.935046171 31.7097383375
47.2718519232 29.1694390321
41.7323224708 28.6950555696
36.3056141238 27.7629352081
31.0553192561 26.3933810079
26.0310437004 24.6141359215
21.2666788077 22.4579053211
16.7809332915 19.9599033851
12.5794278544 17.1557528381
8.65754296217 14.0799013831
5.00335518537 10.7645741681
1.60024402621 7.23919092158
358.428980978 3.53013837384
355.469273348 -0.339212812086
352.70082353 -4.34833988903
350.103998387 -8.47931859923
347.66020488 -12.7165404619
345.352053945 -17.0464271481
343.163374964 -21.4571595008
341.079123187 -25.9384300779
339.085203392 -30.4812225573
337.168213786 -35.0776180089
335.315090972 -39.7206261264
333.512601819 -44.4040384508
331.746564055 -49.1222999046
330.00054244 -53.8703940852
328.253450219 -58.643735832
326.474652475 -63.4380592644
324.612671486 -68.2492730421
322.564682416 -73.0731951304
320.073049126 -77.9048049067
316.210062045 -82.734732347
302.942974977 -87.5053333296
156.581450863 -87.406140466
143.934702424 -82.6312656627
140.125801165 -77.8009469164
137.648872225 -72.9692010706
135.606570418 -68.1451998642
133.747052495 -63.3339329736
131.969218823 -58.5395808798
130.222245371 -53.7662427695
128.47578331 -49.018197191
126.708881345 -44.3000455187
124.905169133 -39.6168236003
123.050492321 -34.9741092382
121.131624242 -30.378137124
119.135494273 -25.8359276501
117.048683915 -21.3554341244
114.85707432 -16.945712053
112.545592096 -12.6171134405
110.098034822 -8.38150797648
107.496980761 -4.25253103809
104.723806516 -0.245855056806
101.758855474 3.62052481213
98.5818199185 7.32600855232
95.1724192512 10.8471434509
91.5114706938 14.1574590755
87.5824467319 17.2274556141
83.3735784856 20.0248394343
78.8804743301 22.5151168912
74.1090603235 24.662655307
69.0784178006 26.4322808126
63.8228478581 27.7913905522
58.3923521003 28.7124116177
52.8508401873 29.175273129
50.0649562607 26.4340386645
44.7961705627 26.2062304138
39.5940960557 25.5385408455
34.5192076928 24.4445576713
29.62234737 22.9453774734
24.9421635356 21.0677502394
20.5044025041 18.8420233142
16.3227482023 16.3001970809
12.4006667521 13.474302217
8.73369336876 10.3951909343
5.31172234525 7.09173996794
2.12103104932 3.59040590167
359.145920153 -0.0849494063569
356.369957613 -3.91304497195
353.77687309 -7.87504743943
351.351174466 -11.9543709656
349.078562537 -16.1364470637
346.946215129 -20.4084883635
344.94300526 -24.7592605838
343.059715172 -29.1788701808
341.289313715 -33.6585704558
339.627385381 -38.1905856526
338.072848303 -42.7679499931
336.629204147 -47.384355794
335.306793144 -52.0340002698
334.127056925 -56.7114110512
333.131132693 -61.4112068939
332.398775113 -66.1276844104
332.095396242 -70.8539098916
332.611182196 -75.5791606727
335.098853226 -80.2791174293
344.815051001 -84.853209971
51.5601104897 -87.9684844934
115.856131904 -84.7588689179
125.254909813 -80.1788449701
127.67426632 -75.4776523781
128.164986572 -70.7519529238
127.849458051 -66.0255218007
127.110023359 -61.3089499332
126.109347762 -56.6091332715
124.926019683 -51.9317680692
123.600608076 -47.2822415864
122.154245823 -42.666039493
120.597088664 -38.088982976
118.932517699 -33.557402418
117.159365084 -29.0782903921
115.273148734 -24.6594536434
113.266782145 -20.3096743141
111.130999075 -16.0388862
108.854628905 -11.8583690265
106.42481037 -7.7809611463
103.827210889 -3.82128777451
101.046313394 0.00400284907466
98.0658354411 3.67600987923
94.8693520484 7.17338111579
91.4411983887 10.4721822914
87.7677236763 13.5458873488
83.8389418937 16.3655591392
79.6505647688 18.9003024153
75.2062958302 21.1180710952
70.5201120942 22.9868881719
65.6180899898 24.4764784734
60.5392112606 25.5602189585
55.3346084749 26.217193617
47.5780596879 23.4907792049
42.6263004139 23.0669257188
37.7594979882 22.2323563514
33.0270609441 21.0021886216
28.4695688636 19.3974107614
24.1173087483 17.4432808984
19.9901430229 15.1676578188
16.098423993 12.599474134
12.4445538819 9.76748376789
9.02480659324 6.69933497739
5.8311218292 3.42095829543
2.85269772708 -0.0437775327324
0.0773082692507 -3.67320255382
357.49234217 -7.4478354229
355.085601626 -11.350276913
352.845919969 -15.3650462895
350.763666089 -19.4783883225
348.831208571 -23.6780689571
347.043421244 -27.9531697987
345.398331762 -32.2938852055
343.898057275 -36.6913200965
342.550256671 -41.1372803009
341.370499814 -45.6240381431
340.386306052 -50.1440394415
339.644365666 -54.6894836981
339.224221147 -59.2516298858
339.266133018 -63.8194781172
340.033328586 -68.3769002243
342.068726338 -72.8953878148
346.655750407 -77.3120087262
357.441098484 -81.4439743558
25.7930545268 -84.5696567344
75.3910293689 -84.5261752506
103.171203242 -81.3612737486
113.747023926 -77.2190039216
118.25497806 -72.7988050047
120.253736697 -68.2787407198
121.001027639 -63.7205242948
121.030734744 -59.1522614335
120.602331488 -54.589924905
119.854304982 -50.0444511927
118.865271498 -45.5245582537
117.681396234 -41.0380439829
116.329879027 -36.5924719467
114.826082373 -32.1955873191
113.177522158 -27.8556080643
111.386211126 -23.5814585236
109.450096767 -19.3829787409
107.36398899 -15.2711265747
105.120204559 -11.258180611
102.709071128 -7.35794563115
100.119391927 -3.58595669662
97.3389525373 0.0403284833433
94.3551426324 3.50136714943
91.1557604244 6.77542710337
87.730058531 9.83857981
84.0700688883 12.6648421516
80.1722019802 15.2265268522
76.0390444018 17.4948623538
71.6811780121 19.4409284199
67.1187283792 21.0369167697
62.3822569763 22.257663592
57.5125973924 23.0823198076
52.5593554294 23.4959465
50.0722268504 20.549066477
45.3915399229 20.3467331852
40.7608413526 19.7528767881
36.2262372079 18.7774835366
31.827922516 17.4362492121
27.5983922675 15.7494232935
23.5616734675 13.7404744289
19.733492451 11.4347582141
16.1221445861 8.85832696716
12.7297821741 6.03696387847
9.55386260381 2.99546957602
6.58856714402 -0.24281110153
3.82607851221 -3.65625760375
1.25767231883 -7.22508172801
358.874626171 -10.9313185056
356.668981726 -14.7587367858
354.634214651 -18.692697888
352.765881967 -22.7199819976
351.062332833 -26.8285938617
349.525595652 -31.0075517338
348.1626033 -35.2466556292
346.987009388 -39.5362211436
346.022020854 -43.8667501821
345.305007335 -48.2284834998
344.895325116 -52.6107277133
344.888232463 -57.0007375449
345.441011523 -61.3816752973
346.825171127 -65.7285200693
349.538297797 -69.9990138563
354.559840341 -74.1113442677
3.93805037304 -77.8831041924
21.6619148101 -80.8627532225
50.4717503504 -82.0840897637
79.09978005 -80.8128980274
96.5924232564 -77.8079836338
105.843219949 -74.0254621171
110.79909116 -69.9081401424
113.475773754 -65.6350673464
114.83786444 -61.2867897908
115.376173124 -56.9050398804
115.358893632 -52.5146005187
114.941560616 -48.1321962531
114.218446555 -43.7705194109
113.248317241 -39.4402424701
112.068169029 -35.1511225831
110.700960962 -30.9126679656
109.160174343 -26.7345819218
107.452617269 -22.6270902714
105.580224718 -18.6012065129
103.541274498 -14.6689629555
101.331269396 -10.8436213121
98.9436459329 -7.13986649214
96.370421896 -3.57397946336
93.6028682777 -0.163977431392
90.6322748053 3.0702985522
87.4508636379 6.10717714737
84.0528859091 8.92326851792
80.4359038864 11.4937377281
76.6022123417 13.7927839382
72.5602853385 15.794360461
68.326056813 17.4731470399
63.923775638 18.8057450296
59.3861511943 19.7720115641
54.7535591746 20.3563916433
47.8797349939 17.3723934027
43.5094239987 16.998448376
39.2028096439 16.260851676
34.997981319 15.1706609449
30.9276549221 13.7434458281
27.0180852156 11.9982946508
23.2887203329 9.95673183189
19.7525027925 7.64167039029
16.4166421421 5.0764909682
13.2836642859 2.28429889892
10.352567113 -0.712625121088
7.61995971456 -3.8931913063
5.08111472892 -7.23770955914
2.73090905526 -10.7279719318
0.56466344995 -14.3472390455
358.578917536 -18.080156004
356.772197561 -21.9126167433
355.14585544 -25.8315883704
353.705086348 -29.8248990939
352.460278399 -33.8809842062
351.428927597 -37.9885726216
350.638492917 -42.1362783922
350.130823828 -46.3120308695
349.969273002 -50.5022202375
350.250527808 -54.6903227726
351.125000534 -58.8545360284
352.833180712 -62.9634415417
355.772026178 -66.9675454335
0.614746798614 -70.7818739599
8.49691046901 -74.2493731442
21.0962975488 -77.0710194141
39.5711109451 -78.7374018506
61.1375640062 -78.7179767919
79.4948896747 -77.0203357082
91.974523984 -74.1801193174
99.7754144301 -70.7025255686
104.567333732 -66.8825884291
107.473886294 -62.8752208167
109.160602817 -58.7643503091
110.020068786 -54.5989508821
110.290286701 -50.4101728054
110.120209734 -46.2196765608
109.605634974 -42.0439112258
108.809349686 -37.8964503103
107.772830133 -33.7893515397
106.52327986 -29.7340032529
105.078014198 -25.7416897127
103.447289877 -21.8239969407
101.63620477 -17.9931245382
99.6460385905 -14.2621385715
97.4752655895 -10.6451827035
95.1203914791 -7.15765287617
92.5767211317 -3.81633174383
89.8391350739 -0.639471118138
86.9029316579 2.35319669334
83.7647708978 5.1405443364
80.4237297221 7.70026199444
76.8824428474 10.0092282293
73.1482575156 12.0440643637
69.2342780335 13.7818824076
65.1601287117 15.2012101295
60.9522401325 16.2830407083
56.6434851468 17.0119145329
52.2720718178 17.3769081518
47.8916259385 14.1859836448
43.5390698639 13.7889787936
39.2532634125 13.0057615878
35.074174473 11.8484196681
31.0361945601 10.3339628666
27.1670443865 8.48322816743
23.4874706671 6.31969165893
20.0116290849 3.86832608543
16.7479660219 1.1546047977
13.7003939113 -1.79629213973
10.8695852554 -4.96005386603
8.25426491251 -8.31360917252
5.85243957425 -11.8353195229
3.66255641101 -15.5050274986
1.68462691489 -19.3039907761
359.921390253 -23.2147242382
358.379630262 -27.2207622414
357.071812425 -31.3063397182
356.018287783 -35.4559732897
355.250445205 -39.6538982151
354.815425212 -43.8832762084
354.783413244 -48.1250177516
355.259236877 -52.3559300472
356.40119002 -56.5456459859
358.451824741 -60.6512860777
1.78709913365 -64.6078325121
6.98584843894 -68.3105422581
14.8834498255 -71.5844026954
26.4151398405 -74.143194938
41.7514090857 -75.5874991456
58.844777036 -75.572049339
74.1157025677 -74.1011302174
85.567570872 -71.5241417614
93.401227854 -68.2390720445
98.5550500729 -64.5295776691
101.859474321 -60.5688639372
103.888525562 -56.4606297982
105.014850458 -52.2693157497
105.478894141 -48.0374815086
105.437620814 -43.7953160192
104.995004926 -39.5659142582
104.22067048 -35.3683156387
103.161378081 -31.2193382159
101.848252528 -27.1347462875
100.301457129 -23.1300366467
98.533322102 -19.2209979484
96.5505342122 -15.4241270977
94.3557656206 -11.7569461867
91.9489868719 -8.23823837478
89.3286290897 -4.88820370884
86.4927086137 -1.72852259729
83.4399875793 1.21769586821
80.1712055526 3.92611096782
76.6903730611 6.37152560968
73.006064573 8.52846757256
69.1325890984 10.3719886901
65.0908623546 11.8786652911
60.9087751274 13.0277430456
56.6208716415 13.8023243399
52.2672357038 14.1904588709
47.8981444286 11.0352695869
43.5534277438 10.6109085571
39.2800379679 9.77368108366
35.1207364764 8.53706923138
31.1123900772 6.92002701249
27.2848708968 4.94574457702
23.6608270285 2.64031717743
20.2562035996 0.0314780953797
17.0813073439 -2.85249051674
14.1421947508 -5.98360743972
11.4422042728 -9.33478670051
8.98352007521 -12.8801910357
6.76872740424 -16.5953743541
4.80238752748 -20.4572451802
3.09272325082 -24.4438754769
1.65357199323 -28.5341643097
0.506846489653 -32.7073438057
359.685864615 -36.9422830774
359.240100446 -41.2164971487
359.242211214 -45.5046881835
359.798654823 -49.7765087906
1.06581443883 -53.9929946545
3.27393179722 -58.1006943671
6.75955682451 -62.0218763153
11.9970311177 -65.6385903128
19.5813204996 -68.7697432828
30.0195295048 -71.1510286112
43.1324535406 -72.4596166353
57.3900957807 -72.4466949605
70.4623492521 -71.1150115913
80.8451660238 -68.7165709437
88.3797572074 -65.5739235785
93.5790123711 -61.949791552
97.0366127233 -58.0238545416
99.224178613 -53.9131207345
100.475935749 -49.6947495518
101.020463032 -45.4218549367
101.013012501 -41.1332051231
100.559278142 -36.8590368478
99.7313961367 -32.6245903177
98.5784795052 -28.4523270595
97.1335921971 -24.3633774549
95.4184670789 -20.378524815
93.4468154996 -16.5188967529
91.2267761039 -12.80645566
88.7628615912 -9.26433186617
86.0576416403 -5.91701151868
83.1133175877 -2.79036934952
79.9332785883 0.0884782904079
76.5236658322 2.6915321567
72.8949033416 4.99051023163
69.0630812259 6.95770333388
65.0510105945 8.56706917462
60.8887298189 9.79550224235
56.6132563476 10.6241643735
52.2674665973 11.0397160185
47.8996488555 7.91662601157
43.5536494761 7.45969664422
39.2854899978 6.55830791815
35.1418978637 5.2278357952
31.1632582234 3.489869702
27.3825208799 1.37078407465
23.825099023 -1.09978348568
20.5096166866 -3.89035857135
17.4492705698 -6.96882827504
14.6535682212 -10.3033418961
12.1302628729 -13.8628965284
9.88739388433 -17.617622592
7.93543828389 -21.5387965667
6.28967482474 -25.5986027404
4.97296175046 -29.7696454908
4.01924690433 -34.0241786951
3.4782831001 -38.3329649712
3.42222895054 -42.6635937301
3.9550604914 -46.9779536988
5.22585773114 -51.228344123
7.44647543995 -55.3513987402
10.9109198369 -59.2586662175
16.0025321659 -62.8228713632
23.1451320547 -65.861593665
32.6054710247 -68.1302847715
44.0840653539 -69.3564822564
56.3863860005 -69.3453045841
67.8374248414 -68.0986890982
77.2575370864 -65.8140278043
84.3610917956 -62.7639832922
89.4205474832 -59.1921283572
92.8601090088 -55.2798052812
95.0617112848 -51.1534788543
96.317792769 -46.9010676633
96.8389422291 -42.5856069963
96.7733127807 -38.2545991047
96.2242231923 -33.9460417099
95.263369152 -29.6922867958
93.9401770691 -25.5225494327
92.2883652264 -21.4645778712
90.330633507 -17.5457863163
88.0821578278 -13.7940195631
85.5533590737 -10.2380356051
82.7522628178 -6.90773884468
79.6866490864 -3.83416189753
76.3660917477 -1.04917396185
72.803891099 1.41511139478
69.0188066894 3.52724358243
65.0364090722 5.25763900254
60.8898118468 6.58001088562
56.6195506161 7.47289102905
52.2724687446 7.92105360593
47.8963917375 4.82666036678
43.5406557544 4.33070914993
39.2718494987 3.3526375126
35.1422398265 1.91042838979
31.1971532899 0.029294228155
27.4739247053 -2.26001506833
24.0020190257 -4.92298621735
20.8041506471 -7.92296618893
17.8981293477 -11.2224756608
15.2991764679 -14.7841299155
13.0225439174 -18.5711441555
11.0863934399 -22.5474313831
9.51502913355 -26.6773028399
8.34271446517 -30.9247557024
7.61844800603 -35.2522806742
7.41221485776 -39.6190386459
7.82332055973 -43.9781303454
8.99124301821 -48.2725059796
11.108356652 -52.4288541943
14.4301367862 -56.3487327364
19.268162518 -59.8968849171
25.9296410556 -62.8899000293
34.5450937891 -65.0971037867
44.7787259194 -66.2776498844
55.6527309741 -66.2677447865
65.8664140829 -65.0688596498
74.4513702149 -62.8468316758
81.0815600101 -59.8429058449
85.8924507898 -56.2871522577
89.1923051527 -52.3621581573
91.2920622887 -48.2024960654
92.4461571084 -43.9061289493
92.8460127465 -39.5460583698
92.6303611066 -35.1791446445
91.8979559592 -30.8521788454
90.7183848038 -26.6059461661
89.1403651983 -22.4779381728
87.1979683486 -18.5041636524
84.9153764469 -14.7203316856
82.3106885536 -11.1625560938
79.3991468155 -7.86764753144
76.1960118424 -4.87300792043
72.7191777908 -2.21611709379
68.991482151 0.0663960991108
65.0425407407 1.94007423895
60.9098504531 3.37425951258
56.6388897307 4.343868301
52.2820439555 4.83107852523
47.8885376304 1.76215490957
43.5152324058 1.21901951107
39.241526734 0.14850871681
35.1274284818 -1.4277264505
31.2252300879 -3.47937915284
27.5785751499 -5.96954156027
24.2229728403 -8.85680880638
21.1875366586 -12.0971334207
18.4976294787 -15.6452287546
16.1781440836 -19.4554158644
14.2572860128 -23.4818728549
12.7708998346 -27.678265976
11.767551124 -31.9967162126
11.3147070632 -36.3859854429
11.5063677848 -40.7886539193
12.4721550382 -45.13691487
14.3865357712 -49.3464858328
17.4730688662 -53.3082409526
21.9896650933 -56.8781488642
28.1654946315 -59.8694347499
36.0522350267 -62.0582405977
45.3075323793 -63.2214513217
55.093468101 -63.2125135807
64.3335229556 -62.0326157991
72.1962209672 -59.8300401346
78.3463933839 -56.8283804459
82.8398601282 -53.2511183114
85.9070502393 -49.2843901634
87.8056575875 -45.0716514915
88.7585491782 -40.7216049188
88.9394755008 -36.3182521722
88.4774623522 -31.9292273254
87.4660560363 -27.6118532649
85.9723955253 -23.4173225202
84.0448215599 -19.3935017207
81.7190391682 -15.5867315738
79.0231871931 -12.0428486203
75.9821562259 -8.80754334139
72.6213646223 -5.92610022701
68.9700307413 -3.44254061294
65.0638054765 -1.39821017968
60.9464925789 0.170081761834
56.6705391376 1.23216780842
52.2960759248 1.76657265488
47.8761771404 -1.27999647303
43.4781511044 -1.88088115363
39.1975772194 -3.06408238026
35.1054130222 -4.80263010503
31.2639175112 -7.05882962578
27.7259935656 -9.78681957934
24.5364010391 -12.9350976874
21.7345434388 -16.4486104118
19.3584435996 -20.2701363403
17.4496200655 -24.3408113607
16.0587637053 -28.5997051656
15.2522856116 -32.9823494637
15.1198259385 -37.4180447093
15.7824195556 -41.8256617874
17.3996181801 -46.1075907038
20.1702389537 -50.1417157763
24.3137347413 -53.7724564245
30.0079048472 -56.8052513569
37.2578508262 -59.0152489183
45.7230947799 -60.1856716841
54.6533099082 -60.1774924576
63.1063616809 -58.9917251773
70.3366652605 -56.7689184873
76.0092862092 -53.7263600487
80.1327921225 -50.088666991
82.8862391981 -46.0498943186
84.4890829764 -41.7651351965
85.1396716665 -37.3561354665
84.9970117122 -32.920257016
84.1816656783 -28.5384774874
82.7829126472 -24.2814136335
80.866912433 -20.2134958278
78.4842030239 -16.3956418054
75.6762369858 -12.886711686
72.4810478514 -9.74391617329
68.9381154773 -7.02227711302
65.0923267932 -4.77323152122
60.9967412236 -3.04253272446
56.7137760561 -1.86772111042
52.3145180166 -1.27557034869
47.8593396531 -4.3028665693
43.4303566085 -4.97553668264
39.1445075431 -6.29806922857
35.0885763854 -8.23547466673
31.3394277195 -10.738908703
27.9639419427 -13.7489320431
25.0214813635 -17.1985456174
22.5684530195 -21.015421337
20.6644446551 -25.1229388509
19.3795186794 -29.4397846333
18.8023207742 -33.8779232664
19.0483422155 -38.3387291754
20.2663585368 -42.7070750355
22.6376659436 -46.8434928945
26.3559272198 -50.575809404
31.5665270902 -53.6950312954
38.2468921737 -55.966146152
46.057926077 -57.1677865046
54.2980717343 -57.160216671
62.098948376 -55.9443472458
68.7627247723 -53.6613084581
73.9547848759 -50.5329925338
77.6554944004 -46.794267449
80.0114100262 -42.6537138173
81.2162999144 -38.2830884084
81.4511322501 -33.8215380458
80.8642654252 -29.3839749155
79.5708274344 -25.068894455
77.6592000463 -20.9642596648
75.1992881667 -17.1513434622
72.2506222692 -13.7067339501
68.8696406393 -10.7027140521
65.1158081002 -8.20620607121
61.056153904 -6.27652663186
56.7677047112 -4.96234440985
52.3373820687 -4.29842338299
47.838008729 -7.3096064771
43.3733089442 -8.07328344626
39.0898195575 -9.57111577469
35.0979082774 -11.7554118596
31.4965430834 -14.5596307011
28.3744400862 -17.9026167378
25.8147480051 -21.6921589799
23.9024716597 -25.8269902748
22.7335909127 -30.1966434812
22.4245323708 -34.6788150739
23.1195266144 -39.1340890364
24.9902746692 -43.3983388189
28.2160636779 -47.274558946
32.9246198993 -50.5294211991
39.0778031115 -52.9057643541
46.3332370204 -54.1650006927
54.0054451617 -54.1579301659
61.2520900367 -52.8854135522
67.3908122154 -50.4979853338
72.0830304626 -47.2347712595
75.2931483051 -43.35284612
77.1499520409 -39.0851912127
77.8328728026 -34.6284514296
77.513377454 -30.1464745455
76.3353879913 -25.7784895883
74.4150806735 -21.6466819225
71.8482889255 -17.861437712
68.7199818642 -14.523948449
65.1133706069 -11.7263257779
61.1173047832 -9.54957887773
56.8309172598 -8.06004158259
52.3647244159 -7.30513756538
47.8121483575 -10.303628261
43.3096895066 -11.1856071901
39.0472388291 -12.908736582
35.1717354387 -15.4039132889
31.8169377975 -18.5746668403
29.1069081843 -22.3027167805
27.1642815054 -26.4517992459
26.1211388193 -30.8684060461
26.1289019812 -35.3787749697
27.3607703617 -39.7823862829
29.9942213604 -43.8440365597
34.1532841579 -47.290580883
39.7939374243 -49.8250625893
46.563527705 -51.17414473
53.7601785002 -51.1674901483
60.5218752124 -49.8059581412
66.1495210752 -47.2612246441
70.2938380066 -43.8071857723
72.9130616921 -39.7407485108
74.132168785 -35.3347547933
74.1287913411 -30.8240888051
73.0759747207 -26.4090211927
71.1249509705 -22.2631359491
68.4076929169 -18.5398006942
65.0468416407 -15.3751345757
61.1665667389 -12.8872308439
56.9007923337 -11.1723038734
52.3966211203 -10.2991249428
47.7817609397 -13.2889451318
43.2450217176 -14.3297560224
39.0441061729 -16.3499303164
35.3855625693 -19.2412839398
32.4602803932 -22.8524966742
30.4507155132 -26.9963873199
29.5424601773 -31.4531571334
29.9316844239 -35.9682175789
31.8133141279 -40.2462357506
35.3259663378 -43.9484585556
40.4316726762 -46.7090497059
46.7591951436 -48.1913801675
53.5513407879 -48.185077355
59.8714944128 -46.6910538627
64.9651207781 -43.9211003959
68.464148225 -40.2124406469
70.3326708981 -35.9308800056
70.7101580185 -31.4148893975
69.7917089599 -26.9594988985
67.7734487451 -22.8190400213
64.8409468603 -19.2130782727
61.1767391137 -16.328533769
56.9718825015 -14.3163903881
52.4331118259 -13.2843987848
47.7470393168 -16.2708916085
43.1918501213 -17.5342052609
39.140222067 -19.9576061374
35.9017373203 -23.3537840524
33.7637061554 -27.4601450137
32.9988703206 -31.9488190415
33.8619606341 -36.4298925291
36.541378974 -40.4536362504
41.0290552869 -43.5320206931
46.9282162325 -45.2115114746
53.3705617583 -45.2055109967
59.2625435186 -43.5150640396
63.738620439 -40.4283714871
66.4051803066 -36.3996158653
67.256112534 -31.9167859029
66.4806240053 -27.4293023563
64.333703532 -23.3267174052
61.0882415489 -19.9365104071
57.0317514985 -17.5208009414
52.4740505618 -16.2662940417
47.7088340365 -19.2578833051
43.1822365654 -20.851234077
39.482892118 -23.8368170843
37.1082874865 -27.8433085101
36.4948398815 -32.3527132101
37.9762904306 -36.7263545777
41.6420553689 -40.2465022641
47.0776458323 -42.2262620426
53.210483035 -42.2205275373
58.6387175324 -40.2306180955
62.2929581421 -36.7036059166
63.7621364925 -32.327091473
63.1376567207 -27.8186617843
60.7541475475 -23.8164910107
57.0485156529 -20.8378764988
52.5186440834 -19.2532280318
47.6704286237 -22.2665903811
43.3136956367 -24.3888887767
40.4984533193 -28.1486311802
40.0442175802 -32.6598570368
42.3937405981 -36.7559563875
47.2163198792 -39.2191851273
53.0620126302 -39.2136967014
57.8765619597 -36.7414077182
60.2143319883 -32.6408315224
59.7487943024 -28.1303407398
56.9250079021 -24.3758494944
52.5636912863 -22.2618773037
47.6470523165 -25.3419322179
43.9796709223 -28.389950703
43.6940454329 -32.8540006813
47.3660073059 -36.1460568006
52.9031046262 -36.1408354607
56.5655830816 -32.8418258501
56.2685822818 -28.3782463413
52.5941245071 -25.3371905182
47.7681955365 -28.6810604574
47.6700706994 -32.8145987923
52.5897900836 -32.8099367532
52.481027953 -28.6765664856
