157.336485099 32.8362781037
157.235765905 28.702274227
152.521357386 28.6998628408
152.414913535 32.8337629813
157.642892689 36.1680041208
161.313963536 32.8738209031
161.025322765 28.4093371638
157.355002716 25.3626732504
152.406430057 25.3601403422
148.732343262 28.4030592828
148.43758384 32.8672524198
152.103503915 36.165175382
157.794861869 39.2414339955
162.617553499 36.7756407019
164.964902813 32.6778479074
164.507446965 28.1662565744
161.689049053 24.4074287902
157.329905462 22.2869560747
152.435289716 22.2844490629
148.073732547 24.4004726066
145.250796084 28.1564493397
144.787266561 32.6675860314
147.12823097 36.7677528634
151.94652868 39.2384493834
157.935954984 42.2488034801
163.372321631 40.2662565187
167.036617181 36.7438218269
168.515202843 32.3688297479
167.898393184 27.8591374007
165.52055244 23.8533430885
161.818478262 20.8692441728
157.289871144 19.2778883867
152.478850086 19.2754224912
147.948536954 20.8621529357
144.243163657 23.8425078454
141.860601275 27.8459274603
141.237870611 32.3550156298
142.709794585 36.7314887911
146.367779686 40.2576082048
151.800097204 42.2456739994
158.088018731 45.2343311587
163.988490151 43.5518785239
168.475220966 40.4708429796
171.152121143 36.4451546345
172.011927673 31.9630054024
171.243630055 27.4741265017
169.102319558 23.3683518332
165.860958163 19.9734265722
161.80699653 17.5517833409
157.250094697 16.2905391604
152.522003649 16.2881140815
147.963806461 17.5447003575
143.907323378 19.9622413938
140.662311253 23.3539330899
138.516296514 27.4576043541
137.742291318 31.9457437251
138.595507196 36.4287465576
141.265370093 40.4570841161
145.745709734 43.5426110964
151.642210053 45.2310454748
158.259958379 48.2144608849
164.589285495 46.7289961166
169.694447344 43.9654740756
173.204828468 40.2608946677
175.083252053 35.9812639797
175.46893104 31.4653599729
174.557150738 27.0084705428
172.544284793 22.8651123627
169.616050333 19.2549984113
165.954991593 16.3652081408
161.75206152 14.3469395844
157.213840399 13.3082355897
152.561530643 13.3058476971
148.022272338 14.3399091172
143.81732111 16.3539210231
140.153336138 19.2400586167
137.221334622 22.8473020626
135.203877828 26.9887222394
134.286647594 31.444752149
134.665976063 35.9610411916
136.537235448 40.2424950949
140.040111527 43.9505150678
145.1385844 46.719126143
151.463819143 48.2109985435
158.458911104 51.197466161
165.230808536 49.8450599662
170.871232306 47.3073932357
175.028158905 43.8581655092
177.658400053 39.7945054514
178.886623169 35.389588049
178.890686299 30.878578621
177.843989133 26.4619379362
175.898058339 22.3133671677
173.185039652 18.5863132069
169.82761987 15.4169729017
165.949907871 12.923547435
161.685698265 11.2024122112
157.181944808 10.3225615765
152.596625276 10.3202063899
148.092005952 11.1954459529
143.826109697 12.9122582344
139.945961862 15.4018120709
136.585425827 18.5678630099
133.868646917 22.2923129439
131.918295019 26.4390536617
130.866439418 30.8547315064
130.864489121 35.3657637072
132.085750071 39.7718488514
134.708162866 43.8380188562
138.856925326 47.2912828299
144.490117991 49.8345476327
151.257617172 51.1937993916
158.692961743 54.1885385846
165.951247943 52.9257580423
172.10444594 50.5459715796
176.81087847 47.2881360501
180.03333605 43.4095868321
181.900256957 39.1436798408
182.591346191 34.6873782306
182.278512496 30.2047471292
181.106078942 25.8351444499
179.190513498 21.7008240689
176.627821731 17.9122089014
173.503034913 14.5705212096
169.899333288 11.7679200671
165.905465849 9.58549734627
161.620426013 8.08971699997
157.154589064 7.32818282667
152.627131352 7.32585568485
148.160546276 8.0828138924
143.874050178 9.57424582187
139.878085142 11.7526769992
136.271716661 14.5517463169
133.143747824 17.8904389542
130.57737529 21.676654192
128.657595281 25.8092210628
127.480320024 30.177775313
127.161869245 34.660145093
127.84638772 39.1170938889
129.705649567 43.3847286501
132.91943893 47.2663018929
137.616789342 50.528661858
143.761922545 52.9145256105
151.015298317 54.1846313276
158.972656151 57.1915113584
166.787160959 55.9860633306
173.467710323 53.7112231487
178.676051219 50.5887481265
182.390706977 46.8538274252
184.75788269 42.7154738658
185.97170813 38.3458073906
186.213698555 33.8842248284
185.632712932 29.4457892431
184.344264327 25.1290754663
182.436999382 21.0220801587
179.980981017 17.20608538
177.035805897 13.7576816809
173.65790039 10.7491635242
169.90665381 8.2474879404
165.848974863 6.31204091379
161.561749045 4.99160185805
157.13176493 4.32108663468
152.653079242 4.31878288898
148.222429532 4.98475522388
143.933908955 6.30083933072
139.874369069 8.23222664499
136.120768442 10.7302229224
132.740080622 13.7355042521
129.791735224 17.1811562835
127.332161755 20.9949149386
125.420913648 25.1002169719
124.127957475 29.4158151439
123.541786395 33.8537670245
123.777706105 38.3155848497
124.984339194 42.6863398014
127.343015283 46.8268273787
131.047922485 50.56517125
136.245924541 53.6925966622
142.917198949 55.9739972556
150.726016383 57.1873167492
159.312707959 60.2095467277
167.782147325 59.0349934932
175.032344447 56.8209481828
180.723921224 53.7846136522
184.863335923 50.1510197138
187.629357573 46.1147318322
189.241963136 41.8312592738
189.900196987 37.4226317775
189.763681665 32.9863844459
188.953453431 28.6035891616
187.559130155 24.3449044913
185.647099112 20.2747698639
183.268035864 16.454094045
180.46345607 12.941722162
177.271392555 9.79485471814
173.731269585 7.06851845024
169.887874105 4.81417988126
165.794135901 3.07765405981
161.512332906 1.89657922861
157.113426167 1.29786156647
152.674536024 1.29557661924
148.275021815 1.88977965957
143.992037726 3.06650085934
139.896604682 4.79892641554
136.051073362 7.04949160382
132.50844425 9.77243435404
129.313559406 12.9163224802
126.505872023 16.4261494877
124.123409887 20.2447271605
122.20764348 24.3132216896
120.809156941 28.5707422682
119.994192886 32.952882612
119.852164292 37.3890427127
120.503840912 41.7982474043
122.108538143 46.0831116181
124.865036063 50.1218225548
128.993312254 53.7591519019
134.67284197 56.8008229674
141.912034352 59.0219381048
150.374634622 60.2050028406
159.734646983 63.2454292628
168.99500602 62.0776836931
176.881895213 59.8844499354
183.05450511 56.8893207314
187.566268398 53.3163284771
190.647522182 49.3522256658
192.556758565 45.1409458102
193.517759144 40.7915089322
193.705037705 36.388109062
193.248190313 31.9984869187
192.241169252 27.6800160338
190.751394195 23.4839036228
188.827392907 19.4580085104
186.504985356 15.6486507746
183.812366583 12.1016413393
180.774432486 8.8626473494
177.41656101 5.97693957867
173.767889678 3.48854273133
169.863956061 1.43882996221
165.748430458 -0.135332401097
161.473623438 -1.20368802572
157.099546068 -1.74464278372
152.691548914 -1.74691349911
148.316904445 -1.21045142662
144.040995199 -0.146446350642
139.923889711 1.42358957419
136.017970505 3.46946557978
132.36698169 5.95436252723
129.006524901 8.83693699074
125.965782929 12.0731796273
123.270153818 15.6178250428
120.944523876 19.4252064497
119.017044809 23.4495134105
117.523454399 27.6444318146
116.512151893 31.9621202285
116.050371472 36.3514075407
116.23181 40.7549847719
117.185728494 45.1052176595
119.086237782 49.3180783172
122.15672974 53.2847916142
126.655573051 56.8617530243
132.813811356 59.8625719342
140.687208676 62.063427319
149.939004865 63.240452164
160.271485846 66.3016674298
170.511223375 65.1160673737
179.126412715 62.9039777526
185.783590732 59.9067931788
190.615641707 56.3553448869
193.931184928 52.4329767864
196.042419821 48.2748096018
197.205011676 43.9791542799
197.611336351 39.619217984
197.400806004 35.2519747694
196.672646234 30.9242716915
195.496768816 26.6769134434
193.922112653 22.5473877348
191.982896839 18.5716845742
189.703396147 14.7854853172
187.10175727 11.2248720413
184.193230369 7.92662440533
180.993047043 4.92811920114
177.519037374 2.26682263213
173.793943069 -0.0206326521794
169.84725904 -1.89976243344
165.716347132 -3.33985494698
161.446551846 -4.3157439849
157.090143333 -4.80949847954
152.704120156 -4.81175954521
148.34717137 -4.32248307859
144.076326219 -3.3509433392
139.943910615 -1.91499679862
135.995340305 -0.0397496511689
132.268052751 2.24412971107
128.791612545 4.90218416602
125.588817086 7.89779411636
122.677532715 11.1934957246
120.073004487 14.7519076978
117.790470883 18.5362428541
115.84803926 22.5104122839
114.269913445 26.6387321695
113.090203294 30.8852184023
112.357689454 35.2124024395
112.142060436 39.5795187636
112.542232126 43.9397894467
113.697197655 48.2363544839
115.79879791 52.3961874457
119.102112024 56.3212522647
123.918976999 59.8768169328
130.558602511 62.880002878
139.156655551 65.1003183095
149.385172202 66.2961395014
160.976663293 69.3804502444
172.462598709 68.1485129008
181.921656903 65.8743767594
189.058138136 62.8311399699
194.142076099 59.263459024
197.598968887 55.3536142003
199.812757782 51.2286915919
201.077551954 46.9769800904
201.605127286 42.6617247215
201.544438115 38.3305411325
200.999338105 34.0214829856
200.041882138 29.7669231923
198.721740435 25.5960756488
197.07279778 21.5366729605
195.117866493 17.6161040305
192.872194447 13.8621821319
190.346241275 10.3036304626
187.548041308 6.9703183841
184.485354134 3.89324671111
181.167703839 1.10426021211
177.608311969 -1.36453985703
173.825832829 -3.481698058
169.845711181 -5.2176041039
165.700924514 -6.54591933722
161.431876135 -7.44509750821
157.0852971 -7.89981089137
152.712192712 -7.90206696658
148.365089374 -7.4518249426
144.095022288 -6.5569989667
139.94877728 -5.23284741936
135.966828616 -3.50086043956
132.182230797 -1.38733587428
128.620502166 1.07814154566
125.300359738 3.86412839039
122.235071977 6.9385245958
119.434191353 10.2694789209
116.905485987 13.825979551
114.656978017 17.5781444907
112.699092798 21.4972388891
111.047019004 25.5554412615
109.723479521 29.7253605107
108.762230344 33.9792709663
108.212758871 38.2879790975
108.146860604 42.6191522976
108.66802053 46.9348075029
109.92467239 51.1874467048
112.127879991 55.3140161577
115.570869135 59.2265307532
120.636785876 62.7983632851
127.751338431 65.8478418552
137.187768763 68.1308588657
148.658187791 69.3741994851
161.942754923 72.4834007636
175.06435797 71.1681342632
185.499024429 68.7807200224
193.07415183 65.6447105501
198.301462073 62.0244037149
201.777779987 58.1006341927
203.977882914 53.9910926797
205.23824151 49.7733132726
205.788886427 45.5006098522
205.785988715 41.2118541832
205.335828384 36.9373325172
204.510922532 32.7023031525
203.360637628 28.5292264603
201.918210025 24.4392191493
200.205491599 20.4530422225
198.236275556 16.5917947842
196.018754387 12.8774063018
193.557471185 9.33297140373
190.855004094 5.98293959853
187.913540559 2.85315034673
184.736432035 -0.0293109587882
181.329756738 -2.6364680643
177.703850137 -4.94004972215
173.874690337 -6.91234079798
169.864958702 -8.52727220839
165.704555991 -9.76168794828
161.430367696 -10.5966750193
157.085159265 -11.0187970099
152.7156387 -11.0210529053
148.369912752 -10.6034042427
144.094719025 -9.77277805903
139.93287748 -8.54254510346
135.921344919 -6.93156497327
132.090100656 -4.96295457673
128.461902848 -2.66275834669
125.052797527 -0.0586798345016
121.873174545 2.82101056671
118.929150529 5.94832947771
116.224098567 9.29617913641
113.760210984 12.8387049431
111.540054163 16.5514415991
109.568142277 20.4112798283
107.85261993 24.3962782477
106.407209627 28.4853301462
105.253662805 32.6576730677
104.425074055 36.8921975213
103.970608012 41.166462858
103.962490018 45.4552492346
104.506571637 49.728338101
105.758388592 53.9469727749
107.947036246 58.0580332191
111.407675825 61.9843103702
116.613547482 65.6086457644
124.160740682 68.7510015725
134.564221447 71.1479726085
147.662899337 72.4761613237
163.345147246 75.6108780898
178.691015198 74.1585552109
190.214216139 71.5928192379
198.097575232 68.3138261648
203.282607854 64.6075283506
206.606329618 60.6485003973
208.647547718 56.5411418644
209.781808747 52.3502398042
210.251253462 48.1185246979
210.213847003 43.8762680391
209.774170254 39.6466013067
209.002226581 35.4485750275
207.945022083 31.2990033915
206.633845828 27.2136372499
205.088974428 23.2079532542
203.322817992 19.2977148376
201.342119822 15.4993896049
199.149590686 11.8304670438
196.745224185 8.30969521162
194.127459206 4.95723760017
191.294303335 1.79473807237
188.244491243 -1.15472878076
184.978713796 -3.86685198015
181.500909515 -6.31645600359
177.81955698 -8.47807805882
173.948847485 -10.3267630956
169.909562909 -11.8390604791
165.729453867 -12.9941662922
161.442931387 -13.7751102581
157.089968012 -14.1698486312
152.71424674 -14.1721093967
148.360764405 -13.7818556553
144.073233784 -13.0052883933
139.891682458 -11.8543881593
135.850593924 -10.3460736266
131.977799425 -8.50111071785
128.294160824 -6.34292593462
124.813941769 -3.89646288064
121.54568097 -1.18718349301
118.493362532 1.75972947235
115.657707797 4.91995221869
113.037467299 8.2703940059
110.630650764 11.7893933754
108.435686226 15.4567693005
106.452543536 19.2537574396
104.68389587 23.1628542475
103.136432588 27.1675811878
101.822488751 31.2521680155
100.762236653 35.4011367098
99.9868182413 39.598742496
99.543027414 43.8281879852
99.5005532621 48.0704557917
99.963498269 52.3024738907
101.089080861 56.4940748325
103.118257065 60.6027111366
106.424708729 64.5639228353
111.584528419 68.2738992917
119.431929429 71.5590840995
130.910160129 74.134969393
146.2191557 75.6022074107
165.560187889 78.7599618015
184.042746321 77.0835536207
196.622681097 74.2540959012
204.482309092 70.7814046931
209.306529528 66.9637156463
212.231168857 62.9574066701
213.928420169 58.8470300988
214.794301475 54.6818304098
215.068620549 50.4930770469
214.901319577 46.3024814873
214.38876231 42.1265110076
213.594075436 37.9787403212
212.558947567 33.8712187272
211.310720945 29.8153200512
209.866805426 25.8223096819
208.237524778 21.9037512468
206.428025936 18.0718188407
204.43962499 14.3395501372
202.270822485 10.7210577224
199.91814111 7.23170408038
197.376892792 3.88823655234
194.641953491 0.708870652424
191.708602832 -2.28669724623
188.573464892 -5.07737341909
185.235560375 -7.64087675696
181.697445126 -9.95410631596
177.966364189 -11.9936918849
174.055298452 -13.7367379263
169.983733426 -15.1617450845
165.777955448 -16.2496574724
161.470701098 -16.9849441236
157.100065126 -17.3565902193
152.707705728 -17.3588612498
148.336541508 -16.9917212499
144.028261112 -16.2608354622
139.821015719 -15.1771569753
135.74761651 -13.7561662117
131.834433353 -12.0168816956
128.101035382 -9.98077891781
124.560480167 -7.6707419912
121.220077841 -5.11014019046
118.082435438 -2.32208164895
115.146610494 0.671139585837
112.409250296 3.84841324056
109.865645387 7.19002455817
107.510671739 10.6777391925
105.339631491 14.2947915566
103.349028268 18.0258022593
101.537333976 21.8566437015
99.9058251091 25.774265545
98.4595951371 29.7664838362
97.2088953505 33.8217284776
96.1710354915 37.9287318804
95.3732157013 42.0761237442
94.8569162993 46.2518665321
94.6849476488 50.442410028
94.9531745392 54.6313325491
95.8107202807 58.7970055305
97.4959952447 62.9083127789
100.402557534 66.9163038241
105.198271948 70.7370154396
113.012198823 74.2152745261
125.524639211 77.0550941812
143.940820192 78.7490422273
154.684217096 82.1116349982
183.538563461 80.8758605
201.22261959 77.8852553896
210.55999267 74.1073618382
215.553241391 69.9915936802
218.2471026 65.7190691663
219.617597226 61.3709767374
220.160217713 56.9892627521
220.145242229 52.5987823103
219.729209713 48.2162800198
219.006911325 43.8544470653
218.037397847 39.5239451358
216.857831694 35.2345154818
215.491274683 30.9956470826
213.951275981 26.8170212978
212.244691662 22.7088394189
210.373492849 18.6820877394
208.335985864 14.7487685209
206.127696204 10.922110439
203.742077495 7.21676233483
201.171157961 3.64896624212
198.406210152 0.236698063875
195.438513238 -3.00024383724
192.260262566 -6.04023055871
188.865661517 -8.85991199048
185.252199079 -11.4344868096
181.422067796 -13.7381773347
177.383609753 -15.7449445316
173.152600642 -17.4294550833
168.753113917 -18.7682721159
164.217681348 -19.7411868346
159.586518252 -20.3325511502
154.905729184 -20.5324303408
150.224631523 -20.337390706
145.592562992 -19.7507820078
141.055685824 -18.7824618579
136.654301305 -17.4480136322
132.421043203 -15.7675972599
128.380090481 -13.76461768
124.547317495 -11.4643922361
120.931151151 -8.89295758254
117.533851464 -6.07609957047
114.352956869 -3.03863512597
111.38270337 0.196065400458
108.615304262 3.60635051234
106.042044358 7.17239863192
103.654191664 10.8762112505
101.443761196 14.7015251579
99.404185496 18.6336722803
97.5309609311 22.6594069687
95.822355334 26.7667124615
94.2802890599 30.9445906492
92.9115498445 35.182831416
91.7295918178 39.4717481152
90.7573392878 43.8018510286
90.0317467458 48.1634046184
89.6115350915 52.5457630327
89.5909436991 56.9362684301
90.1255320253 61.3182427816
91.483718071 65.6669669567
94.1571869968 69.9407910885
99.1135999567 74.0592379165
108.379326212 77.8430749672
125.932887297 80.8478113337
179.539765808 84.5853101048
207.791370226 81.4422761554
218.493958483 77.3033753603
223.037059198 72.8836759147
225.046758495 68.3636274385
225.797279298 63.8053610649
225.827469146 59.2370577485
225.398560715 54.6746920437
224.649740664 50.1291848982
223.659927049 45.6092347286
222.475423635 41.1226189747
221.123497926 36.6768802328
219.619548504 32.2797418694
217.97111352 27.9393987049
216.180222467 23.6647500797
214.24483792 19.4656086739
212.159784763 15.3529021463
209.917394828 11.3388756234
207.508010139 7.4372968332
204.920445914 3.66366001542
202.142494686 0.0353783887339
199.161544319 -3.4280529122
195.965377552 -6.70495127389
192.543211879 -9.77143765835
188.887017793 -12.6015751956
184.9931116 -15.1677151541
180.86394841 -17.4411110816
176.509940781 -19.3928477576
171.95101316 -20.9950951273
167.21750838 -22.2226354654
162.350046307 -23.0545313565
157.398051429 -23.4757234399
152.41692999 -23.4783022519
147.464227293 -23.0622180554
142.595401113 -22.2352853847
137.85996986 -21.012481367
133.298674336 -19.4146795413
128.941988037 -17.4670545712
124.809960658 -15.1974137141
120.913113962 -12.6346669342
117.253990695 -9.80756911631
113.828971963 -6.74378704819
110.630071848 -3.46928161315
107.64653335 -0.00795885144241
104.866150179 3.61847083883
102.276309923 7.39048527406
99.8647962448 11.290645879
97.6204087381 15.3034352824
95.5334680455 19.4150650902
93.5962789251 23.6132720374
91.8036324939 27.8871128341
90.1534484474 32.2267616434
88.6476997498 36.6233084686
87.2938463044 41.0685505014
86.1071723027 45.5547595049
85.1147679717 50.0743921306
84.3626446501 54.6196764491
83.9292033637 59.1819305213
83.9526393916 63.7502718887
84.6920847236 68.3088152476
86.6813254519 72.8296061739
91.1801628657 77.2511948617
101.765073373 81.395774359
129.693116164 84.560779436
154.062185729 87.99667076
220.564235436 84.843854814
230.086246696 80.2638275044
232.507883516 75.5621813306
232.991184591 70.8363105106
232.668428928 66.1098794484
231.923079084 61.393397233
230.917722053 56.6937099006
229.730724151 52.0164803954
228.402461541 47.3670707928
226.953923461 42.7509453139
225.395163693 38.1739050244
223.729493046 33.6422600657
221.955696982 29.1629816747
220.069264456 24.7438534221
218.063093512 20.3936318077
215.927912807 16.1222219366
213.652554407 11.9408712442
211.224165126 7.86238167916
208.62842328 3.90133750415
205.849822392 0.0743411975856
202.872086287 -3.59975689541
199.678786628 -7.09965919198
196.254238829 -10.4014887123
192.58474768 -13.4787767574
188.660248924 -16.302639504
184.476333571 -18.842225133
180.03653621 -21.0655135062
175.354617255 -22.9405273692
170.456399289 -24.4369566565
165.380595418 -25.528102717
160.178087922 -26.1929319825
154.909357193 -26.4179266363
149.640213297 -26.1983848797
144.436500247 -25.538893811
139.358793532 -24.452867929
134.458113875 -22.9612577157
129.773333134 -21.0907037132
125.330431135 -18.8714833131
121.143307888 -16.3355636496
117.215611045 -13.514972535
113.543015639 -10.4405819902
110.115514327 -7.14130375178
106.919445982 -3.64363825792
103.939142267 0.0285047923293
101.158177991 3.85379603003
98.5602709323 7.81335542338
96.1299023449 11.8905535114
93.8527341007 16.0707819643
91.7158936094 20.3412176476
89.7081910566 24.6905946595
87.8203304527 29.1089919306
86.0451812486 33.5876392744
84.3781974112 38.1187415083
82.8181184717 42.6953177076
81.368189933 47.3110499055
80.038364643 51.9601311727
78.8494618126 56.6370938152
77.8415434914 61.3365758583
77.0923300035 66.0529212286
76.7628851697 70.7793070827
77.2323184282 75.5052985235
79.616052232 80.2075308456
88.961214421 84.7907589621
262.502081934 87.4752429145
248.989126791 82.7098001683
245.050966304 77.8814330058
242.524461 73.0507439659
240.456209579 68.2275105338
238.580834086 63.4168716362
236.792396522 58.623058308
235.037927424 53.8501878397
233.285987143 49.1025429692
231.51501564 44.3847218696
229.708280185 39.7017524138
227.851401207 35.0592007511
225.931008741 30.4632866476
223.933940792 25.9210123417
221.846722181 21.440309585
219.655201606 17.0302085995
217.344290692 12.701031941
214.897784732 8.46461516746
212.298268532 4.33455428447
209.52713034 0.326476589219
206.564726068 -3.54167400642
203.390756072 -7.24935478298
199.984936355 -10.7731756271
196.328060154 -14.0867321997
192.403544227 -17.1605909438
188.199519874 -19.9625192722
183.711440122 -22.4580716017
178.945013407 -24.6116402859
173.919044225 -26.3880421436
168.667515573 -27.7546202634
163.240104656 -28.6836966649
157.70043836 -29.1550455988
152.121864816 -29.1579370205
146.581254066 -28.6923032605
141.152038792 -27.7687465485
135.897997026 -26.4073855095
130.868994521 -24.6358200231
126.099209512 -22.4866603662
121.607624074 -19.9950719588
117.400092199 -17.1966678702
113.472175582 -14.1259155343
109.812079237 -10.8150794868
106.403264303 -7.29363020859
103.2265459 -3.58801023122
100.261645941 0.278353312045
97.4882601869 4.28488330882
94.8867336601 8.41360481165
92.4384404874 12.6488630626
90.1259503021 16.9770380658
87.9330437308 21.3862734785
85.8446194017 25.8662288426
83.846515673 30.4078585864
81.9252507431 35.0032178493
80.0676611892 39.6452932435
78.2603832661 44.3278555725
76.4890558061 49.0453307842
74.7369857227 53.7926845022
72.9826934431 58.5653134267
71.1949072341 63.3589312602
69.3210393455 68.1694194896
67.256156999 72.9925509519
64.7382542339 77.8232077421
60.8315855147 82.6517336752
47.6771242797 87.419701835
335.368084358 86.4853315345
279.207160981 83.9808605437
261.803518057 79.5889882382
254.09512314 74.8783431523
249.384211484 70.0807700131
245.93217812 65.2548537358
243.109740754 60.4234013278
240.634490245 55.5984559031
238.35927887 50.7880917775
236.198121535 45.9988066843
234.095683825 41.2365456348
232.013115339 36.5072238429
229.920821665 31.8170472501
227.794475363 27.1727493267
225.612657232 22.5817976483
223.355371474 18.0525975133
221.003058185 13.5947083024
218.535910394 9.21908252474
215.933400355 4.93833382947
213.173978285 0.767036744058
210.234948355 -3.27794385026
207.092562155 -7.17710285383
203.722403786 -10.9079456306
200.100172938 -14.4446776591
196.202996245 -17.7579959964
192.011397134 -20.8150761691
187.512003647 -23.5798808887
182.700937375 -26.0139403638
177.587576964 -28.0777471162
172.198040499 -29.7328433438
166.57738513 -30.9445339204
160.789390311 -31.6849414425
154.913116087 -31.9358951729
149.036289174 -31.6910280893
143.246691883 -30.9565522736
137.623537782 -29.7505020964
132.230823618 -28.100650795
127.113845747 -26.0416274884
122.298947135 -23.6118606897
117.795693872 -20.8508588456
113.60034839 -17.797114425
109.69963427 -14.4867007863
106.074132321 -10.9524850702
102.700997578 -7.22381460028
99.5559380243 -3.32652684713
96.6145333858 0.716843862801
93.8530239184 4.88675690789
91.2486996418 9.16631631507
88.779996821 13.5409207286
86.4263763037 17.9979335653
84.1680243405 22.5263828647
81.985381109 27.1166928976
79.8584607137 31.7604448042
77.7658682447 36.4501600167
75.6833226706 41.179096569
73.5813120606 45.9410426882
71.4211313007 50.7300805997
69.147708813 55.540267522
66.675561586 60.3651163934
63.8585835475 65.196581329
60.416797439 70.0226923141
55.7276524319 74.8208541099
48.0765947153 79.5332710164
30.8900114465 83.9326908282
312.478783895 83.3586154852
282.52212776 80.3407251722
267.889890427 76.1477989196
259.604261817 71.5705700448
254.083315439 66.8426577429
249.946005811 62.0482261238
246.57778803 57.2250542687
243.667418175 52.3935447209
241.039910272 47.5666509285
238.587967126 42.7538770739
236.240582518 37.9631232404
233.947316627 33.2016488763
231.669807571 28.4766444682
229.376880171 23.7956217886
227.041555345 19.1667223201
224.639117562 14.5989957394
222.145801766 10.1026782352
219.537866599 5.68948929641
216.790934627 1.37295898707
213.879551607 -2.83120768796
210.776970015 -6.90472919053
207.45520947 -10.8263181799
203.885494081 -14.5712496371
200.039213694 -18.1109753043
195.88959193 -21.4128671444
191.414243918 -24.4402158059
186.59872743 -27.1526561897
181.440976394 -29.5072226828
175.956114377 -31.460217935
170.180617346 -32.9699682513
164.17433004 -34.0003078256
158.01880806 -34.5243143869
151.811206718 -34.5275350574
145.654422479 -34.0098783737
139.645747936 -32.9856265921
133.86697837 -31.4815645909
128.378246348 -29.5337657407
123.216310976 -27.1838575067
118.396537477 -24.4755304957
113.917043192 -21.4517724681
109.763510452 -18.1529886662
105.913628831 -14.6159375103
102.340658498 -10.8732985172
99.0159999201 -6.9536697252
95.910871944 -2.88182193875
92.9972806762 1.32091683747
90.2484622602 5.63622987898
87.6389471051 10.0483822594
85.1443463537 14.5438187516
82.7409137863 19.1107989323
80.4048888992 23.7390694708
78.1115739139 28.4195670396
75.8340264538 33.1441398761
73.5411365135 37.9052694527
71.1946524965 42.6957626623
68.7443205437 47.5083630142
66.1194553937 52.3351820745
63.2133387385 57.1667427889
59.8520973895 61.9901500429
55.7268174468 66.7851309711
50.2284052864 71.5142244761
41.9904099864 76.0941770066
27.4741112824 80.2945517726
357.770239738 83.3362014977
335.082863328 81.2300477112
303.858771178 79.9054991162
283.371600046 76.6800622212
271.069752662 72.5836064006
263.074094743 68.1052348325
257.351231304 63.4441075022
252.913217328 58.6892219819
249.249198099 53.8858244883
246.0732826 49.0599474636
243.213193474 44.2284213311
240.557914993 39.4034122774
238.031299805 34.5946906511
235.577868228 29.8108782251
233.154702328 25.0602070837
230.726558513 20.3510373604
228.262762127 15.692258061
225.735130915 11.0936387176
223.116518428 6.56617216037
220.379753491 2.12243440742
217.496860823 -2.22302086937
214.43852149 -6.45322270671
211.173792157 -10.5482954879
207.670160918 -14.4849337526
203.894081238 -18.2358699087
199.812192208 -21.7693980076
195.39348552 -25.0490635928
190.612677054 -28.0336909268
185.454913037 -30.677983572
179.921595541 -32.9339720116
174.036493248 -34.7535385565
167.85051212 -36.0920595899
161.442926898 -36.9128395167
154.917145998 -37.191553861
148.390622197 -36.9196032245
141.980899156 -36.105378347
135.791631901 -34.7730251816
129.902432451 -32.9591114966
124.364560142 -30.7081902689
119.202095392 -28.0683599318
114.416680574 -25.0876094135
109.993625745 -21.811279043
105.907744307 -18.2806007607
102.128075298 -14.5320887455
98.6212711408 -10.5975067059
95.3537781384 -6.50417511507
92.2930669495 -2.27544610429
89.4081736385 2.06876473474
86.669760186 6.51145296812
84.0498371185 11.0380372743
81.5212269254 15.6359190767
79.0567877697 20.2940875405
76.628356908 25.0027593654
74.2052999289 29.7530359573
71.7524436313 34.5365520908
69.2269865539 39.3450760096
66.5736396903 44.1699936793
63.7165723804 49.0015539256
60.5453119977 53.8276293891
56.8885568296 58.6314656952
52.4622754852 63.3871839827
46.7594100734 68.0498702063
38.8002781386 72.5313166054
26.5692674238 76.6344290061
6.20896478628 79.8753611457
321.736047407 78.4024118948
299.092653839 76.3705670291
283.400586291 73.0148257617
272.823454169 68.9637459318
265.327097426 64.5527326707
259.664641682 59.9462285973
255.132787011 55.2289845975
251.325358435 50.4484569684
247.995983651 45.6336676673
244.987017271 40.8040085676
242.192097879 35.9736432472
239.535601849 31.153873483
236.9608379 26.3545124308
234.422940471 21.5847523128
231.884386915 16.8537700845
229.312031412 12.1712009919
226.675044016 7.54755464862
223.943409262 2.99462020219
221.086791009 -1.47410790109
218.073666858 -5.84296130198
214.870708041 -10.0935716347
211.442447699 -14.2042815871
207.75135342 -18.1495037843
203.758506698 -21.8990662227
199.425187294 -25.4176267285
194.715735585 -28.6643046619
189.60205626 -31.5927656752
184.069913948 -34.1520855501
178.126606215 -36.2887618643
171.808614486 -37.9501490497
165.186672507 -39.0892658015
158.365105889 -39.6703517223
151.473297569 -39.6739304905
144.650031907 -39.0998783126
138.024915547 -37.967444093
131.702653502 -36.3122140748
125.754414354 -34.181064365
120.217081213 -31.6266017316
115.098268429 -28.7023417401
110.383958395 -25.4592554114
106.04618523 -21.9437411836
102.049351562 -18.1967490807
98.3547541684 -14.2536884929
94.9234645953 -10.1447926373
91.7179271795 -5.89570260319
88.7026479822 -1.52812140019
85.8442731727 2.93954490206
83.1112609913 7.491597408
80.4732647379 12.1145172271
77.9002703176 16.7964961218
75.3614648416 21.5270103632
72.8237405759 26.2964155143
70.2496423827 31.0955307381
67.5944154607 35.9151663057
64.8015460551 40.745520144
61.7956961271 45.5753144361
58.4709731084 50.3904307406
54.6705260475 55.1715600579
50.1493821387 59.8898357369
44.503930635 64.4981061306
37.0356694335 68.9122534254
26.5061437628 72.9692109979
10.8899601052 76.3364234383
348.328213811 78.3890213119
335.012356268 76.1635073298
313.396638259 75.256134556
295.88224674 72.8019964715
283.087064485 69.3483624385
273.802585209 65.3155567179
266.822308157 60.9490731298
261.329752565 56.3847738002
256.814462646 51.7001051292
252.955973125 46.9418106509
249.546796876 42.1400269692
246.447162005 37.3155931222
243.558774611 32.4840154385
240.809312143 27.6577402686
238.142964714 22.8475419281
235.514447217 18.063436219
232.885049195 13.3153386774
230.219908118 8.61359159757
227.486033011 3.96943518077
224.650801114 -0.604527445894
221.680770492 -5.09383569073
218.540735781 -9.48162079896
215.193026805 -13.7479798168
211.597125824 -17.8692651084
207.709772629 -21.8173020409
203.485848862 -25.5585844018
198.880470104 -29.0535561937
193.85282318 -32.2561828635
188.372259361 -35.1141408418
182.426790648 -37.5700792623
176.033194837 -39.5644475143
169.246363677 -41.0401916257
162.16389048 -41.9490637244
154.921605627 -42.2584144536
147.678311534 -41.956573391
140.592960908 -41.054928762
133.801783098 -39.5858969386
127.402894357 -37.5975725786
121.451701734 -35.1469411056
115.965402915 -32.2935544153
110.932302624 -29.0948113665
106.321926496 -25.6031081657
102.093544764 -21.86456014
98.2022954961 -17.9188018825
94.6030468739 -13.799410751
91.2525075327 -9.53462330357
88.1101235484 -5.14813970476
85.1381913311 -0.65990584845
82.3014787845 3.91317552425
79.5665268365 8.55661717219
76.900708272 13.2577955021
74.2710437627 18.0054555297
71.6427030989 22.7892457693
68.9770358495 27.5992474517
66.2288559633 32.4254485619
63.3425103135 37.2570877802
60.2459222259 42.0817450795
56.8411869014 46.8839614123
52.989159938 51.6429803344
48.4833897444 56.3288109957
43.0051519463 60.8949745923
36.0469009129 65.2645222689
26.796599312 69.3025442402
14.0519503975 72.7652754434
356.597241226 75.2346967975
325.372747708 73.4850473977
307.701222246 71.9512238012
293.47057152 69.2146499237
282.618899721 65.6812398801
274.33108817 61.6516476274
267.828148156 57.313939495
262.546273778 52.7814659925
258.105675629 48.1238572347
254.251969413 43.3857061737
250.811391367 38.597079327
247.661583424 33.7794434036
244.713224368 28.9491075973
241.898439273 24.1193112681
239.163331625 19.3015609842
236.463022419 14.5065473864
233.75822664 9.74482990395
231.01278152 5.02740222178
228.191769391 0.36621130907
225.260018371 -4.22531871586
222.180858098 -8.73171872394
218.915083007 -13.1348316736
215.420151701 -17.4130689698
211.649739209 -21.5405522023
207.553886589 -25.4861574025
203.080167976 -29.2125239684
198.176494154 -32.6751739728
192.796333064 -35.8220252649
186.907062032 -38.5937630998
180.50152888 -40.9257068396
173.611305978 -42.7518239973
166.317622807 -44.0111653382
158.753823644 -44.6560477575
151.093993393 -44.6600283018
143.527877438 -44.0229379352
136.229931026 -42.7709150765
129.334104004 -40.9514244121
122.922280399 -38.625302272
117.026591195 -35.8585618198
111.640282143 -32.715929652
106.730969262 -29.256802064
102.252234594 -25.53335542
98.152019807 -21.5901600993
94.3778814906 -17.4646599643
90.879819403 -13.1880505418
87.6114600294 -8.78627063452
84.530217207 -4.28095840343
81.596849124 0.309690772833
78.7746595893 4.97017858861
76.0284642458 9.68705879933
73.3233494531 14.448368639
70.6231766957 19.243104815
67.8887110041 24.0607047678
65.0751581115 28.890482156
62.1287552669 33.7209441413
58.9818336159 38.5388782371
55.5453884852 43.3280219098
51.6975517223 48.066986798
47.2653257196 52.7258380523
41.9955285768 57.2602076223
35.5102154491 61.6008568159
27.2481316427 65.6351186146
16.4325690459 69.1760598941
2.2457903821 71.9245336484
344.609115686 73.475316386
334.979815172 71.2304860265
318.263892475 70.53129285
303.520611815 68.555774034
291.538529473 65.6143824545
282.084246199 62.013286004
274.586289401 57.9783967069
268.509629847 53.6587401357
263.447899158 49.1500184047
259.111499652 44.5145065073
255.296189103 39.7940405977
251.856072927 35.017919636
248.684373186 30.2076752796
245.7004576 25.380008014
242.841161698 20.5486591834
240.054905018 15.7256642024
237.297593971 10.9222474689
234.529659883 6.14951650758
231.713814244 1.41905581868
228.813253233 -3.25651033812
225.790143292 -7.86293374679
222.604293564 -12.3836941344
219.211993812 -16.7992510003
215.565078141 -21.0861574333
211.610380992 -25.2160204907
207.289941702 -29.1543300369
202.542561588 -32.8592314989
197.307616932 -36.2804446263
191.532273427 -39.3587301665
185.183093911 -42.0265705378
178.261885535 -44.210963235
170.822899111 -45.8391668505
162.984576442 -46.8475037007
154.926700627 -47.1917461517
146.867429961 -46.8558609152
139.025177321 -45.8554952274
131.580382967 -44.234572479
124.652304646 -42.0565926161
118.295936755 -39.3942435504
112.513633205 -36.3205659712
107.27228904 -32.9031676372
102.519229435 -29.2013978262
98.1938746838 -25.2656462281
94.2350039281 -21.1378657423
90.5846025422 -16.8526498194
87.1894404359 -12.4384604326
84.0012911552 -7.9188020142
80.9763962275 -3.31325952379
78.0745284642 1.36161472551
75.2578317387 6.09154857953
72.4894967955 10.8639006413
69.732249728 15.6670759887
66.946560631 20.4899635881
64.0884055231 25.3213432164
61.1063150997 30.1491930388
57.9372945363 34.959797895
54.500966327 39.7365016802
50.6909338979 44.4578449357
46.3618733816 49.0946452862
41.3103900451 53.6052560855
35.2481025867 57.9277129182
27.7702076024 61.9668198858
18.3430298566 65.5743373325
6.39408003923 68.5253861682
351.682089411 70.5145440936
327.335106766 68.6426952418
312.851630698 67.4028192513
300.284934379 65.1023475653
289.928597898 62.0039020084
281.529742617 58.3441661346
274.672928144 54.2992782162
268.973045715 49.9904446808
264.126791951 45.4994211356
259.908287592 40.8818981073
256.151372012 36.176788265
252.732748196 31.4122403595
249.559043009 26.6094810305
246.557522763 21.7853011691
243.669540794 16.9537140016
240.845872887 12.1271122064
238.043311346 7.31712791766
235.22207853 2.53532651912
232.343759668 -2.20617673517
229.369551913 -6.89411112686
226.258696418 -11.5134013771
222.967020663 -16.0464306359
219.445600525 -20.4721688546
215.63962499 -24.7651078613
211.48770407 -28.8940009475
206.922138879 -32.8204171254
201.871020978 -36.4972098435
196.26350332 -39.8671868544
190.039943882 -42.8625600715
183.168275613 -45.4061456441
175.665848339 -47.4155889418
167.621248903 -48.8116411968
159.204667529 -49.5301092961
150.65405946 -49.5345554635
142.234255784 -48.824744979
134.183842206 -47.4367034511
126.673992229 -45.434353676
119.794277957 -42.8968359709
113.562807516 -39.9065254338
107.947984042 -36.5407031182
102.890393367 -32.8672856146
98.3192532795 -28.9435955426
94.1626280154 -24.8168966471
90.3527485662 -20.525718212
86.8281408602 -16.1013860047
83.5339116989 -11.5694733694
80.4210720823 -6.95106413876
77.4454017427 -2.26381104206
74.5661071218 2.47718522706
71.7443686065 7.25863522603
68.9417751336 12.0684120857
66.1185758566 16.8949461219
63.2316176393 21.7266087597
60.2317663124 26.5510201252
57.0605128576 31.3541916999
53.6453272758 36.1193738011
49.8931335017 40.8254051639
45.6810635478 45.4442392024
40.8435661249 49.9371227407
35.1555919971 54.248614406
28.3148494874 58.2973436183
19.9370896864 61.9626727931
9.60647693727 65.0692010357
357.066203452 67.3808898301
342.600730071 68.6349564739
334.960729836 66.3866225077
321.230491254 65.8132278123
308.599862943 64.1569330308
297.683579066 61.6082278279
288.55415956 58.3846414025
280.982435706 54.6735744457
274.656853064 50.6163261218
269.289851839 46.3135349975
264.648427292 41.8358013419
260.552779747 37.2330423093
256.865897566 32.5413016228
253.482699173 27.7873898256
250.32112687 22.99199401
247.315390032 18.1717808014
244.41095141 13.3408573755
241.560782265 8.51183216239
238.722489895 3.69663507803
235.856016985 -1.09279353285
232.921692343 -5.84386555296
229.878473952 -10.5426944487
226.682270313 -15.1733728953
223.284286 -19.7171413913
219.629438112 -24.1513567372
215.654911537 -28.4482090543
211.28924969 -32.5731887735
206.452694088 -36.4832802095
201.060050151 -40.1250345746
195.028110726 -43.4329290451
188.29019595 -46.3288634842
180.819596536 -48.7242330005
172.659736254 -50.5263841564
163.950614031 -51.6505736653
154.932724765 -52.0359163981
145.912858232 -51.6599259948
137.198252124 -50.5445503058
129.030515611 -48.7502760648
121.55093597 -46.3616518497
114.803995919 -43.4713169196
108.763662886 -40.1679762561
103.363589882 -36.5298798066
98.5206681474 -32.6227067438
94.1496704035 -28.5000467633
90.1707465332 -24.2050329786
86.5123313615 -19.7722676177
83.111502126 -15.2296315941
79.9130834704 -10.5998324262
76.8682209345 -5.90167461464
73.9327750262 -1.15109050298
71.0656731989 3.63801310351
68.2272358106 8.45303487285
65.3774199216 13.2820290033
62.4738727692 18.1130681511
59.4696363761 22.9335554974
56.3102835061 27.7294066402
52.9301854322 32.4839925936
49.2475162257 37.176684822
45.1575197827 41.7807618687
40.5236305144 46.2603145424
35.1666317073 50.5656278447
28.8542006246 54.6264009876
21.2993520677 58.342421075
12.1903937507 61.5729332392
1.29608311587 64.1310630728
348.683677625 65.7993988758
328.582897172 63.8549670349
316.291608846 62.8101033218
305.169809898 60.8275937516
295.535175611 58.0834239117
287.363835789 54.7574752003
280.459316261 51.001303057
274.581765217 46.9308400159
269.510039871 42.6310582773
265.06076256 38.1635176373
261.08819475 33.5731118285
257.477873959 28.8931733423
254.139409262 24.14910321
251.000208627 19.3609061236
248.000467604 14.5449733744
245.089265815 9.71536937292
242.221504934 4.88480190741
239.355433278 0.0654026893536
236.450544551 -4.73058951583
233.465681406 -9.4901702956
230.357211502 -14.1988672295
227.077150385 -18.8399343663
223.571247459 -23.3934298651
219.777019124 -27.8349426165
215.621847994 -32.1340822893
211.021750232 -36.2525761851
205.881772705 -40.1419882554
200.099968773 -43.7412687582
193.578080728 -46.9747229363
186.242836648 -49.7516836613
178.080054188 -51.9700584834
169.176088657 -53.5262918888
159.74687134 -54.3326098474
150.124958178 -54.3376153843
140.691129852 -53.5409738815
131.779061327 -51.9935149793
123.606321841 -49.7826859033
116.260749281 -47.0119648711
109.729151328 -43.7835383467
103.938753581 -40.18824718
98.7914516608 -36.3019750013
94.1852614987 -32.1859425741
90.0251091873 -27.8887275057
86.2268685411 -23.4487135222
82.7177872592 -18.8963719117
79.4352511002 -14.2561765144
76.3249278935 -9.54813985809
73.3387790538 -4.7890288144
70.4331232962 0.00666394129913
67.5667810079 4.82591853454
64.6992474262 9.65648920616
61.7887966871 14.4862455487
58.7903837064 19.3024899292
55.6531743618 24.0911785459
52.3174919403 28.8359540906
48.710925359 33.5168639693
44.7433325509 38.10858469
40.3005825996 42.5778976791
35.2373563413 46.8800750103
29.3707515099 50.95379427
22.4800245282 54.7144103723
14.3252953104 58.0464037275
4.70894286415 60.7986417751
353.603999363 62.7914546617
341.323229199 63.8484996004
334.947951242 61.5939992349
323.254693631 61.1060797923
312.236936642 59.6785517601
302.343782053 57.4358937038
293.727690646 54.5341798287
286.325521028 51.1230325795
279.971935557 47.3272690231
274.478159531 43.2437534503
269.669967293 38.9452278089
265.40004985 34.4858302402
261.548354341 29.9060885865
258.018063759 25.236822245
254.730680287 20.5020190664
251.621501837 15.720918849
248.635825186 10.909531698
245.725841009 6.08177338102
242.848069725 1.25035392716
239.961167306 -3.57247868307
237.023941632 -8.37426006341
233.993440132 -13.141628183
230.822988947 -17.8595445138
227.459964943 -22.5104499144
223.843638716 -27.0731516344
219.902476966 -31.5213025536
215.551686829 -35.8216045093
210.691432717 -39.9314019482
205.207267312 -43.795771787
198.975756986 -47.3443650314
191.880240444 -50.488884233
183.842788098 -53.1231880413
174.874570021 -55.1293575363
165.131774255 -56.3931983048
154.940132978 -56.8288444286
144.74558557 -56.4037631835
134.994904043 -55.1497138152
126.015789569 -53.1520395019
117.966495261 -50.5247469966
110.859661852 -47.3858250902
104.618121191 -43.8416141771
99.1254569858 -39.9806416836
94.2581958357 -35.8734664973
89.9017298858 -31.5751839206
85.9560337247 -27.1285832616
82.3361396765 -22.5670623514
78.9703647207 -17.9170231216
75.7978155534 -13.1997456181
72.7658458578 -8.4328314776
69.8277030423 -3.63132459362
66.9403954833 1.19139319217
64.0627192996 6.02284840971
61.1533425924 10.850792887
58.168823049 15.6625251473
55.061417099 20.4441477919
51.7765211847 25.1796811416
48.2495742707 29.8499315601
44.4022698964 34.4309786862
40.1380406068 38.8921000301
35.3371411498 43.1929051061
29.8526028652 47.2794469715
23.5104858239 51.0792405485
16.1220326817 54.495742003
7.52124660782 57.4044740158
357.643114511 59.6560433171
346.636839839 61.0942644259
329.461382968 59.093236131
318.780981037 58.1889700596
308.862899984 56.4490103397
299.978241018 53.9955538453
292.18880728 50.9646594301
285.418515371 47.4818497827
279.528840176 43.6515276029
274.368400313 39.5558413992
269.797139843 35.2577852361
265.694626162 30.8053294406
261.960530523 26.2351984857
258.512005732 21.5759045524
255.280236572 16.8500558539
252.207095727 12.0760834064
249.242196736 7.26954135215
246.340359859 2.4441128669
243.459401042 -2.387573358
240.558120027 -7.2132322021
237.594355667 -12.0202464904
234.522988423 -16.7949734964
231.29370968 -21.5217662732
227.848433284 -26.1824092125
224.118542609 -30.7542810474
220.021344852 -35.2089598095
215.456699725 -39.5098413889
210.304356172 -43.6091138469
204.42435801 -47.44398403
197.665190963 -50.9325389677
189.887710126 -53.9706088176
181.014417553 -56.4328106572
171.104804369 -58.1829815638
160.427337596 -59.098429143
149.460896617 -59.1041356966
138.77656166 -58.199605299
128.855318976 -56.4590561634
119.96845726 -54.0048059129
112.177680183 -50.9730279825
105.406684608 -47.4893276296
99.516727176 -43.6581570408
94.3562574618 -39.5616902538
89.7851034704 -35.2629324337
85.6827579869 -30.8098573607
81.948846092 -26.2391893937
78.5004926699 -21.5794392617
75.2688658602 -16.8532135213
72.1958284942 -12.0789418659
69.23098826 -7.27217769025
66.3291618926 -2.44660411438
63.4481632001 2.3851494197
60.5467907445 7.2107959151
57.582883046 12.0177135744
54.5113082728 16.792235386
51.2817563511 21.5188342839
47.8362093448 26.1791200631
44.1059995892 30.7505433209
40.0084694574 35.2046747151
35.4435193164 39.5049045995
30.2909653495 43.6034187682
24.4109607873 47.4374285011
17.6521584865 50.9250386962
9.87564195971 53.9621211484
1.00416565185 56.4233698514
351.097382356 58.1727374844
340.423652306 59.0876652426
334.938626135 56.8181224312
324.747704919 56.3930977265
315.000240016 55.1394373315
306.023627768 53.1424018791
297.976065414 50.5158963569
290.870306553 47.3778209841
284.629355054 43.8344535331
279.136956151 39.9742831288
274.269761827 35.8678478313
269.91325245 31.5702329234
265.967461389 27.1242236999
262.347458969 22.5632169803
258.981586385 17.9136149576
255.808965752 13.1966982697
252.776960705 8.43006898152
249.838825294 3.62877098825
246.951572545 -1.19381446241
244.074001934 -6.0252152927
241.164783526 -10.8531860772
238.180471344 -15.6650327783
235.073320506 -20.4466941363
231.788804206 -25.1826177741
228.262237829 -29.8532503792
224.415356831 -34.4347748056
220.151567657 -38.8964800034
215.351077239 -43.1979831036
209.86683078 -47.2853412197
203.52474124 -51.0860648451
196.135819372 -54.5035874134
187.533750111 -57.413375307
177.653191299 -59.6659296038
166.643216303 -61.1049112313
154.949688779 -61.605024546
143.251663415 -61.1170203991
132.229868323 -59.68898903
122.333846476 -57.4455444229
113.716023772 -54.5429094286
106.312982935 -51.1308179714
99.9590856179 -47.3341530241
94.4653234249 -43.2498110901
89.6573144544 -38.9505465857
85.3876532108 -34.4905002026
81.5362299477 -29.9101980782
78.0061952112 -25.2404565599
74.7190332297 -20.5052604698
71.6100323376 -15.7238471737
68.62448448 -10.9122251399
65.7145781367 -6.08430934139
62.8368330009 -1.25280986839
59.9499051711 3.57002428631
57.0126030471 8.37172632943
53.9819718527 13.1389290926
50.811322503 17.856612681
47.4481025526 22.5072110818
43.8315477875 27.0694950057
39.8901442503 31.5171334227
35.5391348622 35.8168262992
30.6787377827 39.9259173314
25.1945890698 43.7894878628
18.9633787179 47.3372034104
11.8686130085 50.4807983267
3.83255495051 53.1141887144
354.866528455 55.1195432933
345.126724247 56.3827765189
330.125163142 54.3270572869
320.694428604 53.5306183808
311.784991343 51.983632445
303.614260326 49.7734678711
296.270081294 47.0035191983
289.739367997 43.7759037727
283.949480272 40.181413857
278.802435506 36.2959026337
274.196344702 32.1805734511
270.03620242 27.883994773
266.237929621 23.4445459762
262.728805746 18.8926965398
259.446237801 14.2529196773
256.335907993 9.54522768328
253.349787765 4.78638714116
250.444203178 -0.00910988785853
247.577980318 -4.82824466514
244.710618853 -9.65877328882
241.800394846 -14.4885679722
238.802253499 -19.3049232544
235.665437077 -24.0937868862
232.330192708 -28.8388741615
228.724119685 -33.52018556
224.757073126 -38.1124125384
220.314894959 -42.5823479428
215.252207768 -46.8852740952
209.385996418 -50.9598752223
202.495314118 -54.7215019302
194.33994919 -58.0546046112
184.72182675 -60.807971773
173.613560635 -62.8017845987
161.327919434 -63.8594969682
148.581939009 -63.8661295797
136.285469271 -62.8209045449
125.159852462 -60.8376403941
115.522913224 -58.0925134581
107.350452114 -54.7655592196
100.445572169 -51.0084239514
94.5680889351 -46.9370822402
89.496643641 -42.6365205227
85.04773124 -38.1682997018
81.0755422186 -33.5773095347
77.4655762599 -28.8968773049
74.1274233022 -24.1523992421
70.9884824366 -19.3638762291
67.9889458416 -14.5476968646
65.0778926386 -9.717923932
62.2102254701 -4.88726456668
59.3441943825 -0.0678507430329
56.4392951812 4.72807756111
53.4543721429 9.48751380824
50.3457916254 14.1959871797
47.0655882624 18.8367629604
43.5595313483 23.3898738092
39.7651387942 27.830907948
35.6098210434 32.1294780931
31.0096378952 36.2473125415
25.869701147 40.1359797621
20.0881577226 43.7344421574
13.5668753499 46.9670299682
6.23272963926 49.7431200414
358.07167166 51.9606871981
349.170106282 53.5162632341
339.743851152 54.3221643621
334.93138686 52.0255736601
325.914381294 51.6496236668
317.202392423 50.534558306
309.036820584 48.7408117896
301.558878886 46.3528622407
294.813085736 43.4632807129
288.773501201 40.1607175679
283.373883412 36.5233842435
278.531216992 32.6169351327
274.160348186 28.4949450655
270.181481037 24.2005387411
266.523088857 19.7683138557
263.12227582 15.2261489555
259.923885487 10.5967502737
256.879076979 5.89892144615
253.943720973 1.14859396476
251.076753008 -3.64032646393
248.238500227 -8.45524001979
245.388925292 -13.2842027313
242.485679058 -18.1152869605
239.481821708 -22.9358871195
236.322945145 -27.7319565837
232.943392779 -32.4868629116
229.261347754 -37.1799770962
225.172047105 -41.7845898296
220.538895225 -46.2648057233
215.182603395 -50.5709240159
208.870697675 -54.6326544958
201.31590329 -58.3497803314
192.206036646 -61.5815052518
181.309192016 -64.1408395468
168.69213467 -65.8101562856
154.962799789 -66.3978751675
141.225958066 -65.824344425
128.590140424 -64.167370909
117.670678638 -61.617679356
108.539753861 -58.3930163703
100.96759147 -54.6809127838
94.6421468629 -50.6227248999
89.2755522494 -46.3191078525
84.6346309607 -41.8406606829
80.5394937466 -37.2372932798
76.8530850208 -32.5450412144
73.4703034366 -27.7907079265
70.3090839585 -22.9949749904
67.3036348183 -18.174505086
64.3994205648 -13.3434028258
61.5494155624 -8.51427524281
58.7112307517 -3.6990518399
55.8448126902 1.09032660574
52.9104940762 5.84127091655
49.8672365159 10.5398942282
46.6709568127 15.1702932844
43.2728800319 19.7137039402
39.6179344693 24.1474732666
35.6433241012 28.4437930083
31.2776273167 32.5681561636
26.4411370698 36.4775517936
21.0487310376 40.1185415744
15.0172977157 43.4256228524
8.28027115048 46.3207299272
0.811053226592 48.7153103073
352.653132971 50.5167803194
343.946471571 51.6404744215
330.654083669 49.5244166822
322.236779583 48.8147672981
314.188576406 47.427113583
306.680523511 45.4253255228
299.802167644 42.8884825427
293.57166222 39.8989041601
287.957488626 36.5338276654
282.900315584 32.8611385246
278.329433652 28.9381387746
274.172964972 24.8120792541
270.363184163 20.5214814568
266.838649124 16.0976665473
263.544489924 11.5662051233
260.4317347 6.94817925669
257.456176229 2.26124034051
254.577031414 -2.47951220464
251.755489598 -7.26079037315
248.953147838 -12.070468943
246.130263029 -16.8969794572
243.243693045 -21.728692273
240.244325087 -26.5532367732
237.073649999 -31.3566415679
233.659140672 -36.1221568599
229.907728943 -40.8286300499
225.696541896 -45.4480290659
220.85999638 -49.9416188144
215.172953899 -54.253978123
208.332915517 -58.3037531338
199.955204125 -61.9703032028
189.623224098 -65.0781673077
177.079177609 -67.3911304644
162.607080215 -68.6460933861
147.333275406 -68.6540379037
132.8426412 -67.4136365258
120.271394524 -65.1121672842
109.912940172 -62.0125623481
101.51351996 -58.351700084
94.6569403915 -54.3058001808
88.9576368139 -49.9960887558
84.1120679589 -45.5043163262
79.8942405752 -40.8861612897
76.137943782 -36.1805240993
72.7198615567 -31.4155433994
69.5466165101 -26.6124381919
66.5454773169 -21.7879939419
63.6578023642 -16.9562202633
60.8343733471 -12.1295076584
58.031988581 -7.31948721241
55.2108763111 -2.53772413809
52.3326275678 2.20366586808
49.3584454416 6.89141164068
46.2475787812 11.5104388915
42.955869322 16.0431310726
39.434409497 20.468452605
35.6284053837 24.7608933956
31.4764946845 28.8892092913
26.9110196492 32.8149742025
21.8601286235 36.4910508265
16.2530487322 39.8602635806
10.030226775 42.8548519197
3.15968671768 45.3976734461
355.658844697 47.4064294452
347.616289874 48.8019365707
339.202116214 49.520064184
334.925491186 47.1818602323
326.868538567 46.8460060814
319.028452993 45.8458942179
311.585530948 44.2254135568
304.6589614 42.0480146944
298.303739658 39.3863337838
292.52226569 36.3133660205
287.28149963 32.8966836067
282.528832582 29.1956102182
278.203742419 25.2605181474
274.245054677 21.1333489354
270.594790505 16.8486887947
267.19974686 12.4349951092
264.01171777 7.91576932796
260.986960604 3.3105943235
258.085260963 -1.36397925636
255.268773688 -6.09368081468
252.50069962 -10.8658705737
249.743774887 -15.6689552117
246.958481142 -20.4918248785
244.100811243 -25.3232627963
241.119311382 -30.1512589196
237.950995616 -34.9621057777
234.515501468 -39.7391538272
230.706446525 -44.460956441
226.378509086 -49.0983497953
221.328264258 -53.6097115948
215.267221219 -57.9331065413
207.790285467 -61.9733653619
198.363119193 -65.5822472711
186.411993442 -68.5347802624
171.694147566 -70.5252574279
154.982403993 -71.2418884042
138.256603822 -70.5424574485
123.506540913 -68.5659732334
111.521313085 -65.6233262016
102.06625493 -62.0209904271
94.5686758643 -57.9850008217
88.4928401039 -53.6644068701
83.432040893 -49.1548989956
79.0965350892 -44.5187326983
75.2820252931 -39.7977262361
71.8426017283 -35.0211645333
68.6714880444 -30.2105689923
65.6880599198 -25.3826329418
62.8291626595 -20.5510929536
60.0432255306 -15.7279814589
57.2861639888 -10.9245212025
54.5184176699 -6.15181903197
51.7027058546 -1.42145943756
48.8022324167 3.25393306631
45.7791723255 7.86011041997
42.5933464174 12.3805528978
39.2010602519 16.7957184075
35.5541655109 21.0821579116
31.5995197469 25.2114798992
27.2791955103 29.1491788334
22.5320393904 32.8534084149
17.2974860802 36.2739024441
11.5227712737 39.3514441229
5.17453183243 42.0185491679
358.254636011 44.2022601947
350.817356293 45.8298902558
342.981088697 46.8378177389
331.093894157 44.6503885167
323.529838639 44.0134301549
316.233766551 42.7617307317
309.339535123 40.942718875
302.928994274 38.617186592
297.034289028 35.8511033658
291.64870801 32.7091582988
286.73992106 29.2507184092
282.261563171 25.5279386717
278.161622244 21.5853745451
274.387692672 17.4604597929
270.889804073 13.1843832078
267.621606261 8.78307908744
264.540531481 4.2781824899
261.6073529 -0.312113488824
258.78538716 -4.97231240708
256.039461666 -9.68896973075
253.334674437 -14.4501243818
250.6348997 -19.2447747649
247.900918307 -24.0623608312
245.08795503 -28.89220267
242.142264966 -33.7228162135
238.996199933 -38.5409962777
235.560781676 -43.3304908614
231.714169221 -48.0699281634
227.283382405 -52.7293972912
222.015219604 -57.2645633839
215.531606483 -61.6062304254
207.270869225 -65.6417746753
196.455213947 -69.1842661612
182.264742071 -71.9344028189
164.618602067 -73.4864755086
145.36904954 -73.4964742613
127.687015105 -71.9618180951
113.451378986 -69.2238814521
102.598566721 -65.689084788
94.3113602065 -61.6582813506
87.8096099646 -57.3195670623
82.5290139239 -52.7862689697
78.0895990211 -48.1279862396
74.2369262561 -43.3892858989
70.7972268255 -38.6002152998
67.6481549843 -33.7822277074
64.700406448 -28.9516231811
61.8861230378 -24.1216350641
59.1514232587 -19.3037661342
56.4514411497 -14.5087048219
53.7469030321 -9.74700945719
51.00165625 -5.02967336783
48.1807926083 -0.368643555034
45.249149872 4.222655869
42.1700688721 8.72875610201
38.9043582567 13.1315000407
35.4094936822 17.4092983121
31.6391708232 21.5362733467
27.5434582149 25.4813050758
23.0699666031 29.2070402309
18.1666534233 32.6690129018
12.7870423866 35.8151595533
6.89857098652 38.5861925795
0.494140785147 40.917468066
353.605353697 42.7429987054
346.313423437 44.0018841892
338.751618757 44.6464854894
334.920496508 42.2490663343
327.679117474 41.9472511245
320.595585916 41.0458182036
313.806031588 39.5771608319
307.408513831 37.589338806
301.458426498 35.1392986189
295.972987019 32.2865553674
290.940538327 29.0884767624
286.330650544 25.5974346049
282.102636869 21.8595261123
278.21167304 17.9143729317
274.612658559 13.7955433777
271.262327453 9.53126775114
268.12014633 5.14524185899
265.148428522 0.657408475983
262.311956441 -3.91533201686
259.577284214 -8.55849431934
256.911797541 -13.2594565935
254.282530832 -18.0069656024
251.654669885 -22.7906720104
248.989583855 -27.6006609433
246.242109172 -32.426926906
243.356618702 -37.25871585
240.261069427 -42.0836164985
236.857599355 -46.8861831902
233.007114051 -51.6456800194
228.503209666 -56.3321469735
223.027172987 -60.899150787
216.071321579 -65.2698063819
206.823001605 -69.3092768089
194.077998126 -72.7738101097
176.61649997 -75.2451016264
155.015866706 -76.17497826
133.383463093 -75.2671350753
115.86050406 -72.8115316763
103.063496006 -69.3563101264
93.7800174578 -65.3221492508
86.8015089494 -60.9545797748
81.3107389273 -56.3894182256
76.7970297909 -51.704061725
72.9398773278 -46.9452164707
69.5318123924 -42.1429932907
66.433094766 -37.3182140096
63.545461892 -32.4863736632
60.7966183281 -27.6599113337
58.1307766207 -22.8495968018
55.5026700407 -18.065443195
52.8736033467 -13.3173646329
50.2087269562 -8.61570281385
47.4750614285 -3.97169780384
44.639995003 0.602047292102
41.6700972892 5.09107209301
38.5301762685 9.4785082028
35.1825776734 13.7444529188
31.5868026668 17.8652595973
27.6996145677 21.8127568667
23.4759251757 25.5534448897
18.8708878611 29.0477780091
13.8437343678 32.2497373104
8.36386501422 35.1070216347
2.41933794444 37.562310281
356.026962275 39.5560901498
349.241630928 41.0313492973
342.160894989 41.9398806107
331.4731092 39.6648735155
324.651567365 39.0909322343
318.028052886 37.9587712891
311.707202959 36.3039520061
305.760153211 34.1733182492
300.223785675 31.6194430151
295.105736071 28.6958108258
290.39202009 25.4533666159
286.054708718 21.9384882558
282.058239833 18.1921102678
278.363941364 14.2496307111
274.93291125 10.141274674
271.727615839 5.89267745472
268.712579658 1.52553791423
265.854464803 -2.94174091717
263.121743921 -7.49346247019
260.484084215 -12.1161097615
257.911486059 -16.7978762786
255.373152859 -21.5282401413
252.835996441 -26.2975595467
250.262585493 -31.0966579474
247.608194257 -35.9163513941
244.81634651 -40.7468448474
241.811754816 -45.5768705321
238.488594535 -50.3923256918
234.690103455 -55.1739260258
230.17141527 -59.8928440529
224.52900868 -64.5019906427
217.064291096 -68.917345318
206.537896907 -72.9759703365
190.920674871 -76.3453483695
168.345116341 -78.400010547
141.727291843 -78.4137811637
119.067604618 -76.3804438259
103.372271802 -73.0228248502
92.7969090599 -68.9701953842
85.303299286 -64.558005312
79.6434026615 -59.950607238
75.1136894942 -55.2326726858
71.3080012623 -50.4516045348
67.980032589 -45.6363907628
64.9722042469 -40.8064018582
62.1782092591 -35.9757879738
59.5224665211 -31.1558425263
56.9483175943 -26.3563735785
54.4109224518 -21.5865703903
51.8727786669 -16.8556083437
49.3007569082 -12.1731219905
46.6640412579 -7.54962074745
43.9326289118 -2.99689373708
41.0761960894 1.47156473415
38.0632335523 5.8400867267
34.860427472 10.0903045785
31.432328365 14.200562288
27.7414245382 18.1452753848
23.74882291 21.8942773655
19.4158343303 25.4122349548
14.7068357799 28.6582807685
9.59377213167 31.5860991692
4.06244715441 34.1447909393
358.120188469 36.280884898
351.803487563 37.9417712838
345.183057388 39.0805053235
338.363166404 39.6613581092
334.916116642 37.1828301619
328.391197282 36.9109027075
321.983016783 36.0968571187
315.795160999 34.7648236721
309.907197379 32.9513454219
304.370367887 30.7009463096
299.208758493 28.0616956672
294.424032458 25.0815561576
290.001528512 21.805846096
285.916090772 18.2757799298
282.136787531 14.5278584559
278.63029736 10.5938354103
275.363089199 6.50102395533
272.302653174 2.27277090294
269.41804233 -2.07101203269
266.679933999 -6.51332328353
264.060353355 -11.0395837133
261.532137833 -15.6371965163
259.068162003 -20.2951524817
256.640282371 -25.0036701847
254.217888122 -29.7538537346
251.765835661 -34.5373417803
249.241362076 -39.3459075898
246.589231057 -44.1709440228
243.733686173 -49.002710537
240.564361185 -53.8290969481
236.910108368 -58.6333772361
232.487115675 -63.3897207143
226.788603139 -68.0532979592
218.835031698 -72.5360522037
206.609532745 -76.6411330424
186.246118522 -79.8848019772
155.088462709 -81.2415000135
123.829743283 -79.9157997022
103.33567712 -76.6880332498
91.0373204797 -72.589753005
83.0462006003 -68.1101085085
77.327129108 -63.448073406
72.8920670255 -58.6925160333
69.230331067 -53.8886075443
66.0561979186 -49.0623371824
63.1975170994 -44.2305100683
60.5433640245 -39.4052773481
58.017656611 -34.5964004109
55.5649625408 -29.8124957836
53.1423989605 -25.0617926204
50.7147489362 -20.352649576
48.2513587201 -15.6939550645
45.7240631369 -11.0954785137
43.1057304394 -6.56821282289
40.3692029938 -2.12473398286
37.486518988 2.2204046747
34.42837389 6.45023298084
31.1638404965 10.544876784
27.6604254909 14.4810333355
23.8846042708 18.2314398341
19.8030419684 21.7643979866
15.3847604809 25.0434646297
10.6045088403 28.027479778
5.44746629648 30.6711678784
359.915062358 32.9265855418
354.031079861 34.7456454667
347.846417239 36.0837561555
341.440314106 36.9042517498
331.81095029 34.5191515285
325.655623407 34.0015899625
319.64832569 32.9775712575
313.870803458 31.4738629974
308.383161102 29.5265151956
303.222150198 27.1771296052
298.403144813 24.4693718385
293.924281687 21.4462073562
289.771267711 18.1480227017
285.921818222 14.6115613108
282.349217967 10.8694910826
279.024889701 6.9504012582
275.920072043 2.87905608934
273.006788667 -1.32322124833
270.258291683 -5.63811756999
267.64912663 -10.0499005471
265.15491984 -14.5450168885
262.751941393 -19.1117276934
260.416449462 -23.739781023
258.123768881 -28.4201151794
255.846985755 -33.1445806178
253.555027294 -37.9056617809
251.209692753 -42.6961695879
248.760800738 -47.5088536239
246.137773039 -52.3358354014
243.234055383 -57.1676547573
239.876036087 -61.9914462647
235.755233782 -66.7869919159
230.263276053 -71.516939146
222.034725581 -76.0982664579
207.529917191 -80.3010367659
177.814349286 -83.3464299119
132.448281283 -83.3695028452
102.472124424 -80.348517391
87.8480890414 -76.1533623506
79.5706007542 -71.5747889371
74.055493715 -66.8460024224
69.9223260959 -62.0509587679
66.5571252818 -57.2273372527
63.6490169776 -52.3954896853
61.0232466988 -47.5683422923
58.5726655313 -42.7553841532
56.2263654269 -37.9645068975
53.9339738008 -33.2029653478
51.6571763604 -28.4779476384
49.3648327306 -23.7969645509
47.0299901866 -19.1681573685
44.627953965 -14.600575973
42.1349761784 -10.1044568723
39.5273305322 -5.69151974474
36.7806537484 -1.37529450102
33.8695058621 2.8285145342
30.7671546123 6.9016272354
27.4456365682 10.8227587781
23.8761951469 14.5671883611
20.0302424217 18.1063743273
15.8810272932 21.4076982868
11.4061924747 24.434464224
6.59132357929 27.1463245967
1.43437890005 29.5003357327
355.950497496 31.452826034
350.176155656 32.962149706
344.171177981 33.9921680978
338.017077832 34.5159815618
334.912150773 31.9278911303
329.036680752 31.6830461923
323.248400322 30.9487239493
317.626475163 29.742948112
312.234868354 28.0934744483
307.118859318 26.0349106676
302.304789491 23.6056627614
297.802235133 20.8452177418
293.60747618 17.792049085
289.707257232 14.4822141865
286.08218088 10.94856729
282.709423066 7.22044560649
279.564711071 3.32367885777
276.623642206 -0.719204456328
273.8624729 -4.88866802162
271.258508487 -9.16781899414
268.790200426 -13.5420582481
266.437025542 -17.9987507662
264.179187969 -22.5269257125
261.997149101 -27.1170082852
259.870949462 -31.7605806037
257.779228434 -36.4501653006
255.697751454 -41.1790219699
253.5970724 -45.9409411441
251.438583484 -50.7300089561
249.167363776 -55.5402896413
246.698176311 -60.3653090619
243.885344524 -65.1970460672
240.449706749 -70.0235813495
235.770432557 -74.822435915
228.136997373 -79.536131308
210.982366397 -83.9385047692
155.382949931 -86.4966665853
99.1231167115 -83.9880665926
81.7454349839 -79.5933996496
74.0531816766 -74.8814844754
69.3515819263 -70.0831888128
65.9054262162 -65.2567986808
63.0869804866 -60.4250101849
60.614589661 -55.5998181476
58.3415091543 -50.7892737166
56.1819870566 -45.9998629947
54.0808326951 -41.2375251929
51.999289029 -36.5081728697
49.9078250337 -31.818011071
47.7821580488 -27.1737733566
45.6009017375 -22.5829279086
43.3440854026 -18.0538808364
40.9921691961 -13.5961923043
38.525363047 -9.22081538252
35.9231543517 -4.94036387728
33.1640078251 -0.769411893735
30.2252423936 3.27517688043
27.0831253834 7.1738995838
23.7132581996 10.9042652824
20.0913598516 14.4404851535
16.1945784509 17.7532645058
12.0034606121 20.8097901921
7.5046579012 23.574039747
2.69431322002 26.007561866
357.581820526 28.0708708873
352.193302601 29.7255330541
346.573806324 30.9368774943
340.787083561 31.6770484512
332.121553141 29.1503280339
326.582182316 28.6847772373
321.15415392 27.7614204861
315.901211199 26.4003644515
310.873197425 24.6291922648
306.104281415 22.4804949819
301.613447214 19.9894184446
297.406559171 17.1915573585
293.479194524 14.121362946
289.819576301 10.8110860739
286.411184219 7.29018610104
283.234851407 3.58509676432
280.270316743 -0.280761588158
277.497291897 -4.28681695424
274.896137041 -8.41509812923
272.448241238 -12.6499529931
270.136189569 -16.9777633011
267.943779566 -21.386673761
265.855929441 -25.8663444349
263.858501446 -30.4077298951
261.938044293 -35.0028851506
260.081435249 -39.6447964378
258.27536723 -44.3272339744
256.505561566 -49.0446230702
254.755451032 -53.7919289761
253.00375879 -58.5645488133
251.219562568 -63.358198499
249.350933307 -68.1687657871
247.294345154 -72.9920399048
244.791425744 -77.822949951
240.919494586 -82.6520182807
227.920656835 -87.4223259337
82.2646497206 -87.4794943519
68.9014192107 -82.7117027835
64.9975566704 -77.8827679244
62.4859104711 -73.0517882013
60.4258972259 -68.2283629119
58.5557264672 -63.417584511
56.7708533615 -58.6236683127
55.0189617898 -53.8507261289
53.2689590621 -49.1030393772
51.4994865372 -44.3852068017
49.6939365502 -39.7022577486
47.8380115046 -35.0597602501
45.9183976738 -30.4639360905
43.9219732706 -25.9217894866
41.8352930466 -21.4412539991
39.6442289586 -17.0313613772
37.3337115994 -12.7024353104
34.8875526091 -8.4663119756
32.2883517606 -4.33658734725
29.5175118497 -0.328887881901
26.5554036632 3.53884436909
23.3817433337 7.24606986683
19.9762639385 10.769403393
16.3197772393 14.0824476582
12.3957197008 17.155778732
8.19224259357 19.9571765686
3.70481743702 22.4522111931
358.939167023 24.6052934353
353.914102736 26.3812607214
348.66360359 27.7474774684
343.237329576 28.6762856838
337.698877032 29.1474758326
334.908443306 26.4107504735
329.64045264 26.1912308504
324.437867163 25.5318723193
319.361229583 24.4460821882
314.461535992 22.9547987307
309.777643728 21.0846469775
305.335528094 18.8658873232
301.149092964 16.3304699842
297.221995918 13.5104070612
293.549925652 10.4365567295
290.122890314 7.13781901476
286.927244753 3.64068477617
283.947336334 -0.0309438969141
281.166754988 -3.8557435098
278.569233083 -7.81483841648
276.139266261 -11.8916022808
273.862531097 -16.0714288297
271.726170768 -20.3414960756
269.719013271 -24.6905384765
267.831783802 -29.1086346241
266.057378218 -33.5870133266
264.391284876 -38.117877674
262.832290007 -42.6942441396
261.38370527 -47.3097910361
260.055581433 -51.9587061991
258.868889854 -56.6355144304
257.863943077 -61.334842419
257.118905055 -66.0510154504
256.795704837 -70.7771761515
257.275381082 -75.5028141959
259.678578928 -80.2043547717
269.070213623 -84.7856755373
334.043617216 -87.9855387146
40.4468863396 -84.8402024639
50.0209187773 -80.2621866836
52.463256765 -75.5612280285
52.9572480416 -70.8356781465
52.6409421027 -66.1094236446
51.8998742207 -61.3930526329
50.8975469661 -56.6934474379
49.7127915097 -52.0162909118
48.3862446478 -47.3669576095
46.9390530595 -42.750920406
45.3813713926 -38.1739868261
43.716578298 -33.6424720735
41.9435068647 -29.1633514602
40.0576808527 -24.7444118531
38.0520248016 -20.3944123644
35.9172884543 -16.1232600497
33.6423215095 -11.9422036051
31.2142863453 -7.86404547999
28.6188758144 -3.90336957072
25.8405977213 -0.0767769694034
22.8631904958 3.59688459948
19.670241124 7.09632169152
16.246081222 10.3976633132
12.5770325146 13.4744489287
8.65304780396 16.2978053221
4.46973408693 18.8368938534
0.0306390169456 21.0597100143
355.349530753 22.9342941285
350.452231747 24.4303546666
345.377445025 25.5212109747
340.176032119 26.1858450827
332.416570168 23.4715848699
327.464924422 23.055573934
322.597120746 22.2288131272
317.862653395 21.0062714375
313.302246155 19.4088106239
308.946363537 17.4615913397
304.815053805 15.1924059935
300.918843466 12.6301500142
297.260284445 9.8035648789
293.835769789 6.74030556977
290.637326936 3.46632296236
287.654212734 0.00551489001505
284.874234708 -3.62041476694
282.284794062 -7.39194881735
279.873687967 -11.2916523266
277.629729747 -15.3040103697
275.54325452 -19.4152359326
273.606583 -23.6130661555
271.814524746 -27.8865572246
270.165021759 -32.2258818348
268.660075159 -36.6221274685
267.307181831 -41.0670875048
266.121676438 -45.5530281852
265.130720744 -50.0723982275
264.380431505 -54.6174141132
263.949371688 -59.1793763165
263.975996899 -63.7473740832
264.719877604 -68.3054728889
266.715561861 -72.8256238113
271.22406734 -77.2461732431
281.821716822 -81.3888378631
309.735621438 -84.5505632687
359.482457775 -84.5757299587
27.7280051359 -81.4365883975
38.4466234515 -77.299756476
43.0006711882 -72.8811249642
45.0174042275 -68.3616994367
45.7726711575 -63.8038366484
45.8062285581 -59.2358199643
45.3798092137 -54.6736768875
44.6328892308 -50.1283589108
43.6445636854 -45.6085837209
42.4612501382 -41.1221418227
41.1102925273 -36.6765851799
39.6071428559 -32.2796441472
37.9593780337 -27.9395188774
36.1690567549 -23.6651127887
34.2341644864 -19.4662416007
32.1495448657 -15.3538350724
29.9075458455 -11.340139513
27.4985240285 -7.43892287626
24.9113084684 -3.66567858136
22.1337053793 -0.0378178371119
19.1531165404 3.42516761603
15.9573390309 6.70160017818
12.535605045 9.76760768669
8.87989974033 12.5972622106
4.98655323089 15.1629261212
0.858032291491 17.4358661529
356.504757302 19.3871820041
351.946654804 20.9890595694
347.21406232 22.2162970182
342.3475861 23.0479713792
337.396629121 23.4690347651
334.904855994 20.5262102967
330.224738299 20.3311933603
325.593633664 19.7446993749
321.057682385 18.7765812061
316.657168374 17.4424138966
312.424713943 15.7623464476
308.384492829 13.7597713953
304.552379819 11.4599932543
300.936806816 8.88903627323
297.540042112 6.07267491499
294.359634523 3.03571608579
291.389831587 -0.198478361979
288.622858645 -3.60826389286
286.050012732 -7.17382441986
283.66257415 -10.8771655592
281.452570422 -14.7020269701
279.413447113 -18.6337422868
277.540714628 -22.6590664713
275.832656542 -26.7659822962
274.291211596 -30.9434900693
272.923189858 -35.1813768464
271.742073571 -39.4699516512
270.770823594 -43.7997184906
270.046443337 -48.1609328737
269.627720789 -52.5429360912
269.608988958 -56.9330514141
270.145938297 -61.3145720731
271.50716268 -65.6627332466
274.184537522 -69.9358091555
279.145677828 -74.0531941073
288.415271661 -77.8354647625
305.962506041 -80.8381224751
334.678581565 -82.1008599934
3.50018910132 -80.8669152578
21.1813116498 -77.8787709091
30.5245089651 -74.1025925158
35.5235102628 -69.987931789
38.2218431834 -65.7161514975
39.5957095083 -61.3685898591
40.1408979371 -56.9872787013
40.127914923 -52.5971237925
39.7134580981 -48.2149015293
38.9924278023 -43.8533241719
38.023951071 -39.5230680682
36.8452448601 -35.2338850602
35.4794110725 -30.9952719832
33.9400292383 -26.8169160908
32.2339792057 -22.7090230588
30.3632514194 -18.6825823114
28.3261685623 -14.7495981183
26.118270607 -10.923300084
23.7330245659 -7.21833687808
21.1624715211 -3.65094918717
18.3978967484 -0.239110270001
15.4305922067 2.99738560708
12.2527660983 6.03691525596
8.85863447053 8.85613604008
5.24569823101 11.4302559379
1.41616020454 13.7335083373
357.378369931 15.7398667861
353.148106359 17.4240115575
348.749440715 18.7625195878
344.214896209 19.7351950755
339.584673219 20.326400929
332.707300225 17.3531777716
328.337033472 16.9861028874
324.029628824 16.2553642748
319.823221257 15.1719096491
315.75060974 13.7512114208
311.83815665 12.0122782837
308.105428371 9.97657494405
304.565483939 7.66697456065
301.225638337 5.10683591076
298.088505919 2.31925752862
295.153153169 -0.673474970808
292.416237302 -3.85025845135
289.873059319 -7.19138396691
287.518505958 -10.6786216838
285.347890379 -14.2952092834
283.357727612 -18.0257694533
281.546501619 -21.8561755214
279.91550201 -25.7733769282
278.469836985 -29.7651883018
277.219774915 -33.8200368076
276.182645908 -37.9266505718
275.385674948 -42.0736530786
274.870373079 -46.2489980358
274.699588657 -50.4391229763
274.969232139 -54.6275889637
275.828476481 -58.7927428144
277.515767998 -62.903432785
280.424623987 -66.9106573584
285.222584752 -70.7303850385
293.037472918 -74.2073796689
305.546000193 -77.0457268149
323.947630146 -78.7385692229
345.545441983 -78.7497773113
4.01514417908 -77.0749397589
16.5929478387 -74.2472244719
24.4547733289 -70.7759285989
29.2820177919 -66.9592745069
32.20944036 -62.9537367131
33.9090245081 -58.8439530706
34.7768143606 -54.6792283159
35.0526921199 -50.4908728054
34.8866722734 -46.3006261117
34.3751780065 -42.1249752918
33.5813826297 -37.9775093519
32.5470110361 -33.8702881397
31.2994339647 -29.8146933614
29.8560840808 -25.821996286
28.2273038903 -21.9037648283
26.4182562157 -18.0721760201
24.4302711041 -14.3402692498
22.2618618115 -10.7221576447
19.9095630083 -7.23320304516
17.3686982182 -3.89015090695
14.6341548123 -0.711213529266
11.7012236769 2.28391736007
8.56653983811 5.07415419837
5.2291342639 7.63722359142
1.69157176181 9.95003380846
357.96110421 11.9892251571
354.050716231 13.7319135531
349.979893019 15.1566114535
345.774915829 16.2442743779
341.46851117 16.9793814655
337.098759201 17.3509257941
332.713846248 14.1669903841
328.361243965 13.7768076081
324.074572368 13.0003957004
319.893843554 11.8497295876
315.853529513 10.3417195897
311.981454669 8.49712141536
308.298478757 6.3393504095
304.818867455 3.89333890556
301.55116483 1.18453811928
298.499362777 -1.76187889754
295.664192051 -4.92159674627
293.044413609 -8.27153163168
290.638048212 -11.790027536
288.443535358 -15.4569073716
286.460856792 -19.2534092537
284.692698175 -23.162030618
283.145762228 -27.1662924007
281.832398627 -31.250422223
280.772795966 -35.3989381295
279.998114542 -39.596089279
279.555168687 -43.8250695614
279.513669062 -48.0668494322
279.97773723 -52.2983401489
281.104597629 -56.4893515076
283.135170842 -60.597305736
286.442988364 -64.5577052219
291.603696724 -68.2667026715
299.450386505 -71.5507426893
310.924098922 -74.1254629009
326.222712564 -75.5919587207
343.335276608 -75.6008573318
358.671717748 -74.1496672975
10.1915874319 -71.5853552008
18.0751986567 -68.307650703
23.2617980307 -64.602397868
26.5873454142 -60.6441981289
28.6302724252 -56.5375046833
29.7660251433 -52.3471523419
30.2367409891 -48.115908189
30.2004114559 -43.8740707345
29.7616495019 -39.6447913312
28.9904885129 -35.4471352175
27.9339606121 -31.2979275228
26.6233769839 -27.2129271898
25.0790331324 -23.2076167094
23.3133556145 -19.2977634698
21.3331024418 -15.4998373587
19.1409979317 -11.8313285743
16.7370485013 -8.31098433286
14.1197054016 -4.9589657009
11.2869882262 -1.79691246884
8.23764320889 1.15210655264
4.97237200892 3.86378789268
1.49512261231 6.31296519706
357.814380943 8.47418629401
353.944342579 10.3225078131
349.905789684 11.8344912522
345.726468438 12.9893444694
341.440780484 13.7701076566
337.08868448 14.1647452651
332.715242837 11.0165075934
328.370384784 10.598936582
324.09603824 9.76847559404
319.935008193 8.53848939118
315.924240526 6.92782872147
312.09370839 4.95959973448
308.466168503 2.65983519188
305.057669613 0.056226959344
301.878607591 -2.82296555583
298.935107478 -5.94976875473
296.230552371 -9.29709313282
293.767145606 -12.8390906526
291.547465191 -16.5513008019
289.576037352 -20.4106172793
287.861019137 -24.3950998287
286.41614592 -28.4836409467
285.263182419 -32.6554753245
284.435236681 -36.8894883112
283.981486095 -41.1632314104
283.974165694 -45.451473706
284.519127979 -49.7239816912
285.771887687 -53.941979271
287.961467598 -58.0523228113
291.422840274 -61.9777788967
296.628813408 -65.6011768322
304.174612004 -68.7425146318
314.573906181 -71.1385427701
327.664898837 -72.4661910704
341.935498278 -72.4736187244
355.05001517 -71.1592260821
5.48131862017 -68.7729931725
13.0557947907 -65.6381458299
18.2837761615 -62.0188487837
21.7612376166 -58.0959225041
23.9625630769 -53.9870852628
25.224069058 -49.7699056366
25.7757386725 -45.4977278953
25.773739082 -41.2094480374
25.3243627353 -36.935370954
24.5001441879 -32.7007690397
23.350467955 -28.5281131454
21.9085875261 -24.438527527
20.1963706842 -20.4527782598
18.2276254517 -16.591967329
16.0105583073 -12.8780250404
13.5497257342 -9.33404487747
10.8477187832 -5.98447322028
7.9067372598 -2.85514439878
4.73014415378 0.026863318874
1.32402786604 2.6335827094
357.698731931 4.93675323303
353.870239469 6.90867171779
349.861232849 8.52328164478
345.701609083 9.75743930053
341.428244895 10.5922426747
337.083892382 11.0142639861
332.71180112 7.89810304827
328.365558262 7.44794635665
324.096330868 6.55329736714
319.950890098 5.22940796399
315.969699786 3.49775875795
312.185808912 1.38463610595
308.624735133 -1.08038760041
305.305198972 -3.86588112486
302.240475678 -6.93975566487
299.440126819 -10.2701697521
296.911931097 -13.8261195008
294.663922062 -17.5777287921
292.706536845 -21.4962664798
291.054975891 -25.5539125222
289.731973444 -29.7232748977
288.771295743 -33.9766244861
288.222437881 -38.2847615531
288.15719745 -42.6153442522
288.67904953 -46.9303770179
289.936392763 -51.1823462539
292.14020413 -55.3081810543
295.58352057 -59.21988275
300.64911545 -62.7908280265
307.762063189 -65.8393965433
317.194835565 -68.1216250632
328.659343525 -69.3645446446
340.970989358 -69.3709553693
352.451420839 -68.1397279224
1.90741786317 -65.8665964529
9.04287363154 -62.8244072688
14.1269624096 -59.257686007
17.5845395557 -55.3486779444
19.7991932291 -51.2244786943
21.064866737 -46.9734004299
21.5932680106 -42.658712325
21.5333301681 -38.3280508371
20.98890679 -34.0194862625
20.0320617421 -29.7654042138
18.7124778062 -25.5950278243
17.0640535266 -21.5360958895
15.1096152174 -17.6160007495
12.8644246198 -13.8625565397
10.3389549606 -10.3044848359
7.54125371045 -6.97165093835
4.47909282804 -3.89504921217
1.16200745576 -1.10651570816
357.603228112 1.36185904544
353.82141502 3.47863188387
349.8420148 5.21420562454
345.698001931 6.54225457889
341.42977152 7.44124418317
337.084041647 7.8958559327
332.70373251 4.80838325855
328.347641156 4.31920102354
324.07763212 3.34785241693
319.946016742 1.91218672161
315.998200701 0.0372996949357
312.271616567 -2.24615271665
308.795829039 -4.90372656948
305.593639856 -7.89881504906
302.682922877 -11.1939658218
300.078932766 -14.7518071973
297.796918704 -18.5355592929
295.854998971 -22.5091379493
294.27738766 -26.6368613929
293.098203126 -30.8827447323
292.366230943 -35.209315707
292.151157658 -39.5758020842
292.551883965 -43.9354163526
293.707362552 -48.2312867809
295.809346483 -52.3903753491
299.112742368 -56.3146404252
303.92908001 -59.869363644
310.567105926 -62.8717234243
319.162012731 -65.0913563894
329.385830494 -66.2868299971
340.266853095 -66.2924966008
350.502186106 -65.1074973364
359.114679223 -62.896284775
5.77071690046 -59.9000537225
10.6026325033 -56.3495151049
13.9185641001 -52.4279686859
16.0304122568 -48.2705332567
17.1936847972 -43.9755345555
17.6006838254 -39.6161984105
17.3907921745 -35.2495161564
16.6632285262 -30.9223489785
15.4879087381 -26.6755121663
13.9137810997 -22.5465005619
11.9750765961 -18.5713080101
9.69608299776 -14.7856165483
7.09496028933 -11.2255058863
4.18697157971 -7.92775036664
0.987360366819 -4.92971867594
357.513966692 -2.26886642146
353.78953922 0.0181863167561
349.843575698 1.8969690639
345.71343576 3.3367838818
341.444456222 4.31247716082
337.088894467 4.80612783812
332.691164932 1.74412970768
328.317378941 1.20777229629
324.04230576 0.143975427736
319.925999168 -1.42575687308
316.020831839 -3.47124548582
312.370543552 -5.95568495502
309.010736795 -8.83774606938
305.970599389 -12.0734329227
303.275537264 -15.6174917736
300.95044605 -19.4242650082
299.023486767 -23.4479484478
297.530404884 -27.6422310835
296.519603552 -31.9592713309
296.058313625 -36.3478947442
296.240215445 -40.7507862084
297.194529772 -45.100303617
299.095285451 -49.3124122354
302.165723275 -53.2783371292
306.663961679 -56.8544930193
312.820699444 -59.8545468573
320.69139394 -62.054791333
329.939351461 -63.231514196
339.730741441 -63.2366132106
348.987485453 -62.0693935503
356.872023256 -59.8769450921
3.04350353247 -56.8826962263
7.55498840046 -53.3105705586
10.6364495353 -49.3472733494
12.5461310115 -45.1367293074
13.5076732288 -40.7879671096
13.6955185638 -36.3851948209
13.239231782 -31.9961668953
12.2327556571 -27.6782679601
10.7435119117 -23.4827128455
8.82003640749 -19.4573642674
6.49816023098 -15.6485424508
3.80609074479 -12.1020547972
0.7687360143 -8.86356143093
357.411484734 -5.97832293652
353.76348242 -3.49035123824
349.860270524 -1.44100502607
345.745517968 0.132864263465
341.471528094 1.2010140757
337.098299202 1.74186132247
332.674155469 -1.29776434952
328.275504683 -1.89185032516
323.993359715 -3.06834250209
319.898726175 -4.80043650208
316.053944859 -7.05058087748
312.51201229 -9.77302885317
309.317771828 -12.9163637339
306.510681783 -16.4255931695
304.128776962 -20.2435406019
302.213534559 -24.3113806658
300.81554245 -28.5682274256
300.001040347 -32.9496758983
299.859426021 -37.3851242769
300.511432473 -41.7935937875
302.116302114 -46.0776968493
304.872685321 -50.1156252087
309.000354873 -53.7521730445
314.678521284 -56.7931199354
321.915383522 -59.0136702391
330.374776757 -60.1964602109
339.309333721 -60.2011123639
347.775743064 -59.0270331584
355.023893024 -56.8137082787
0.714411507745 -53.7782000437
4.85349313298 -50.145439403
7.61962198826 -46.1099443465
9.23256937263 -41.8272113299
9.89125664936 -37.4192742638
9.75524156429 -32.9836781829
8.94553104398 -28.6015048642
7.5517338792 -24.3434200483
5.64023943723 -20.2738664747
3.2617312108 -16.4537519359
0.45773530937 -12.9419162676
357.266295119 -9.79555062446
353.726843526 -7.06966894039
349.884172278 -4.81572249982
345.791210568 -3.07951015121
341.510229431 -1.89865482914
337.112176868 -1.30005029627
332.65270193 -4.32037221161
328.222924321 -4.98621245814
323.935248464 -6.3020418133
319.876509453 -8.23306296579
316.123655461 -10.7305971902
312.743655903 -13.735338014
309.795941227 -17.1803881886
307.336944344 -20.9934985941
305.426221462 -25.0981176022
304.13373716 -29.4130057181
303.547972135 -33.8502245995
303.784200713 -38.3112881448
304.990982738 -42.6812696853
307.34953762 -46.8209731427
311.053883721 -50.558546934
316.250673822 -53.685271079
322.919931083 -55.9661328696
330.726019548 -57.1791914808
338.969683879 -57.1834829291
346.781604825 -55.9784737783
353.460371109 -53.704310365
358.667754951 -50.5826248577
2.38207996164 -46.8485150799
4.74932162652 -42.7109471672
5.96343784471 -38.342025769
6.20583855657 -33.881148195
5.6253267269 -29.443383189
4.33739054446 -25.1273106587
2.43066990531 -21.0209288946
359.975230757 -17.2055169205
357.030677107 -13.7576573012
353.653443076 -10.7496319647
349.90292302 -8.24838191016
345.84602551 -6.31327530735
341.559629179 -4.99307424944
337.130508819 -4.32268031485
332.626757153 -7.32684538513
328.161056393 -8.08365289027
323.875412223 -9.57479769287
319.880248083 -11.7528192582
316.274617561 -14.551375208
313.147318045 -17.8894711434
310.581544019 -21.6750256647
308.662288647 -25.8068840535
307.485454089 -30.1746944021
307.167334623 -34.6562938937
307.852022769 -39.1124542854
309.711199741 -43.3792955282
312.92450681 -47.260097398
317.62080238 -50.5217623208
323.764185446 -52.9070961374
331.015204294 -54.1769440099
338.69030214 -54.1809383193
345.946354149 -52.9185748442
352.098000275 -50.5394394447
356.803593874 -47.2823726119
0.0257634612062 -43.4046232062
1.89275557164 -39.1395011194
2.58413010602 -34.6839520614
2.27170708184 -30.2020376167
1.09976343471 -25.8331158272
359.184747937 -21.6994386601
356.622661975 -17.9114224111
353.498539299 -14.5702772661
349.895563248 -11.7681454153
345.902482048 -9.58609886664
341.618281561 -8.09058152432
337.153321735 -7.32918028447
332.596254116 -10.320596273
328.092534494 -11.1956614124
323.827497184 -12.9121449095
319.948144752 -15.4012337211
316.5883249 -18.5667070186
313.872172083 -22.2904916664
311.922344417 -26.4365025124
310.870889782 -30.8514056167
310.869174479 -35.3616357454
312.090426802 -39.7669115031
314.712465363 -43.8322963882
318.860336361 -47.2848551964
324.492013634 -49.827582601
331.257453544 -51.1865694227
338.45650026 -51.1903146973
345.226445296 -49.8383156927
350.865525202 -47.3012909717
355.021744991 -43.8528265221
357.651775067 -39.7899661971
358.880116938 -35.3858383914
358.884505266 -30.8755876697
357.838266529 -26.4596651381
355.892891084 -22.3117633593
353.180510058 -18.5853165238
349.823805149 -15.4165031779
345.946880667 -12.923501773
341.683521118 -11.2026637481
337.180661744 -10.322962673
332.561162493 -13.3056384208
328.022821599 -14.3394940949
323.818732307 -16.3531221393
320.155522757 -19.2387229473
317.224185257 -22.8453085548
315.207255783 -26.9859829946
314.290378511 -31.4412109917
314.669820183 -35.9566740998
316.540847387 -40.2373183638
320.043009049 -43.9446062981
325.140183329 -46.7126550692
331.463604578 -48.2042443686
338.257749216 -48.2077776199
344.585358604 -46.7227224275
349.689373027 -43.9598504832
353.199198196 -40.2560442823
355.077524429 -35.9772225909
355.463416345 -31.4621131654
354.552054106 -27.0059760858
352.539751801 -22.8633071394
349.612196616 -19.2537962611
345.951915519 -16.3644950755
341.749843934 -14.3465713879
337.212536891 -13.3080410528
332.521638481 -16.2873068612
327.964376584 -17.5436440947
323.908745366 -19.9607261203
320.664452926 -23.3517875078
318.518977807 -27.4547052901
317.745269801 -31.9420199884
318.598445254 -36.4241849904
321.267800701 -40.4517469616
325.747058431 -43.536666
331.641957346 -45.2247849213
338.085975825 -45.2281346535
343.984934253 -43.5461087085
348.470718364 -40.4657508452
351.147245966 -36.4408602232
352.00711919 -31.9595316874
351.239190676 -27.4714354875
349.09846046 -23.3663618657
345.857836818 -19.9720148963
341.804732128 -17.550784808
337.248765785 -16.289750289
332.478487728 -19.2740184791
327.949121889 -20.8604363054
324.244553333 -23.8402265223
321.862562675 -27.8428986573
321.240066352 -32.3511447971
322.711752791 -36.726788403
326.368901375 -40.2522280779
331.799814966 -42.2399249226
337.934051452 -42.2431121386
343.369098564 -40.2610297121
347.032679354 -36.7393236271
348.511138412 -32.365161253
347.894640761 -27.8562770823
345.517415468 -23.8511810099
341.816165358 -20.8675960918
337.288511613 -19.2765064259
332.434929297 -22.2824477574
328.074305788 -24.3980575072
325.252014733 -28.1533219436
324.788650351 -32.6636065216
327.129113799 -36.7629933319
331.946221846 -39.233231276
337.793077977 -39.2362676546
342.614663706 -36.7710105579
344.961619809 -32.674019974
344.504411143 -28.1632555303
341.686703192 -24.405091938
337.328510135 -22.2849806033
332.406067255 -25.3575342402
328.732789941 -28.3998632708
328.438120412 -32.8632075934
332.103171415 -36.1605147566
337.641217925 -36.1633892221
341.311506194 -32.8698736122
341.023039632 -28.4062226759
337.353568509 -25.3600967025
332.520957932 -28.6966089756
332.41452138 -32.8297221557
337.334947018 -32.832274585
337.234314902 -28.6990519757
