142.282859742 32.8270020338
142.183863334 28.6929678757
137.469911784 28.6891529421
137.361849519 32.8230139807
142.587723216 36.1588221553
146.259936005 32.8657857725
145.973226152 28.4012047452
142.304371383 25.3534035712
137.356214729 25.3494039724
133.681421911 28.3912744563
133.385024267 32.8553703845
137.049049361 36.1543289913
142.738153366 39.2322991399
147.561553139 36.7680281249
149.910666221 32.6709855229
149.455209424 28.1592336325
146.6384782 24.3994992314
142.280390235 22.2776790944
137.386131031 22.2737274861
133.024255654 24.3885211182
130.200375891 28.1437227634
129.73530601 32.654715368
132.074268552 36.7554952094
136.890662869 39.2275510682
142.877597163 42.2397126926
148.314399996 40.2588943193
151.980247146 36.7376517367
153.46087309 32.3631335453
152.846091754 27.8532189213
150.46998379 23.8466344156
146.769205563 20.8613491985
142.241397371 19.2685996666
137.430676231 19.2647198418
132.90020307 20.8501812429
129.194255618 23.8295399632
126.810716237 27.8323300222
126.186568338 32.3412349424
127.656606905 36.7180561885
131.312389985 40.2451292706
136.74272198 42.2347269679
143.02785028 45.2252881606
148.928565155 43.5447236008
153.416703485 40.4651648145
156.095630273 36.4403597399
156.957607771 31.958477836
156.191343004 27.4693166887
154.051786153 23.3628102958
150.811829635 19.9668147211
146.758888676 17.5438788556
142.20261283 16.2812388832
137.474769027 16.2774302078
132.916478849 17.5327461975
128.859607247 19.9492086824
125.61393751 23.3400687005
123.466982725 27.4431958491
122.691695249 31.9311199962
123.543203856 36.4142934253
126.210909411 40.4432633868
130.688829997 43.5299502962
136.583186844 45.2200464407
143.197770221 48.2054722125
149.527189837 46.7220448957
154.633683316 43.9602191013
158.146111847 40.2568163815
160.02681774 35.9778039578
160.414718321 31.4620026824
159.504955178 27.0047735138
157.493839954 22.8607113138
154.567061018 19.2496059405
150.907145231 16.3586138079
146.705035534 14.3390122108
142.167314165 13.2989249151
137.515202453 13.2951815505
132.97587544 14.3279838416
128.770630557 16.3408861865
125.106160766 19.2261001052
122.173493647 22.8326287507
120.155165875 26.9735604587
119.23679484 31.4293503207
119.614615371 35.9456850605
121.483902984 40.227530745
124.984333794 43.9363682272
130.08011309 46.7062887842
136.402970666 48.1999415496
143.394436776 51.188540651
150.166300118 49.8383272927
155.808044256 47.3025505946
159.967100758 43.8547326507
162.59976717 39.7919568684
163.830389655 35.3874327951
163.836673066 30.8763897292
162.791959822 26.4593551127
160.847760402 22.3100909026
158.136215857 18.5820992437
154.780007943 15.4116301164
150.903238811 12.916939057
146.639699027 11.1944585988
142.13634721 10.3132419011
137.551179344 10.3095567059
133.04649295 11.1835523703
128.780349279 12.8992458824
124.899809468 15.3878322974
121.538759494 18.5530819606
118.821345117 22.276904214
116.870207938 26.4231967232
115.817355969 30.8386168307
115.814103345 35.3496051783
117.033637345 39.7559035912
119.653793857 43.8226119629
123.799773202 47.2768259719
129.42991763 49.8215238147
136.194720043 51.1826763353
143.625859554 54.1796877073
150.884001834 52.9192716624
157.038578541 50.5415636919
161.747303912 47.2853397982
164.972392524 43.4078884421
166.841924101 39.1425997566
167.535437061 34.6865004693
167.224785401 30.2037204599
166.054287284 25.833673729
164.140420963 21.6986609165
161.57920143 17.9091452223
158.455662952 14.5663863808
154.85298256 11.7625813888
150.859903435 9.57886263397
146.575415972 8.08173767135
142.109900602 7.3188555847
137.582550374 7.3152211644
133.11588672 8.07095152271
128.82916116 9.56126541973
124.832851189 11.7387087115
121.226050309 14.5369310008
118.097575606 17.8749208301
115.530618715 21.6605769513
113.610147891 25.7927280046
112.432020726 30.1610138484
112.112471914 34.6432761383
112.795529562 39.1003070504
114.652829474 43.368263907
117.864037491 47.2504757556
122.558193146 50.5138869673
128.699817942 52.9012954709
135.950069692 54.1734316842
143.90248118 57.1827500396
151.716748137 55.9798636529
158.398821164 53.7072979614
163.609723009 50.5866214619
167.32730448 46.8529783043
169.697362747 42.7154212602
170.913846822 38.3461391571
171.158221295 33.8845968376
170.579352144 29.4459142327
169.292777508 25.1287110291
167.387168806 21.0210192932
164.932606197 17.2041504345
161.988694257 13.7547215697
158.611859018 10.7450537461
154.861484113 8.24213269034
150.8044714 6.30537630519
146.517703158 4.98359900432
142.087972686 4.31175324064
137.60935192 4.30816224933
133.178603843 4.97292217083
128.889854048 6.28789353991
124.829988264 8.21828446109
121.075995125 10.7154092019
117.694869067 13.7199455703
114.746047673 17.1649763886
112.28595284 20.9782328444
110.374112421 25.0831477764
109.080446307 29.3984736555
108.493375345 33.8362745723
108.728101669 38.2980801792
109.933109586 42.6689955195
112.289564656 46.8098732981
115.991510696 50.5489231788
121.185807413 53.6774794989
127.852971979 55.96053185
135.658093449 57.1760268516
144.238868286 60.2008947368
152.707998544 59.0291362881
159.959985533 56.8175789637
165.654535182 53.7832243349
169.797290248 50.1510635854
172.566550205 46.1157143157
174.18210046 41.8327651295
174.842944976 37.42432068
174.708729485 32.9879766754
173.900531893 28.6048510747
172.50801041 24.3456368896
170.597583941 20.2747997652
168.219948988 16.4532695657
165.416631802 12.9399100785
162.225666925 9.79194028786
158.686473766 7.0644070521
154.843830949 4.80879991004
150.750660256 3.07096031097
146.469235976 1.8885558209
142.070523338 1.28852340339
137.631656632 1.2849686032
133.232018598 1.87797336227
128.948793635 3.05358898695
124.853035435 4.78501595548
121.007125271 7.03469679638
117.464087922 9.75687053829
114.268780483 12.9001015254
111.460660085 16.4093771219
109.077746079 20.2275022068
107.161486699 24.2956371011
105.762427556 28.5528879255
104.946752221 32.9348501127
104.803787539 37.3709328286
105.454181547 41.7801815181
107.057085239 46.065249148
109.811077464 50.1043865022
113.935945949 53.7424620174
119.611129801 56.7853255492
126.845416331 59.0081981818
135.303543379 60.1936046683
144.656333155 63.23691349
153.916354244 62.0722456905
161.805484742 59.8817400191
167.981685096 56.8887715262
172.49736528 53.3173477649
175.582321619 49.35429396
177.494854805 45.1436390402
178.458728753 40.7944879848
178.648505203 36.3911009941
178.193843027 32.0012675363
177.188752122 27.6823963251
175.700698238 23.4857200034
173.778242723 19.459116226
171.45722749 15.6489198377
168.765859277 12.10095454
165.729036985 8.86090001881
162.372134671 5.97404084183
158.724281319 3.48441794344
154.821004106 1.43342389635
150.705964397 -0.142052223398
146.431468704 -1.21172861643
142.057531777 -1.75398435877
137.649517134 -1.75751012946
133.274719107 -1.2222338726
128.998548724 -0.159326790762
124.88110603 1.40971163235
120.974804049 3.45469712464
117.323412852 5.93881146301
113.962552991 8.82070775404
110.921417713 12.0563702785
108.225406388 15.6005258372
105.899397092 19.4074997375
103.971522919 23.4314746878
102.47749085 27.6261318399
101.465653669 31.9436283166
101.003177514 36.3327964658
101.183660538 40.7363382043
102.136221967 45.0866417881
104.03477486 49.2997202556
107.102456274 53.2668678075
111.597369788 56.8445888396
117.750452379 59.8466424918
125.617871812 62.0493604192
134.864111502 63.2289213808
145.187551841 66.2933257442
155.427011913 65.1111560445
164.04519673 62.9020702416
170.706887752 59.9072270966
175.543651483 56.3574602423
178.863497008 52.4362188998
180.978458106 48.2787418952
182.144227116 43.9834380466
182.553266461 39.6235873328
182.345079745 35.2562156994
181.618970869 30.9282065991
180.444913116 26.6803901903
178.87189125 22.5502721349
176.93415683 18.5738554017
174.656005848 14.7868312259
172.055596714 11.2252900224
169.148183257 7.92601956447
165.948994067 4.92640570788
162.4758511 2.2639256988
158.751484785 -0.0247739819049
154.805378108 -1.90519203745
150.674883252 -3.34659642754
146.405340297 -4.32379814802
142.049022664 -4.81884212248
137.662941118 -4.82234602138
133.305805455 -4.33424478609
129.034672157 -3.36379587988
124.901897665 -1.92884421084
120.952927975 -0.0544899468574
117.225227361 2.22859943595
113.748381539 4.88596357676
110.545202137 7.88097670139
107.633562435 11.1761670933
105.028707187 14.7341449744
102.745867385 18.5181149646
100.803135338 22.4919809499
99.2246910409 26.6200535062
98.0446091378 30.8663451539
97.3116190493 35.1933870914
97.0953343413 39.5604180906
97.4945601465 43.9206715787
98.648125374 48.2173104353
100.747631221 52.377350368
104.047826876 56.3028291421
108.860164395 59.8591367683
115.493607253 62.8635745286
124.084207612 65.0858538739
134.30560451 66.2844421932
145.8854133 69.3723384068
157.371331803 68.1442834565
166.834663901 65.8734707804
173.977044749 62.8327498591
179.06678612 59.2668319946
182.528742454 55.3581527096
184.746768727 51.2339463614
186.015082235 46.9826148331
186.545604166 42.6674827766
186.48741911 38.3362204809
185.944484392 34.0269188683
184.988933523 29.7719762787
183.670494906 25.6006240095
182.023095468 21.5406066376
180.069577081 17.6193214307
177.825207046 13.8645877811
175.300456031 10.305133857
172.50336223 6.97083380645
169.441682937 3.89269394525
166.124934814 1.1025661091
162.566328165 -1.36743904726
158.784503981 -3.48585376344
154.804893908 -5.22305222064
150.660465165 -6.55267717759
146.39161631 -7.45316144822
142.045081335 -7.90915525393
137.671877212 -7.91264453016
133.324550335 -7.46356918652
129.054162321 -6.56982782572
124.907528882 -5.24666802906
120.925154365 -3.51557420356
117.140120608 -1.40284320973
113.577968448 1.06193726282
110.257431423 3.84731793058
107.191788264 6.92119106721
104.390595703 10.2516969307
101.861620575 13.8078151444
99.6128785194 17.5596556638
97.6547831113 21.4784765096
96.0025052335 25.5364502943
94.6787422119 29.7061815369
93.7172134167 33.9599421049
93.167352879 38.2685386244
93.1008765135 42.5996425623
93.6211480132 46.915281298
94.8764136378 51.1679782534
97.0774479777 55.2947206708
100.517046425 59.2075992002
105.577785534 62.7801209553
112.684863046 65.8308310962
122.111763761 68.1159004995
133.572702183 69.3622864554
146.84153114 72.4756057936
159.963853783 71.1648202963
170.405030889 68.7810966199
177.988157939 65.6477525506
183.22274386 62.0292404006
186.705061176 58.1066239525
188.909983747 53.9977792829
190.174227283 49.7803689672
190.728052888 45.5077919741
190.727812452 41.2189760263
190.279919913 36.944244397
189.456989775 32.7088800725
188.308459061 28.5353599589
186.867615148 24.4448118199
185.156346537 20.458003994
183.188472138 16.5960404239
180.972201509 12.880853832
178.512087664 9.33554127315
175.81071249 5.98455453885
172.870261681 2.85373590096
169.694080087 -0.0298252276862
166.288235256 -2.63814669013
162.663049052 -4.94294883637
158.834484652 -6.9165051686
154.825209297 -8.53273209466
150.665112901 -9.76845617462
146.391075875 -10.6047447535
142.045866331 -11.0281407192
137.676203613 -11.0316228273
133.330214042 -10.6151344612
129.054661216 -9.78558797534
124.892394715 -8.55634383725
120.880401466 -6.94625609315
117.048688602 -4.97844057565
113.420037766 -2.67894441929
110.010513034 -0.0754767133166
106.830516602 2.80368476528
103.886172071 5.93054830326
101.180854751 9.27800757652
98.7167551082 12.8201997217
96.4964340628 16.532651822
94.5243968701 20.3922478371
92.8087754113 24.3770405918
91.3632746018 28.4659186404
90.2096213167 32.6381159695
89.3808748807 36.8725209558
88.9261475314 41.1466927734
88.9175840722 45.4354144518
89.4609084514 49.7084755779
90.7114492136 53.9271373254
92.8979610202 58.0383161776
96.3550511583 61.9648759398
101.555120384 65.5898000165
109.093264056 68.733308938
119.484226556 71.1323861642
132.569643112 72.4639574206
148.229449664 75.6035468743
163.578003728 74.1565268901
175.111791898 71.5948809684
183.006323754 68.3186347085
188.200547934 64.6140803963
191.531350835 60.6561234077
193.577999934 56.5493880246
194.716499605 52.3588015295
195.189335167 48.127181151
195.154713534 43.8848528638
194.717382949 39.6549830544
193.947463345 35.4566449902
192.892043036 31.3066678031
191.582469818 27.2208121297
190.039062598 23.2145609026
188.27426192 19.3036814156
186.294832606 15.5046434709
184.103499904 11.8349376704
181.70026601 8.31331259818
179.083573228 4.9599321591
176.251427804 1.7964410047
173.202558651 -1.15408458125
169.93764685 -3.86733045571
166.460617754 -6.31811588205
162.779934422 -8.48097027315
158.909771818 -10.330927818
154.870896726 -11.8445240326
150.691048302 -13.0009383164
146.404632125 -13.7831815788
142.051623178 -14.1791902659
137.675715648 -14.1826730001
133.321925841 -13.7935754811
129.033992503 -13.0180845751
124.851972962 -11.8681708801
120.810381183 -10.3607476207
116.937076838 -8.51657956027
113.252946158 -6.35909569897
109.772271986 -3.91324492596
106.503606782 -1.20449632167
103.450943303 1.74195920814
100.615007144 4.90178940484
97.9945495009 8.25189526435
95.5875779071 11.7706075968
93.3925159077 15.4377383656
91.4093268414 19.2345170202
89.6406752753 23.1434346146
88.0932393392 27.1480079898
86.7793390736 31.2324630243
85.7191258079 35.3813185732
84.9437108004 39.5788276007
84.4998408964 43.8081916465
84.4571299639 48.0503942199
84.9195555686 52.2823678798
86.0441214795 56.4739572163
88.07140419 60.5826425643
91.3744044551 64.5440261115
96.5280200425 68.2544344845
104.364634626 71.5406036061
115.826010139 74.1185658537
131.115215062 75.5895897082
150.421525051 78.7533715484
168.912311915 77.0834340575
181.510545706 74.2584207292
189.38597081 70.7884001229
194.221664325 66.9722710506
197.154483016 62.9668591952
198.857706972 58.8569693453
199.72810237 54.6919868894
200.005954936 50.5032624941
199.841511939 46.3125563196
199.331335946 42.1363658459
198.538686669 37.9882850044
197.505344095 33.8803754787
196.258714731 29.8240190405
194.816254496 25.8304860258
193.18832058 21.9113429124
191.380084218 18.0787651471
189.392878906 14.3457906863
187.225217082 10.7265316721
184.873628651 7.2363497278
182.333428529 3.89199123299
179.599491656 0.711670986905
176.667092732 -2.28491470635
173.53284711 -5.07667108605
170.19576324 -7.64131439015
166.658381728 -9.95573887588
162.927930392 -11.9965669039
159.017372424 -13.7408925379
154.946177202 -15.1672029647
150.740618877 -16.256426058
146.433428137 -16.9930125321
142.062701979 -17.365928281
137.670109808 -17.3694199357
133.298589913 -17.0034345636
128.989857298 -16.2736236066
124.782093443 -15.1909303833
120.708140711 -13.7708299126
116.79439825 -12.0323394945
113.060460509 -9.99693698221
109.519405269 -7.68751160962
106.178557475 -5.12743963645
103.040533922 -2.33983721822
100.104397588 0.652993220112
97.3667977757 3.82993317918
94.8230244712 7.17126016437
92.4679512688 10.6587327729
90.2968766586 14.2755791226
88.3062996931 18.0064142883
86.4946868999 21.8371058445
84.863308439 25.7545992493
83.4172499909 29.7467068679
82.1667526008 33.8018553456
81.1291114812 37.9087741815
80.3315046875 42.0560904804
79.8153769548 46.2317645165
79.6434784545 50.4222446457
79.9115676377 54.611109485
80.7685718351 58.7767349469
82.4525243685 62.8880196662
85.3562274261 66.8960543219
90.1459902179 70.7169856562
97.9477853229 74.1959309477
110.43733355 77.0376124529
128.82131319 78.7357898886
139.514806632 82.1015072498
168.370001621 80.8755626504
186.09020671 77.8911784838
195.454329529 74.1163649895
200.463988177 70.0021320512
203.168251069 65.7303813562
204.545770843 61.3826471971
205.093430056 57.0010394985
205.08226033 52.6104975418
204.669231143 48.2278124774
203.949393125 43.8657026513
202.981961073 39.5348461733
201.804205458 35.2449943586
200.439261811 31.0056422568
198.900731041 26.8264746433
197.195506317 22.7176943685
195.325585656 18.6902879306
193.289294814 14.7562567867
191.082172914 10.9288280667
188.697682376 7.22264857152
186.127855853 3.65395806129
183.363966129 0.240730237637
180.397288357 -2.9972382915
177.220009507 -6.03831946703
173.826320182 -8.85916254602
170.21369241 -11.4349634466
166.384298276 -13.7399389224
162.346457266 -15.7480409558
158.115922477 -17.4339234305
153.716747646 -18.7741328384
149.181451 -19.7484404273
144.550243545 -20.3411759359
139.869236828 -20.5423818872
135.187766924 -20.348603162
130.555200378 -19.7631712948
126.017735145 -18.7959302875
121.615711 -17.4624552703
117.381798917 -15.7829032883
113.340210605 -13.7806811261
109.506846807 -11.4811116713
105.890153852 -8.9102396451
102.492404595 -6.09386037718
99.3111447371 -3.05680076212
96.3406132231 0.177559071596
93.5730232201 3.58755848595
90.9996574433 7.15336764562
88.6117807028 10.8569807645
86.4014043689 14.682128325
84.3619573095 18.6141368361
82.4889324186 22.6397559993
80.7805942754 26.7469650234
79.2388599832 30.9247622261
77.870513448 35.1629342028
76.6890031932 39.4517911191
75.7172437589 43.7818399823
74.9921709078 48.1433417143
74.5724678601 52.525646547
74.5522955546 56.9160924956
75.0870437737 61.2979981881
76.4447441214 65.6466459121
79.1161404456 69.9204061999
84.0664143071 74.0388941101
93.3150739072 77.8232505868
110.825212708 80.8303938738
164.283560657 84.5835762783
192.625421398 81.4504048491
203.377639932 77.3148374197
207.944050644 72.8964182284
209.966495958 68.3768868704
210.724932482 63.8187788216
210.760521878 59.25043223
210.335566482 54.6878933482
209.589804982 50.1421196546
208.602465998 45.6218295947
207.420040389 41.1348120436
206.069914764 36.6886161459
204.567567039 32.2909688055
202.920590182 27.95006638
201.131052676 23.674808316
199.196945369 19.4750063099
197.113113782 15.3615861663
194.871904588 11.3467904551
192.463669911 7.44438380512
189.877230818 3.66985700297
187.10038155 0.040619701276
184.120507353 -3.42383632475
180.925383682 -6.70183118815
177.504215714 -9.76948738
173.84895639 -12.6008676466
169.955899427 -15.1683201215
165.827473234 -17.4430915906
161.474061468 -19.3962556815
156.915560568 -20.9999663631
152.182290309 -22.2289852433
147.314856906 -23.0623504476
142.362684409 -23.4849760688
137.381193816 -23.4889263349
132.427959714 -23.0741279652
127.558480315 -22.2483769098
122.822320409 -21.0266380694
118.260267406 -19.4297794968
113.902836825 -17.482976544
109.770112682 -15.2140421073
105.872642144 -12.6518952273
102.21298475 -9.8253018216
98.7875310857 -6.76194042386
95.5882991091 -3.48778345728
92.6045318272 -0.0267476990901
89.8240206247 3.59944684501
87.2341496648 7.37126963727
84.8226990249 11.2712749879
82.578465251 15.2839395503
80.4917669817 19.3954699459
78.5549084034 23.5935987408
76.7626818078 27.8673791031
75.1130100864 32.2069820819
73.6078716537 36.603494779
72.2547342415 41.0487114514
71.0688920359 45.5349005929
70.0774462331 50.0545148542
69.3264161778 54.5997770142
68.8941961421 59.161997749
68.9189243979 63.7302840337
69.6595118939 68.288735906
71.6489506938 72.8093832705
76.1439330697 77.2307936925
86.7063917132 81.37549757
114.527860089 84.5440904767
138.518191962 87.9862923581
205.339901016 84.8559318432
214.96188298 80.2784676618
217.41376939 75.5773904422
217.911177082 70.8516016345
217.596590591 66.1250521692
216.85662647 61.4083412204
215.855144948 56.7083513697
214.671120423 52.0307626933
213.345255224 47.3809459219
211.898729168 42.7643696778
210.341715006 38.1868370238
208.677601842 33.6546585771
206.905228935 29.1748049738
205.020123499 24.7550583376
203.015211504 20.4041729942
200.881242294 16.1320512132
198.607063218 11.9499369808
196.17983201 7.87062824229
193.585234027 3.90870480335
190.807766 0.0807643961093
187.831150843 -3.5943474238
184.638954651 -7.09533755303
181.215481926 -10.3983326744
177.547020558 -13.476866225
173.623483013 -16.3020540661
169.44043089 -18.8430405222
165.001364554 -21.0677969349
160.320008182 -22.9443319376
155.422150573 -24.4423153402
150.346479211 -25.5350227844
145.143864788 -26.2013909213
139.874794511 -26.4278706344
134.605104906 -26.2097305047
129.40068337 -25.5515328413
124.322159646 -24.4666745435
119.420611911 -22.9760967503
114.734965547 -21.1064386176
110.291244962 -18.8879827524
106.103383477 -16.3527062081
102.175050804 -13.5326494654
98.501934359 -10.4586982879
95.0740317844 -7.1597779832
91.8776818994 -3.6624015824
88.8972133639 0.00951003763726
86.116196696 3.83461791026
83.5183453659 7.79403397123
81.0881372436 11.8711221712
78.8112324621 16.0512688606
76.6747589576 20.3216466573
74.6675303373 24.6709862831
72.7802576886 29.0893639689
71.0058222391 33.5680073125
69.3396959706 38.0991192034
67.7806450284 42.6757168584
66.3319538683 47.2914802496
65.0036327176 51.9405998002
63.8165867893 56.6176039635
62.8110102365 61.3171245975
62.0648315035 66.033494928
61.7394438498 70.7598719346
62.2144136043 75.4857787054
64.6049350959 80.1877532201
73.9408801416 84.7703884859
247.365506797 87.4952706101
233.879549431 82.7282844452
229.963291123 77.8992532037
227.448006437 73.0680759469
225.386574533 68.2444023096
223.51584363 63.4333322397
221.730830279 58.6390805261
219.979038978 53.8657560946
218.229291756 49.1176365659
216.46018507 44.3993164549
214.655085842 39.7158206255
212.799681289 35.0727124468
210.880648157 30.476208885
208.884858305 25.9333091921
206.798861796 21.4519418221
204.608526524 17.0411332897
202.298778793 12.7112019568
199.853424933 8.47397865511
197.255057535 4.34305413575
194.485069369 0.334049993238
191.523817232 -3.53509584306
188.350998035 -7.24384665122
184.946319058 -10.7688179281
181.290558484 -14.0836099314
177.367110701 -17.1587917691
173.164076734 -19.9621303759
168.676871819 -22.4591751315
163.91116106 -24.6143073684
158.885704285 -26.3923258067
153.634444937 -27.7605480599
148.207033709 -28.691264252
142.667091448 -29.1642127625
137.0879851 -29.168627408
131.546627678 -28.7044083255
126.116512878 -27.7821331498
120.861488102 -26.4219056835
115.831486657 -24.6513210559
111.060744603 -22.5029935373
106.568287897 -20.0120989846
102.359999772 -17.2142648028
98.4314583141 -14.1439744069
94.7708750404 -10.833508263
91.3617108934 -7.31235163334
88.1847769047 -3.60696008927
85.2197892376 0.259228160685
82.4464378975 4.26562687883
79.8450633352 8.39425379388
77.39703719 12.6294484159
75.084929446 16.9575863833
72.8925246994 21.3668081408
70.8047301399 25.8467709809
68.8073986713 30.3884278908
66.8870711561 34.9838332559
65.0306183769 39.6259735437
63.2247280366 44.308619994
61.4551175701 49.0261996164
59.7052178096 53.7736798863
57.9537539941 58.5464605406
56.1698160642 63.3402604126
54.301516735 68.1509704319
52.2454735045 72.9743833932
49.7439045761 77.8054336068
45.8778146709 82.6346631064
32.9642651954 87.4056021375
320.619536657 86.4951806886
264.182855778 84.0012415549
246.738378427 79.6089436885
239.027920918 74.8974968724
234.319365512 70.0992411335
230.870013624 65.2727251899
228.049979677 60.4407162683
225.57681258 55.6152326928
223.303418807 50.8043333943
221.143874142 46.0145059748
219.042895131 41.2516882441
216.961671429 36.5217898456
214.870639817 31.831012019
212.745497358 27.1860839244
210.564844359 22.5944688963
208.308700754 18.0645678264
205.957519385 13.6059353415
203.491503512 9.22951870944
200.890133267 4.94792575965
198.131864289 0.775724609603
195.194003279 -3.27022676687
192.052800664 -7.17043048721
188.683834547 -10.9023991623
185.062792402 -14.440345078
181.166780918 -17.754970851
176.976294448 -20.8134551052
172.477922051 -23.5797595967
167.667737101 -26.0154076909
162.555063908 -28.0808773936
157.165966421 -29.7376874935
151.545457208 -30.9511105764
145.757291431 -31.6932299196
139.880533933 -31.9458322572
134.00294851 -31.7025100121
128.212382299 -30.9694419242
122.588130303 -29.7646400407
117.194273416 -28.1158677165
112.076182779 -26.0577556411
107.260259415 -23.6287427086
102.756108598 -20.8683532989
98.5600148355 -17.815098346
94.658710471 -14.505069887
91.0327760304 -10.9711524442
87.6593610216 -7.24270861335
84.5141656336 -3.34558872028
81.5727616823 0.697662456219
78.8113828883 4.86749605958
76.2073151662 9.1470098411
73.7389939399 13.5215978612
71.3858832984 17.9786204038
69.128177823 22.5071036331
66.9463325507 27.0974710698
64.8203851943 31.7413041728
62.7289767647 36.4311258038
60.6478803833 41.1601967236
58.5476667091 45.922309603
56.389760097 50.7115536684
54.1193006796 55.5219973714
51.6511724751 60.3471726121
48.8399579862 65.179068141
45.4071187241 70.0057846538
40.7336015935 74.8048961097
33.1154381319 79.5191216559
16.0208817306 83.9235052935
297.546742045 83.3746820588
267.498406442 80.3609600395
252.839640756 76.1680946705
244.547676543 71.5902907385
239.025759493 66.8617432352
234.889061787 62.066697765
231.521939734 57.2429353445
228.612792847 52.4108484466
225.986514421 47.583380431
223.535769373 42.7700271404
221.189544473 37.9786818681
218.89740456 33.2165983369
216.620996572 28.4909619325
214.329155275 23.8092795983
211.994911417 19.1796879801
209.593558661 14.6112316764
207.101340228 10.1141413569
204.494521904 5.70013038245
201.74873196 1.38272197333
198.838519932 -2.82238641703
195.737139309 -6.89692137248
192.416606678 -10.8196040525
188.848137448 -14.5657180476
185.003105208 -18.1067232342
180.854707681 -21.409998144
176.380522516 -24.4388368122
171.566057468 -27.1528722608
166.409185187 -29.5091293641
160.924961683 -31.4638914272
155.14979865 -32.9754543357
149.143493281 -34.0076114596
142.987584379 -34.5333925857
136.779250493 -34.5382955259
130.62145108 -34.0221850531
124.611570514 -32.9993112162
118.831506926 -31.4964415277
113.341488999 -29.5496467471
108.178352877 -27.2005637066
103.357516819 -24.4929002937
98.8771284518 -21.4696654376
94.7228823439 -18.1712862571
90.8724679652 -14.6345416583
87.299138203 -10.8921291234
83.9742830766 -6.97266170633
80.8691106409 -2.90092228559
77.9556177388 1.30175176469
75.2070340051 5.61703672967
72.5978869771 10.0291927417
70.1037893503 14.524661395
67.7010018093 19.0917006323
65.3657774201 23.7200569043
63.0734406645 28.4006680578
60.79708335 33.1253850157
58.5056468787 37.8866937708
56.1609572244 42.6774082224
53.7128799139 47.4902826015
51.0909196195 52.317445241
48.1886744163 57.1494465074
44.8328306665 61.973439117
40.715542161 66.769241095
35.2299509089 71.4995845291
27.0147664509 76.0816904198
12.5430284075 80.286491492
342.903349844 83.3384956097
320.157842755 81.2400127307
288.874656607 79.9232789516
268.344317023 76.7002363367
256.025124802 72.6039755963
248.023207443 68.1252049355
242.298301333 63.4635297426
237.859933718 58.7080636575
234.196282054 53.9040812153
231.021056993 49.077618662
228.161807284 44.2455033259
225.507438739 39.4198965807
222.981768836 34.6105637468
220.5293034 29.8261216948
218.107120281 25.0747977039
215.679976922 20.3649470501
213.217202381 15.7054536464
210.6906194 11.1060815011
208.073086946 6.57781728812
205.337439056 2.13323005052
202.455704853 -2.21313443405
199.398568204 -6.444313933
196.135085664 -10.5404422007
192.632740475 -14.4782236768
188.857974381 -18.2304009549
184.777405379 -21.7652777372
180.359991807 -25.0464071846
175.580401293 -28.0326170095
170.423715862 -30.6786073296
164.891259878 -32.9363952434
159.006718833 -34.7578370971
152.820924528 -36.0982696974
146.413105504 -36.9209461602
139.886669244 -37.201484513
133.359120416 -36.931229942
126.948099958 -36.1185285086
120.757385098 -34.7874983143
114.866710042 -32.9746978281
109.327436355 -30.724686848
104.163716854 -28.0855818788
99.3772361542 -25.1053958628
94.9533219667 -21.8294947073
90.8667883352 -18.2991345563
87.0866649995 -14.5508508208
83.5795906144 -10.6164248578
80.3119970044 -6.52319120102
77.2513420236 -2.29451275748
74.3666520517 2.04968697079
71.6285834229 6.49239808741
69.0091457701 11.0190358995
66.4811662217 15.6170002862
64.0175142059 20.2752805432
61.5900465663 24.9840951557
59.1681595064 29.7345491187
56.716725849 34.5182829833
54.1930127807 39.3270737066
51.5418347636 44.1523202694
48.6875207515 48.984291299
45.5198527242 53.8108906884
41.8679526453 58.6154159753
37.4485295487 63.3720802771
31.755884058 68.0361456897
23.8128762345 72.5197722014
11.6079739627 76.6266854962
351.282549503 79.8746642835
306.768683308 78.416231679
284.087196436 76.3891136099
268.37028705 73.0349782939
257.781157703 68.9841137969
250.279442625 64.5728100653
244.614736806 59.9658351837
240.082117607 55.2480538877
236.274668257 50.4669619097
232.945663958 45.6515937461
229.937284656 40.8213436889
227.143079615 35.9903737981
224.487378928 31.1699827404
221.913467761 26.3699798408
219.376469494 21.5995530475
216.838857537 16.8678746224
214.267486267 12.1845746043
211.63152832 7.56015672091
208.900972056 3.00640333969
206.045485586 -1.4631989829
203.033550427 -5.83299093356
199.831840268 -10.0846140908
196.404887274 -14.1964218126
192.715152247 -18.142838274
188.723701457 -21.8937035681
184.391787598 -25.4136869092
179.683708102 -28.6619163275
174.57130532 -31.5920606321
169.04026124 -34.1531896642
163.097775068 -36.2917820596
156.780227149 -37.9551572697
150.158269289 -39.0962826137
143.336190183 -39.6793339705
136.44340016 -39.6847677027
129.618776719 -39.1124004349
122.992065619 -37.981439119
116.668124411 -36.3274505511
110.718256828 -34.1973127423
105.179445398 -31.6436502658
100.059364226 -28.7200055153
95.3440218101 -25.4773793374
91.0054547048 -21.962198834
87.0080540527 -18.2154392433
83.3130987801 -14.2725308279
79.8816413192 -10.1637233008
76.6761087317 -5.91467026201
73.6609933867 -1.54708379075
70.8029323046 2.92062387659
68.0703797336 7.47275012517
65.4329907257 12.0957744563
62.8607595046 16.7778889353
60.3228893791 21.5085720015
57.7862988203 26.2781833906
55.2135723347 31.0775488288
52.5600137477 35.8974882905
49.769195973 40.7282138812
46.7659107822 45.5584687835
43.444464335 50.3741665719
39.6483182916 55.1560490465
35.1330053437 59.8753341473
29.4957456012 64.485018861
22.0393604717 68.9012601852
11.5270489704 72.9615097374
355.932657576 76.3340771752
333.383110065 78.3946358338
320.044008053 76.1734997762
298.404864612 75.2719869652
280.86572147 72.8209777345
268.054482139 69.3685074731
258.761297853 65.33589853
251.776591189 60.9691879826
246.281898581 56.4044766266
241.765707317 51.7193111125
237.907004276 46.9604768318
234.498013664 42.1581273735
231.398807456 37.3331078022
228.511005415 32.500925429
225.762236745 27.6740251152
223.096664912 22.8631783337
220.468990847 18.0783971469
217.840497837 13.329592591
215.176321884 8.62710166284
212.443473513 3.98215830593
209.609333205 -0.592641843304
206.640463177 -5.08284717926
203.501662349 -9.47159926882
200.155263219 -13.7390062485
196.560746242 -17.8614326042
192.674842264 -21.8107173867
188.452413551 -25.5533688038
183.848541005 -29.0498441986
178.822355838 -32.2541186891
173.343128252 -35.1138710188
167.398763436 -37.5717405236
161.005915086 -39.5681497255
154.219354602 -41.0459974844
147.136591201 -41.9569696426
139.893441035 -42.2683390334
132.648779478 -41.9683591098
125.561707265 -41.0683580658
118.76863878 -39.6007181059
112.367867305 -37.6135273172
106.414936781 -35.1637868033
100.927130362 -32.3110777412
95.8927920722 -29.1128336076
91.2814536108 -25.6214846293
87.0523715236 -21.8831762274
83.1606610468 -17.9375678366
79.5611654416 -13.8182563052
76.2105704676 -9.55349283469
73.0683035324 -5.16698809748
70.0966476081 -0.678695060323
67.2603628762 3.89447930882
64.5259886168 8.53804595021
61.860902558 13.2393815876
59.2321378181 17.9872335918
56.604885703 22.7712549708
53.9405289307 27.5815339342
51.1939303389 32.408068621
48.3095079532 37.2401122552
45.2152889244 42.0652658138
41.8135216447 46.8681012618
37.9652909978 51.6279093775
33.4644922099 56.31477385
27.9929215375 60.8823379641
21.0437642612 65.2538587126
11.8057362555 69.2947721478
359.076071474 72.7618311639
341.633325704 75.2374360422
310.385647748 73.4978805033
292.694987886 71.9682647729
278.447444747 69.2339088781
267.584596188 65.7013798815
259.290231591 61.6719531449
252.783654414 57.3340540345
247.499863189 52.8012112586
243.058360873 48.1431398565
239.204360468 43.4044729099
235.763868635 38.6152955848
232.61439462 33.7970826732
229.666539546 28.9661460387
226.852382874 24.1357247592
224.118001733 19.3173233427
221.418502699 14.5216291246
218.714593967 9.75919717761
215.970110957 5.0410157608
213.150137408 0.379025136064
210.219504902 -4.2133589881
207.141548039 -8.72067788802
203.87706693 -13.1247860788
200.383523332 -17.4041069745
196.614589433 -21.5327762969
192.520295056 -25.4796865843
188.048189883 -29.2074943709
183.146139961 -32.6717372357
177.767540523 -35.8203435734
171.879662535 -38.5939992533
165.475215175 -40.928007973
158.585615228 -42.7562991207
151.29195358 -44.017859993
143.727499993 -44.6649229096
136.066368846 -44.6709523535
128.49844569 -44.0356974619
121.198400255 -42.7852420795
114.300410318 -40.967030689
107.886548123 -38.641910065
101.989067879 -35.8759241421
96.6012752764 -32.7338393866
91.6907991317 -29.2750925418
87.2112058971 -25.551896082
83.1104083562 -21.6088501481
79.3359308747 -17.4834217925
75.8377432954 -13.2068238068
72.5694472618 -8.8050072685
69.4884379586 -4.29961854136
66.5554614369 0.291142098217
63.733815968 4.95177417896
60.9883184339 9.66883165103
58.2840637129 14.4303541323
55.5849301245 19.2253429411
52.8517096596 24.0432426381
50.0396480704 28.8733771088
47.0950402668 33.7042679015
43.9502997358 38.5227228315
40.516539484 43.312508481
36.6720600654 48.0522792348
32.2441049663 52.7121646981
26.9798280621 57.2478964856
20.5017105048 61.590392355
12.2488729034 65.6272270653
1.44431211236 69.1718040723
347.267610758 71.9252803295
329.633248329 73.4822025033
319.99154233 71.240489958
303.263304094 70.5459851271
288.505254804 68.5735712671
276.511095791 65.6338295756
267.04862903 62.0334178808
259.545598968 57.998660002
253.46594742 53.6788318942
248.402543015 49.1697714888
244.065300341 44.5338247905
240.24967903 39.8128646613
236.809603718 35.0362087523
233.638186409 30.2253977687
230.654727565 25.3971358859
227.796021829 20.5651649811
225.010464517 15.741518962
222.253948661 10.9374192224
219.48689946 6.16396899436
216.672027179 1.43274715973
213.772530036 -3.24362932338
210.750578857 -7.85092200618
207.565989883 -12.3726228824
204.175061034 -16.7892034982
200.529629479 -21.0772299639
196.576525899 -25.2083267189
192.257776109 -29.1480035479
187.512150401 -32.8544260965
182.278966632 -36.2773320461
176.505294238 -39.3574933154
170.157555108 -42.0273898955
163.23737582 -44.213994758
155.798814531 -45.844512449
147.960162466 -46.8551803694
139.901159493 -47.201664906
131.840067422 -46.8678268535
123.995529856 -45.8692320526
116.548272118 -44.2497629011
109.617808858 -42.072919547
103.259313006 -39.411420139
97.4752307251 -36.3383506904
92.2324818602 -32.9213670904
87.4783749724 -29.2198621934
83.1522941359 -25.284261601
79.1929770021 -21.1565460049
75.5423700973 -16.8713293513
72.1472107714 -12.457088049
68.9592475492 -7.93733611508
65.9347045951 -3.33166424639
63.0333447583 1.34337260432
60.2173091372 6.07350224127
57.4497929656 10.8460855568
54.6935346234 15.6495322078
51.9090254473 20.4727382301
49.0522736455 25.304493451
46.0718561777 30.1327899478
42.904843232 34.9439317837
39.4709477783 39.7212897092
35.6638982709 44.4434424442
31.3385411166 49.0812629621
26.291704368 53.5931862195
20.2352668963 57.9173688466
12.7646260005 61.9587906361
3.34591557689 65.5694441473
351.405250109 68.5246722907
336.697733619 70.5190192147
312.336171304 68.6549718014
297.841517566 67.4187682696
285.263480577 65.1206552906
274.898177753 62.0234793309
266.493109581 58.3642841208
259.632282586 54.3194945796
253.929928728 50.0104990409
249.082234996 45.5191586856
244.862976816 40.9012232935
241.105770328 36.1956383365
237.687176366 31.4305704271
234.513731634 26.6272555017
231.512645522 21.8024886647
228.625235977 16.9702841636
225.802257657 12.1430335151
223.000491448 7.33236602125
220.18015506 2.54984276656
217.30283375 -2.19242686162
214.329727773 -6.88118030448
211.22008438 -11.5013544383
207.929742945 -16.035346463
204.40978963 -20.4621368543
200.605415404 -24.7562335352
196.455226868 -28.8864116183
191.89150905 -32.814263745
186.842313498 -36.4926671746
181.236715657 -39.8644503632
175.014944217 -42.8618365414
168.144743328 -45.4076342519
160.643227377 -47.4194510052
152.598750157 -48.8179616196
144.181355899 -49.538860593
135.629024505 -49.5455810448
127.20680388 -48.8377740031
119.153619427 -47.4513939785
111.640989843 -45.4503459589
104.758746123 -42.9137961278
98.5251393589 -39.9241699694
92.9086184113 -36.5588057658
87.8497534689 -32.8856730122
83.2777172535 -28.9621380075
79.1205206108 -24.8354980668
75.310344195 -20.5443069746
71.7856716028 -16.1199075745
68.4915767508 -11.5878844669
65.3790470329 -6.96932823874
62.4038471519 -2.28189485108
59.5251764118 2.45931463097
56.7042155607 7.24101286836
53.9025614354 12.0510774353
51.0804792088 16.87794554
48.1948411171 21.7099983279
45.1965497535 26.5348691889
42.0271472734 31.3385875844
38.614173413 36.1044283633
34.8646455556 40.8112641554
30.6558179034 45.4310958743
25.8222908755 49.9252376308
20.1391805821 54.238343397
13.3043088722 58.2891744166
4.93329952569 61.9572607678
354.609527646 65.0673672311
342.074156927 67.3834896814
327.608578539 68.642517804
319.960811613 66.3966320198
306.22305103 65.8271569498
293.582937697 64.1737607789
282.657855412 61.6268934894
273.521577312 58.4043078883
265.945008747 54.6936715673
259.616200394 50.6364911509
254.247149541 46.3335416876
249.604498284 41.8555069838
245.508196608 37.2523537764
241.821063719 32.5601547601
238.437906041 27.8057370874
235.276592531 23.00979695
232.271285184 18.1890053573
229.367416978 13.357470741
226.517941615 8.52780054245
223.680457527 3.71192191915
220.814904813 -1.078229111
217.881613957 -5.83007053576
214.839546988 -10.5297254579
211.644622348 -15.1613037803
208.248065799 -19.7060575208
204.594801314 -24.1413526566
200.622017188 -28.4394024893
196.258255359 -32.5657234789
191.423737623 -36.4773277415
186.033216752 -40.1207947157
180.003380927 -43.4306254669
173.267373796 -46.3287304088
165.798230438 -48.7264884259
157.639068737 -50.5311881729
148.929617826 -51.6579789021
139.910266438 -52.0458294469
130.887953085 -51.6721029127
122.170288079 -50.5586350057
113.999331229 -48.7658651282
106.51674349 -46.3783564993
99.7672302285 -43.4888021979
93.7248407587 -40.1859750005
88.3232175194 -36.5481894888
83.4791961291 -32.641178442
79.1074804235 -28.518572465
75.128154924 -24.2235341776
71.4695995548 -19.7906861204
68.0688488152 -15.2479224736
64.870696182 -10.6179587164
61.8262662858 -5.91960328363
58.8914076979 -1.16878929441
56.0250439654 3.62057830095
53.1874990963 8.4359024122
50.3387414029 13.265243878
47.4364375788 18.0966846621
44.4336585175 22.9176404829
41.2760171247 27.7140436388
37.8979385628 32.4692874475
34.2176673302 37.162773418
30.1305363132 41.7678209688
25.5000856243 46.2485768799
20.1472072018 50.5554025255
13.8396454306 54.6180987029
6.29032764295 58.3365779524
357.187086168 61.5702119032
346.297483274 64.1321810777
333.686797341 65.8049190762
313.576049454 63.8668799457
301.277559475 62.8252463856
290.147906728 60.8450533314
280.506348977 58.1023458239
272.329638491 54.7771998814
265.421264367 51.0213719251
259.541088087 46.9509494157
254.467658033 42.6510096469
250.017344384 38.1831795659
246.044223424 33.5923946038
242.433703058 28.9120126993
239.095303868 24.1674500741
235.956374483 19.378720059
232.957071598 14.5622182583
230.046450511 9.73201038389
227.179399132 4.90080327956
224.314159896 0.0807259283318
221.410226439 -4.71598714849
218.426444693 -9.47633761417
215.319185277 -14.1858664613
212.04048878 -18.8278546097
208.536129338 -23.3823535977
204.743623214 -27.8249739611
200.590364713 -32.1253544494
195.992370385 -36.2452521968
190.854662037 -40.1362642594
185.07522234 -43.7373747196
178.555649379 -46.972916314
171.222425961 -49.7522299948
163.061020189 -51.9731928937
154.157394787 -53.532161514
144.727194938 -54.3412122108
135.102976349 -54.3487639038
125.665868635 -53.554318248
116.750105907 -52.0086120411
108.573789696 -49.7990842292
101.225105519 -47.0292662204
94.6910053479 -43.8014240608
88.8987174228 -40.2064780609
83.7500694572 -36.3203783199
79.1429879907 -32.2043959627
74.9823137336 -27.9071444287
71.1838491363 -23.467031747
67.6747866048 -18.9145448853
64.3924714263 -14.2741670571
61.2825435897 -9.56591552884
58.2969472077 -4.80655840663
55.3919926109 -0.0105867961962
52.5264996707 4.80898343475
49.659970494 9.6399128804
46.7506935239 14.4700799954
43.7536459809 19.2867989426
40.618025067 24.0760413816
37.2841957805 28.8214702533
33.6798005026 33.5031596243
29.7147628261 38.0958213409
25.275026945 42.5662838235
20.2153470988 46.8698812682
14.3528620774 50.9453713224
7.46676650721 54.7082054562
359.316879036 58.042962711
349.704840926 60.798568176
338.60240594 62.7952846972
326.320901803 63.8564856443
319.940265142 61.604011356
308.24199072 61.1194635889
297.217772579 59.6945987627
287.318159191 57.4538168281
278.696542507 54.5532862061
271.290089246 51.1427909917
264.933389919 47.3473022822
259.437458065 43.2638030626
254.627846246 38.965117952
250.357061018 34.5054398245
246.504910218 29.9253317973
242.974476595 25.2556355731
239.687192271 20.5203527517
236.578307446 15.7387311632
233.593087579 10.9267849936
230.68370421 6.0984312203
227.806667943 1.26637888824
224.920632253 -3.55712666295
221.984407905 -8.35962477455
218.955045924 -13.1277578506
215.785866357 -17.8465204189
212.424328675 -22.4983648337
208.809678937 -27.0620836456
204.870405249 -31.5113723972
200.521734325 -35.812962844
195.663832422 -39.9242344669
190.182219669 -43.7903043542
183.953365421 -47.3408645046
176.860405136 -50.4876488793
168.825061662 -53.124518606
159.858023614 -55.1335010242
150.114989495 -56.4002688974
139.92144508 -56.8387517244
129.723546185 -56.4161958993
119.96869763 -55.164202372
110.985338427 -53.1680641088
102.932263629 -50.5418317368
95.8223663209 -47.4035856676
89.5785102028 -43.8597645339
84.0841975288 -39.998979156
79.2158378889 -35.8918511611
74.8587107865 -31.5935197867
70.9126974454 -27.1468036036
67.292758606 -22.5851190223
63.9271591307 -17.9348789828
60.7549695676 -13.2173691677
57.7235201951 -8.45019294001
54.786045255 -3.64839291959
51.899548462 1.17465281902
49.0228287321 6.00647686933
46.1145639612 10.8348394799
43.1313286531 15.6470502553
40.0254034781 20.4292261021
36.7422171616 25.1654057384
33.2172494882 29.8364192538
29.3722429786 34.4183770106
25.1106844401 38.880596344
20.3128793464 43.1827380065
14.8318847693 47.2709193693
8.49371596495 51.0727314309
1.10941652828 54.4917086956
352.512515422 57.4034277304
342.637160054 59.6584723135
331.631484017 61.1004904787
314.448803214 59.1048876192
303.76345582 58.2034919994
293.839755966 56.4657389958
284.949781232 54.0138211321
277.155882067 50.9838971881
270.382123886 47.5016219551
264.489904341 43.671518192
259.327683205 39.5758272948
254.755241493 35.2776095332
250.652009027 30.8248803943
246.917550851 26.2543943745
243.468941695 21.5946832041
240.23731088 16.8683674569
237.164493078 12.0938855025
234.200077185 7.28679522584
231.298869277 2.4607808181
228.418679631 -2.37153008903
225.518309438 -7.19785468823
222.555604224 -12.0055778549
219.48544242 -16.7810444673
216.257530135 -21.5087452884
212.813869294 -26.1703108675
209.085809436 -30.7432171427
204.990700477 -35.1990668745
200.428427448 -39.501289646
195.278743578 -43.602116106
189.401649678 -47.4388026821
182.645494964 -50.9294866477
174.87084051 -53.9700334724
165.999685531 -56.4350513472
156.090856998 -58.1882852526
145.412249073 -59.106844097
134.442658108 -59.1154391806
123.753758157 -58.2133307444
113.827506128 -56.4746159386
104.936028007 -54.0216297796
97.1414677921 -50.9906469928
90.3676149885 -47.5073947441
84.4756317584 -43.6764312715
79.3138127304 -39.580009883
74.7418352409 -35.2811902295
70.6390686481 -30.8279815837
66.9050448972 -26.2571303755
63.4568219305 -21.5971602201
60.2255216206 -16.8706842852
57.1529763398 -12.0961344897
54.1887754174 -7.28906323328
51.2877267353 -2.46315008532
48.4076430695 2.3689813105
45.5073287918 7.19505196777
42.5446346278 12.0024505094
39.4744472657 16.7775231783
36.2464815614 21.5047596636
32.8027508705 26.1657909575
29.0746243969 30.7380945337
24.9794842534 35.1932751063
20.4172665038 39.4947658231
15.2678036994 43.5948049975
9.39121576905 47.4306650218
2.63601934339 50.9205140251
354.862982254 53.960271921
345.994295787 56.4246321167
336.088839998 58.1774513392
325.414266841 59.0959477913
319.925295259 56.8281353603
309.730840228 56.4060658899
299.978783417 55.1548436937
290.997357572 53.1596494228
282.945402975 50.5344200332
275.835996179 47.3971493639
269.59220823 43.8542227762
264.097712939 39.994224436
259.229041547 35.8877664063
254.871552313 31.5899877995
250.925174417 27.1437115773
247.304896377 22.5823602671
243.938998331 17.9323532137
240.76655864 13.2149821161
237.734911097 8.4478556877
234.797291087 3.64602115092
231.910702264 -1.17713951676
229.033942981 -6.00915536796
226.125689657 -10.8377824346
223.142510935 -15.6503264489
220.036679416 -20.432906658
216.753618532 -25.169563905
213.228796538 -29.8411272274
209.383933502 -34.4237063598
205.122478084 -38.88661809
200.324672472 -43.1895208072
194.843470944 -47.2785244423
188.504728522 -51.0812016696
181.119258197 -54.5010482577
172.520306666 -57.4135689852
162.64178866 -59.6692339811
151.631870996 -61.1115489205
139.935841242 -61.6149257833
128.233070117 -61.1297759554
117.205439116 -59.7039583912
107.303755048 -57.4620460505
98.681211815 -54.5603641108
91.2746087873 -51.1487976633
84.9182056901 -47.3523666377
79.4227859483 -43.2680694019
74.6137624417 -38.9687288647
70.3435641386 -34.5085291328
66.4919590535 -29.9280226323
62.9620115959 -25.2580407303
59.6751472228 -20.5225758847
56.5666155441 -15.7408681571
53.5816844331 -10.9289252486
50.6725292263 -6.10065874612
47.7956649494 -1.26877315726
44.9097499741 3.55449017871
41.9736010199 8.35667429958
38.9442771966 13.1244243554
35.7751085821 17.8427357667
32.4135667782 22.4940615483
28.7989155239 27.0571960736
24.8596702931 31.5058376877
20.5110994919 35.8067225069
15.6534317409 39.9172377298
10.1722777872 43.782514602
3.94423155626 47.3322703972
356.852582684 50.4782815891
348.8192079 53.1144746407
339.85487701 55.1229645479
330.115191291 56.3895188292
315.108174104 54.3385076404
305.673898361 53.5446410904
296.76033567 51.9997291089
288.585508493 49.7911123703
281.23768232 47.0222326695
274.703962332 43.7952905093
268.911733714 40.20116599
263.762951799 36.3157885857
259.155634815 32.2004215088
254.994684556 27.9036775665
251.195942163 23.4639678571
247.686623646 18.9117840015
244.404088236 14.2716142869
241.293983912 9.56348087349
238.308259254 4.80415628208
235.403227102 0.00813540887466
232.537709017 -4.81156270788
229.671208979 -9.64269532765
226.762015299 -14.4731344389
223.765094946 -19.2901927205
220.629642727 -24.0798503824
217.296022016 -28.8257695762
213.691862009 -33.5080235482
209.727060921 -38.1013253631
205.287517675 -42.5725048722
200.227906991 -46.876895645
194.365231666 -50.9532483976
187.478465003 -54.7169931275
179.327098768 -58.0526586408
169.712381987 -60.8090722018
158.605808248 -62.806341793
146.318953652 -63.8676624825
133.568511367 -63.8776382514
121.265425471 -62.8351070236
110.132850551 -60.8537324713
100.48994609 -58.1097715636
92.3129823364 -54.7834451894
85.404971893 -51.0265795691
79.5254456847 -46.9552828956
74.4527588861 -42.6546291265
70.0031802575 -38.1862328009
66.0307378718 -33.595015071
62.4208200074 -28.914320628
59.0829421892 -24.1695543646
55.9444550081 -19.3807202506
52.945520236 -14.564206252
50.0351994358 -9.73407184608
47.1683871261 -4.90301872752
44.3033324938 -0.0831715027087
41.3995364034 4.71323917593
38.4158532732 9.47321827197
35.308664099 14.18230903
32.0300220253 18.8237939063
28.525717673 23.3777265281
24.73329096 27.8197206646
20.5801707352 32.1194198844
15.9824234443 36.2385889702
10.8451412496 40.1288377126
5.06640153812 43.7291713994
358.547919351 46.9639568329
351.216299581 49.7425861562
343.057094564 51.9630057584
334.156244389 53.5216516557
324.729202459 54.3306692648
319.913694429 52.0355861528
310.894112836 51.6622586221
302.178764012 50.5494250197
294.009555097 48.7574487565
286.528136275 46.3708102605
279.779299774 43.4821320433
273.737219457 40.1801364748
268.335657763 36.5431070733
263.491547079 32.6367602409
259.11966178 28.514719877
255.140134687 24.2201476291
251.481377484 19.7876681426
248.080445017 15.2451791415
244.882143618 10.6154001351
241.837606045 5.91714353325
238.902686169 1.16634604933
236.036311362 -3.62308439901
233.198809404 -8.4385485042
230.350154967 -13.2681030772
227.448010754 -18.0998159557
224.445432177 -22.9211181904
221.288046479 -27.7179473752
217.910274612 -32.4736923974
214.230346802 -37.1677564299
210.143568199 -41.7734626149
205.513425227 -46.2549617939
200.160708581 -50.5626172531
193.852978534 -54.6262238906
186.302847057 -58.3456684765
177.197667119 -61.5802549675
166.304447661 -64.1430255383
153.68824111 -65.8161989777
139.955566852 -66.4077695809
126.211637669 -65.837527611
113.567309705 -64.1829254364
102.640199556 -61.634693913
93.5034799557 -58.4107992103
85.9273513146 -54.6990130405
79.5993719604 -50.6408713921
74.2312635788 -46.3371434926
69.5895330888 -41.8584954192
65.4940720415 -37.2548746404
61.8076796556 -32.5623367405
58.425160423 -27.8076947681
55.2643892077 -23.0116336209
52.2595368217 -18.1908153322
49.3560457425 -13.3593411657
46.5068789667 -8.52981275576
43.6696438526 -3.71415243523
40.804289333 1.0757079304
37.8711552683 5.8271899647
34.8292143828 10.5264197868
31.6343977697 15.157509724
28.2379468778 19.7017143337
24.5848066143 24.1364030776
20.6121943871 28.4337942789
16.2486927368 32.5594118741
11.4145791143 36.4702795564
6.02467971186 40.1129949177
359.995772875 43.4220869501
353.261099065 46.3195070056
345.793770761 48.7166892972
337.636919257 50.520988327
328.930173992 51.6476171724
315.633539872 49.5357040808
307.21363122 48.8283735993
299.16234295 47.4426554788
291.651118634 45.4423853434
284.769812076 42.9066609177
278.536756036 39.9178518545
272.920499541 36.5532570445
267.861705589 32.880821475
263.289621583 28.9578981496
259.132313672 24.8317785949
255.322001415 20.5410154058
251.797194945 16.1169528255
248.502986017 11.5851781554
245.390374048 6.96678518937
242.415132048 2.27943310066
239.536465431 -2.46177421052
236.715560088 -7.24354745169
233.914019733 -12.0537641061
231.092129652 -16.8808500443
228.206718522 -21.7131661093
225.20871359 -26.5383957514
222.039670101 -31.3425478289
218.627120456 -36.108897789
214.878069458 -40.8163231364
210.669742282 -45.4368314806
205.836676055 -49.9317445524
200.153856433 -54.2457220607
193.318849451 -58.2975213706
184.946812401 -61.9666407844
174.620388087 -65.0777497133
162.07995521 -67.3946400268
147.606916492 -68.6539013184
132.326409369 -68.665836355
117.82557614 -67.4284592889
105.244372616 -65.1288673821
94.8782843475 -62.0302279428
86.4737417102 -58.369747708
79.6139849651 -54.3238956492
73.9128381866 -50.0140503379
69.0663044328 -45.5220472091
64.8480889247 -40.9036096913
61.0917897431 -36.1976609614
57.6739716707 -31.4323499918
54.5011835274 -26.6288990785
51.5006489291 -21.8040928032
48.6136997092 -16.9719372197
45.7911032798 -12.1448173477
42.9896521322 -7.33435719764
40.1695747924 -2.55211338723
37.2924671793 2.18980860118
34.319540839 6.87814966045
31.2100557427 11.4978497281
27.919866347 16.0313090436
24.4000777755 20.4575117951
20.5959060293 24.7509709803
16.4459913402 28.8804689358
11.8826635473 32.8076089027
6.83403212782 36.4852839386
1.2292431016 39.856345853
355.00860226 42.8530512405
348.139921225 45.3982534105
340.640343401 47.4096142421
332.598177234 48.8078650129
324.183324058 49.5287449204
319.904265351 47.1918713375
311.845396328 46.8583626996
304.002805997 45.8602940291
296.557109246 44.2414946889
289.627792285 42.0654040284
283.270065075 39.4046840338
277.486445852 36.3323762013
272.243934823 32.9161051542
267.489913192 29.2152440472
263.163823634 25.2802074852
259.204447944 21.1529710971
255.553764564 16.8681475157
252.158533436 12.4542140399
248.970519025 7.93468674953
245.945956943 3.32915890063
243.044618618 -1.34581198104
240.22865203 -6.07595161369
237.461258575 -10.8486205406
234.705188367 -15.6522383072
231.920974411 -20.4756153954
229.064510445 -25.3076641079
226.084487248 -30.1363257898
222.917955595 -34.947903849
219.484627422 -39.7257751054
215.67822319 -44.448526028
211.353561184 -49.0870399404
206.307396301 -53.5997643973
200.251437885 -57.9248677102
192.780717215 -61.9673297338
183.360645575 -65.5791026369
171.41616137 -68.53538737
156.701281416 -70.5304130586
139.985030102 -71.2517742791
123.247695572 -70.5562423744
108.484508948 -68.5822466716
96.4889168154 -65.6408529307
87.0270685351 -62.0389884277
79.5254493845 -58.003047693
73.4473695782 -53.6822903452
68.3854421327 -49.1725160343
64.0494997407 -44.5360341245
60.2349910676 -39.814688147
56.7958555407 -35.0377735999
53.6252271993 -30.2268147191
50.6424286875 -25.398503394
47.784274619 -20.5665722033
44.9991776405 -15.743047858
42.2430457897 -10.93914601
39.4763175649 -6.16596513013
36.6617155771 -1.43507997616
33.7624502787 3.24089620612
30.7407054873 7.84772841871
27.556312117 12.3689120955
24.1655856133 16.7849227122
20.5203851365 21.0723314444
16.5675697569 25.2027696552
12.249202008 29.1417568745
7.50409865836 32.8474726763
2.27163361529 36.2696746048
356.498938133 39.3491622384
350.152491461 42.0184522688
343.233954296 44.2045626762
335.797370318 45.8347468533
327.960945951 46.8452856722
316.070371682 44.6615382885
308.504370618 44.0266776468
301.205965644 42.7767763056
294.309272266 40.9592288915
287.896360753 38.6348300867
281.999526313 35.8695778256
276.61213627 32.7282027507
271.701884059 29.2701164276
267.22239369 25.5475152364
263.121624667 21.6049900861
259.347137219 17.4800035646
255.848927866 13.2037671016
252.580617871 8.80223230823
249.499616972 4.29704713852
246.566682343 -0.293586069068
243.745121187 -4.95416478432
240.999757835 -9.67124155135
238.295691757 -14.4328577372
235.596674291 -19.2280333725
232.863960055 -24.046077
230.052317279 -28.8765131431
227.108227922 -33.70776569
223.964114683 -38.5266537247
220.531099126 -43.3169518022
216.687482455 -48.0573250449
212.260485925 -52.7179181307
206.997183154 -57.2544824043
200.519835 -61.5979568221
192.267020793 -65.6359240157
181.460550602 -69.1817343381
167.277997938 -71.9363184738
149.632521408 -73.4937131027
130.371860231 -73.5087209494
112.672542145 -71.9774760347
98.4222795091 -69.2412348414
87.5601389921 -65.707036839
79.2676942913 -61.6762805697
72.763213302 -57.3373633593
67.4813323497 -52.8037551247
63.0414663965 -48.1451189363
59.18883584 -43.4060489146
55.7494819856 -38.616602344
52.6009521161 -33.798234197
49.6538813881 -28.9672420975
46.840377789 -24.1368546854
44.1065419108 -19.3185686051
41.4074997376 -14.5230650581
38.7039758975 -9.76089412348
35.9598203084 -5.04303978652
33.1401302642 -0.381438455552
30.2097509159 4.21049781408
27.13203139 8.71731398368
23.8677883049 13.1208686552
20.3745031612 17.3995902667
16.6058725979 21.5276211459
12.5119570656 25.4738628124
8.04034415193 29.2009842003
3.13894505111 32.6645400211
357.76120497 35.8124819497
351.874443072 38.58552633
345.471402593 40.91901433
338.583502595 42.7469171547
331.29178671 44.0082622086
323.729420625 44.6553112183
319.896294754 42.2590752627
312.653476567 41.9593670109
305.568059504 41.0598035396
298.776378735 39.5927292205
292.376696598 37.6061871825
286.424568983 35.1571344455
280.937318903 32.3051144358
275.903342261 29.1075315255
271.292222979 25.6167954007
267.063263778 21.879038155
263.171617738 17.9339113852
259.572157774 13.8150079907
256.221592386 9.55057782842
253.079366394 5.16433187362
250.107776363 0.676224356804
247.271593512 -3.89683603348
244.53736648 -8.54035847486
241.87248053 -13.2417182378
239.243967986 -17.9896574669
236.617073253 -22.7737888718
233.953172209 -27.5842984872
231.207114859 -32.4111203715
228.323354388 -37.2435153891
225.229939744 -42.06909209
221.829141125 -46.8724319707
217.982060278 -51.6328400591
213.482587033 -56.3204212843
208.012441334 -60.8888489888
201.064528272 -65.261417046
191.826733979 -69.3035853887
179.094187701 -72.7720344766
161.641744062 -75.248770596
140.035285323 -76.1848514981
118.381149062 -75.2818331607
100.836524315 -72.8286529617
88.0260388354 -69.3742213202
78.7355911469 -65.3400984961
71.7537738084 -60.9722708802
66.2616043159 -56.4067450288
61.7474981115 -51.7209921922
57.8904923241 -46.9617455966
54.4828821647 -42.1591238132
51.3848036634 -37.3339482655
48.4979284189 -32.5017099874
45.7499262586 -27.6748423257
43.0849923923 -22.8641083342
40.4578528813 -18.0795136694
37.8298114188 -13.3309642525
35.1660212219 -8.62879275991
32.4335081125 -3.98422925457
29.5996670585 0.590134333677
26.6310749651 5.0798501731
23.4925466236 9.46806397423
20.1464326353 13.7348888133
16.5522349495 17.8566954585
12.6667104432 21.8053312492
8.44475280732 25.5473155095
3.84147982228 29.0431205266
358.816063474 32.2467412679
353.337814293 35.1058820836
347.394669117 37.5632137266
341.003292401 39.5591943772
334.218431809 41.0367588344
327.137529461 41.9476227577
316.447005867 39.6759028897
309.624002233 39.1038613832
302.998716508 37.9733636891
296.675957536 36.3199403323
290.727017543 34.1904297931
285.188897461 31.6374195689
280.06930784 28.7144209517
275.354300527 25.4724109254
271.01595458 21.9577996459
267.018698662 18.2115511966
263.323842844 14.2690891378
259.892464533 10.1606596991
256.687010582 5.91191521332
253.671989174 1.54456794683
250.814050345 -2.92296878269
248.081659538 -7.47499078029
245.444481788 -12.0979756196
242.872519908 -16.7801117901
240.334992928 -21.5108647709
237.798858307 -26.2806118281
235.226685646 -31.0801868821
232.573803694 -35.9003959711
229.783817395 -40.7314548085
226.781554342 -45.5621136912
223.461363555 -50.3782975463
219.666753824 -55.16076644
215.153292571 -59.8807673708
209.518160221 -64.4913422519
202.063850518 -68.908711456
191.55224604 -72.9703849749
175.953045011 -76.3445697405
153.385755717 -78.406167482
126.745885972 -78.4268258305
104.052343165 -76.3972216568
88.3360361058 -73.0407031823
77.7510822163 -68.9880845826
70.2535303786 -64.5755563793
64.5922468701 -59.9677269667
60.0623251449 -55.2493490933
56.2569953049 -50.467848493
52.9296704269 -45.6522161679
49.9226370178 -40.8218187609
47.1295229541 -35.9908001916
44.4747160584 -31.1704467947
41.9015443977 -26.3705591712
39.3651639098 -21.6003188065
36.8280734242 -16.8688929056
34.2571479165 -12.1859072898
31.6215775267 -7.56186191494
28.8913663879 -3.00853552804
26.0361977848 1.46058903168
23.0245688212 5.82985653249
19.823170139 10.0809133428
16.3965531996 14.1921187654
12.7072013522 18.137904624
8.71620736317 21.8881210229
4.38485448042 25.4074503228
359.677473737 28.65503766
354.565941239 31.5845735887
349.035967327 34.1451544886
343.094765714 36.2832893995
336.778707311 37.9463294467
330.158402314 39.0872704045
323.338064485 39.6703076564
319.889322231 37.1928362105
313.363322782 36.9228038762
306.953721026 36.1104653126
300.764237704 34.7799112656
294.874579285 32.9676668549
289.336107291 30.7182576579
284.172995126 28.0797690758
279.386959653 25.1001883077
274.96336474 21.8248615362
270.87705931 18.2950307977
267.097104002 14.5472220974
263.590163527 10.6132110458
260.322691156 6.52032913313
257.262162348 2.29193813943
254.377618208 -2.05203824984
251.639727858 -6.49458908054
249.020512625 -11.0211279588
246.492811015 -15.6190521276
244.029506143 -20.2773457771
241.602479448 -24.9862260622
239.181143559 -29.7368092463
236.730385588 -34.5207313298
234.207505728 -39.3297667733
231.557361725 -44.1553179898
228.704339666 -48.9876609653
225.53829876 -53.8147125341
221.888463663 -58.6197924551
217.471666839 -63.3771519501
211.782294398 -68.0421185616
203.842938896 -72.5269608841
191.639950843 -76.6355424002
171.305154939 -79.8854900522
140.144293599 -81.2513482984
108.831632154 -79.9319841139
88.3008594068 -76.7058925344
75.988724899 -72.6075519425
67.9931705277 -68.1274509057
62.2730566034 -63.464904521
57.8382375115 -58.7088571375
54.1772538274 -53.9044905829
51.0040772201 -49.0777887097
48.1464322244 -44.2455478117
45.4933432548 -39.4199099922
42.9687094634 -34.610628041
40.5170944386 -29.8263102801
38.0956181061 -25.0751778337
35.669069569 -20.3655812559
33.2068026213 -15.7064005599
30.6806602175 -11.107396264
28.0635187519 -6.5795516616
25.3282282419 -2.13543227871
22.4468334341 2.21042000107
19.3900344138 6.44104750016
16.1269054123 10.5365895486
12.6249495862 14.4737576266
8.85063140568 18.2253033629
4.77059455105 21.7595420926
0.353825350622 25.0400418419
355.575019775 28.0256489544
350.419284756 30.6710861265
344.887960274 32.9283964301
339.004730794 34.7494638686
332.820403578 36.0896514626
326.414156078 36.9122328068
316.782541278 34.5300722235
310.626120096 34.0142288664
304.617482184 32.9917410002
298.83848886 31.4893496054
293.349354908 29.5430955946
288.186922756 27.1945864644
283.366631113 24.4875040212
278.886655624 21.4648357903
274.73272107 18.1669924764
270.882545817 14.6307411652
267.309408556 10.8887713778
263.984721488 6.96969125536
260.87971146 2.89828106805
257.966391347 -1.3041227298
255.218004849 -5.61919612708
252.609092437 -10.0311980564
250.115279515 -14.5265680831
247.712840764 -19.0935610546
245.378047935 -23.7219205059
243.086247701 -28.4025867941
240.810551723 -33.1274122915
238.519931112 -37.8888799343
236.176256268 -42.6798032324
233.729454776 -47.4929394171
231.109120434 -52.3204237439
228.208983725 -57.1528197996
224.855933106 -61.9773047751
220.742432968 -66.7737426541
215.262066615 -71.5049552952
207.053823781 -76.0883462211
192.587693433 -80.2951834454
162.923973569 -83.3497312506
117.493210229 -83.384345969
87.4382366592 -80.366382153
72.7934970998 -76.1709819424
64.5120294838 -71.5917811234
58.9970586994 -66.8624014308
54.8650998708 -62.0668349082
51.5013541901 -57.2427462357
48.5947061299 -52.4104694061
45.9703352656 -47.5829159051
43.5210833915 -42.7695629961
41.1760516067 -37.9782924851
38.8848817835 -33.2163505671
36.6092748027 -28.4909173652
34.3181046494 -23.8094958503
31.984431726 -19.1802193875
29.5835731034 -14.6121295952
27.0917914335 -10.1154541846
24.4853695741 -5.70190335474
21.7399517437 -1.3849967512
18.8301032935 2.81957239437
15.729094235 6.89353582081
12.4089590773 10.815621129
8.84093306233 14.561120057
4.99641168981 18.1015028074
0.848616262406 21.4041609058
356.375148351 24.4324044636
351.561537371 27.1458858324
346.405671292 29.5016521362
340.922609796 31.4560107087
335.148751208 32.9672810646
329.143858853 33.9992766483
322.989418113 34.5250401745
319.883025705 31.9378936319
314.006754442 31.694750271
308.217410994 30.9619804566
302.594250437 29.7575763564
297.201330914 28.1092766461
292.084018443 26.0516857854
287.268723459 23.6232176782
282.765070383 20.8633748283
278.569367833 17.8106503069
274.668373501 14.5011224284
271.042692111 10.9676657775
267.66949504 7.23963621587
264.524501703 3.3428799107
261.583300735 -0.700060519621
258.822140809 -4.86963685833
256.218321633 -9.14894633441
253.750292098 -13.5233815427
251.397530565 -17.9803004549
249.140248504 -22.508726522
246.958921835 -27.0990820276
244.833611626 -31.7429486648
242.74298773 -36.4328474068
240.66286499 -41.1620364724
238.563874274 -45.9243076278
236.407528231 -50.7137514098
234.13910198 -55.5244408047
231.673696737 -60.349917898
228.866266452 -65.1821925972
225.438956106 -70.0094103298
220.774076275 -74.8092476306
213.170449806 -79.5246956738
196.096793861 -83.9316448233
140.58718606 -86.5064177641
84.083773179 -84.0059624589
66.6761647134 -79.6105493796
58.9846352167 -74.8978152003
54.2864250194 -70.0988945536
50.8434370345 -65.2719991041
48.0276639829 -60.4397743973
45.5575258417 -55.6141857713
43.286381674 -50.8032659934
41.1285642036 -46.0134885304
39.0289463413 -41.250782978
36.9488184217 -36.5210538534
34.8586852218 -31.8304989154
32.7342917314 -27.1858446945
30.5542734675 -22.5945522752
28.2986773563 -18.0650203758
25.9479779366 -13.6068013091
23.4823968458 -9.23083971276
20.8814307057 -4.94974030323
18.1235508331 -0.778067419087
15.1860796451 3.26732563248
12.0452839892 7.1669467966
8.67675956562 10.8983159987
5.05621281684 14.4356546919
1.16077052751 17.7496768872
356.970947375 20.8075751482
352.473351169 23.57332786
347.664069606 26.0084774992
342.552433095 28.0735228905
337.16449934 29.7300038238
331.545259153 30.9432117717
325.758429853 31.6852439911
317.091022004 29.1611476811
311.550844076 28.6971443328
306.121814187 27.7751870383
300.867752682 26.4153602377
295.838579811 24.6452367513
291.068531835 22.4974080949
286.576645317 20.0070289331
282.368820833 17.2097083185
278.440657131 14.1399147252
274.780387122 10.8299171224
271.371492247 7.30919242032
268.194802361 3.60419053039
265.230050604 -0.261653790683
262.456942356 -4.2677559917
259.855832341 -8.39613408802
257.408106051 -12.6311267491
255.096347801 -16.9591078418
252.904358238 -21.3682153791
250.817063726 -25.8481042711
248.820340169 -30.3897257695
246.900756563 -34.9851320317
245.045221715 -39.6273060475
243.240477713 -44.3100153678
241.47232177 -49.0276837894
239.724306344 -53.7752762501
237.97535213 -58.5481909851
236.194884926 -63.3421472589
234.331647657 -68.153040511
232.283594715 -72.9766779
229.796357999 -77.8080372892
225.962939338 -82.6378274145
213.185369492 -87.4109358036
67.1089497115 -87.4966641582
53.7910533558 -82.7272595788
49.9104169318 -77.8977088211
47.4102996075 -73.0663135047
45.3572158866 -68.2425415814
43.4917426077 -63.4314453407
41.7103277527 -58.6372226183
39.9611424989 -53.8639753954
38.2133613633 -49.1159782671
36.4457848588 -44.3978243908
34.6419064728 -39.7145379676
32.7874964033 -35.0716819233
30.8692884407 -30.4754727398
28.8741953925 -25.9329089854
26.7887979955 -21.4519181186
24.598988169 -17.0415252535
22.2897119808 -12.7120468557
19.8447929018 -8.47531126258
17.2468392263 -4.34490600948
14.4772588807 -0.336448593474
11.5164239353 3.53212823616
8.34404715159 7.24029426454
4.93985245939 10.7646730983
1.28463536498 14.0788749889
357.361807646 17.1534811607
353.159486542 19.9562728983
348.673100318 22.4528160288
343.90832122 24.6075098902
338.883907257 26.385171689
333.633788445 27.7531363378
328.207589278 28.6837079486
322.668893025 29.1566333764
319.877156949 26.4207487552
314.608587306 26.2027487919
309.405222017 25.5447923861
304.327663032 24.4602620548
299.426970926 22.9700808581
294.742064484 21.1008682011
290.298971349 18.8828871489
286.111635526 16.3480968538
282.183742131 13.5285224131
278.510996271 10.4550370928
275.08341378 7.15655657929
271.887351052 3.65958692035
268.907153198 -0.0119556995076
266.126406003 -3.83673508161
263.528837273 -7.79586434045
261.098938771 -11.872707294
258.822384778 -16.0526490687
256.686318559 -20.3228601827
254.679571396 -24.6720687103
252.792875567 -29.090348055
251.019138386 -33.5689226127
249.353865762 -38.0999910207
247.795870779 -42.6765650952
246.348505477 -47.2923184617
245.021881048 -51.941434008
243.837060709 -56.6184306455
242.834500834 -61.3179270102
242.092599036 -66.0342357975
241.773676725 -70.760477169
242.259415995 -75.4860946515
244.670980642 -80.1874026782
254.061307639 -84.7680229202
318.585481854 -87.9753546537
25.2373822953 -84.8496427065
34.9017155371 -80.2740491766
37.3721671514 -75.5736791595
37.8794679559 -70.8482756095
37.5709509619 -66.1219942745
36.835062527 -61.405507884
35.8364918488 -56.7057323883
34.654640959 -52.0283655056
33.3304546989 -47.3787883103
31.8852607177 -42.7624758972
30.3293272426 -38.185235497
28.6661081124 -33.6533803679
26.8944884225 -29.1738826671
25.010029219 -24.7545251344
23.0056825144 -20.404061915
20.8722186224 -16.1323943406
18.5985026188 -11.9507646919
16.1717079937 -7.87196838933
13.5775348228 -3.91058180067
10.8004941905 -0.0831981738571
7.82432345786 3.59134263729
4.63260350198 7.09175464699
1.20965391011 10.3941732746
357.541777557 13.4721424838
353.618900933 16.2967905303
349.436597295 18.8372759006
344.998374374 21.0615854805
340.317957174 22.9377440558
335.421126675 24.4354369847
330.346552638 25.5279532589
325.145078471 26.1942389247
317.384024028 23.4823077043
312.431800939 23.0676792261
307.563267284 22.2421852583
302.827968563 21.0207767462
298.2666813 19.4243053712
293.909918572 17.4779292857
289.777769189 15.2094447496
285.880790467 12.6477557515
282.221555461 9.82161534857
278.796469928 6.75869165047
275.597567412 3.48494907274
272.614106167 0.0242986192856
269.833892167 -3.60154350066
267.244323519 -7.37304884059
264.833193877 -11.2727723455
262.589313483 -15.2851900579
260.503015481 -19.3965069253
258.566620282 -23.5944529685
256.774939199 -27.8680781274
255.125918271 -32.2075495359
253.621565263 -36.6039493379
252.269387029 -41.049065372
251.084732224 -45.5351579502
250.094780693 -50.0546692122
249.345669748 -54.5998078176
248.915978653 -59.1618641467
248.944151328 -63.7299134769
249.689635084 -68.288001223
251.686423757 -72.8080514313
256.193121383 -77.2283957968
266.773963677 -81.3709640126
294.597752284 -84.5352504972
344.255508535 -84.5728895266
12.5747441416 -81.4424664011
23.3367926247 -77.3087003764
27.9117922774 -72.8913030444
29.9401799663 -68.3724285175
30.7027812808 -63.8148000558
30.741399121 -59.2468444345
30.318724018 -54.6846542364
29.5747310986 -50.139213392
28.5887984363 -45.6192564967
27.4075153058 -41.1325827445
26.0583357237 -36.6867480203
24.5567855325 -32.2894835953
22.9104930536 -27.9489884939
21.1215538437 -23.6741635125
19.1879803311 -19.4748205946
17.104635995 -15.3618847981
14.8638831481 -11.3475969872
12.4560881583 -7.44571910505
9.87008561186 -3.67173820587
7.09368299332 -0.0430590590633
4.11427877262 3.4208327239
0.919661633028 6.69826483656
357.499049731 9.76536888036
353.844408143 12.5962182872
349.952040898 15.1631733676
345.824383523 17.4374942887
341.471821979 19.3902686985
336.914248583 20.993664338
332.181971425 22.2224551502
327.315577315 23.055688794
322.364464414 23.4782847842
319.871497229 20.5362036355
315.190981532 20.342530045
310.559325523 19.7572882421
306.022708303 18.7903120004
301.621456717 17.4571634873
297.38823548 15.7779852787
293.347256412 13.776169397
289.514425674 11.4770246939
285.898198902 8.90658331249
282.500860719 6.09062988975
279.31996986 3.05398268556
276.349778717 -0.179984763703
273.582513818 -3.58961649883
271.009470958 -7.15508563346
268.621927822 -10.8583877945
266.411908732 -14.6832535193
264.372856065 -18.6150081672
262.50027743 -22.6403992145
260.792454187 -26.7474026683
259.25132335 -30.9250126683
257.883693364 -35.1630104531
256.70304424 -39.4516992618
255.732332502 -43.7815771043
255.008551765 -48.1428931035
254.590467254 -52.5249815732
254.572359268 -56.9151580524
255.10979517 -61.2967075767
256.471072269 -65.6448589242
259.147311147 -69.9178915993
264.104063622 -74.0352575775
273.360098147 -77.8178153663
290.870544645 -80.8222305586
319.530686365 -82.0908793861
348.348409984 -80.8653369052
6.05906669746 -77.8826986599
15.4253094644 -74.1093285649
20.4388048485 -69.9961206877
23.1464836427 -65.7251215964
24.5267501332 -61.3779764978
25.0765860931 -56.9968634477
25.0671546988 -52.6067633186
24.655533117 -48.2244934424
23.9368525355 -43.8627891932
22.9703871021 -39.5323400193
21.793451424 -35.2429048449
20.4292145178 -31.0039837407
18.8913033698 -26.8252645943
17.1866320924 -22.7169518679
15.3172161276 -18.6900324114
13.2813962841 -14.756506904
11.0747252124 -10.9296006232
8.69067793194 -7.22395744187
6.12129918935 -3.65581307475
3.35787359385 -0.243135991934
0.391687916669 2.99428369448
357.214940382 6.03482574856
353.821832077 8.85514859226
350.209844055 11.4304585716
346.381155004 13.7349839069
342.344087433 15.7426886642
338.114392681 17.4282387716
333.716117015 18.7681918428
329.181765129 19.7423282818
324.551528996 20.3349839598
317.672771519 17.3638047128
313.302114754 16.9979477531
308.994201424 16.2683387292
304.787199802 15.1859111733
300.713943926 13.7661284688
296.800829766 12.0279953987
293.067453347 9.99297732787
289.526897915 7.68395177392
286.186496743 5.1242845798
283.048876802 2.33708309488
280.113112276 -0.655357321702
277.375864116 -3.8319234977
274.832434075 -7.17289660973
272.477707529 -10.6600373919
270.306994868 -14.2765746937
268.316807433 -18.007123033
266.505624863 -21.8375482308
264.874731832 -25.75479285
263.429230698 -29.7466652031
262.179382334 -33.8015865844
261.142506313 -37.9082795379
260.345811537 -42.0553621333
259.830782746 -46.2307828271
259.660222772 -50.420974257
259.929959505 -54.6094935588
260.789009675 -58.7746862807
262.475511406 -62.8854066635
265.382349095 -66.8926789805
270.175728016 -70.7125522368
277.980740201 -74.1900209318
290.469808001 -77.0297667077
308.842800995 -78.7259975804
330.421788213 -78.7427830728
348.896534923 -77.0735354158
1.48924643935 -74.2497583035
9.36454049381 -70.7808892517
14.2018025827 -66.9656994833
17.1364894481 -62.961048187
18.8414535584 -58.8517936752
19.7133620525 -54.6873645942
19.992503641 -50.4991426239
19.8291560001 -46.3089095907
19.3199157035 -42.1331780847
18.5280731363 -37.9855525777
17.4954342644 -33.8781020367
16.2494272652 -29.8222131094
14.8075262462 -25.8291591467
13.1801039429 -21.9105081269
11.3723452124 -18.0784356982
9.38559583113 -14.3459788417
7.21837962596 -10.7272476069
4.86723732096 -7.2376004201
2.32749427283 -3.89377934363
359.59403554 -0.713993711087
356.662145516 2.28206680783
353.528448543 5.07331524179
350.191960867 7.63747669312
346.655229026 9.95145517487
342.925484078 11.9918833714
339.0156889 13.7358657476
334.945308274 15.1618993118
330.740607096 16.2509203917
326.434302342 16.9873859597
322.064473755 17.3602652308
317.678334753 14.1776090199
313.325392193 13.78863342
309.038264299 13.0133400589
304.856995888 11.8636894084
300.816093267 10.356582681
296.943413568 8.5127717702
293.259845177 6.35567291321
289.779676946 3.9102231294
286.511470168 1.20188107846
283.459228297 -1.74417097597
280.623688703 -4.90360749657
278.003614922 -8.25333427038
275.597027129 -11.7716850375
273.402361798 -15.4384729319
271.419595673 -19.2349269142
269.651407585 -23.1435359618
268.10449132 -27.1478132666
266.791184672 -31.2319794035
265.731659696 -35.3805460366
264.957052439 -39.5777566216
264.514139815 -43.8068001965
264.472572014 -48.0486437559
264.936368736 -52.2801977737
266.062576482 -56.4712768581
268.091795558 -60.5793203091
271.396971344 -64.5398752141
276.552697591 -68.2492014845
284.390392659 -71.533984707
295.849560413 -74.1103290415
311.130387557 -75.5799016578
328.231390419 -75.5932370332
343.56878701 -74.1466145092
355.097021197 -71.5859058148
2.99000111844 -68.3106779147
8.18452564974 -64.607043322
11.5162960234 -60.6498816039
13.5640707942 -56.5438389275
14.7036606169 -52.3538715254
15.1774878384 -48.1228215182
15.1437480878 -43.8810339992
14.7071976647 -39.6516894009
13.9379708975 -35.4538710182
12.883171746 -31.3044148826
11.5741630739 -27.2190860559
10.0312777859 -23.2133698712
8.26696937542 -19.3030342938
6.28801476615 -15.504548252
4.0971506801 -11.8354000326
1.69439032498 -8.31433451225
359.078186613 -4.96151051632
356.246555914 -1.79856625968
353.198236529 1.1514297272
349.933917741 3.86417226883
346.457531268 6.31449060585
342.777543905 8.4769247907
338.908130858 10.3265197942
334.870054941 11.8398213605
330.691046725 12.9960177303
326.405498787 13.7781263878
322.053369568 14.1740873005
317.678790604 11.027119385
313.333637462 10.6107474057
309.058880833 9.78139578408
304.897358341 8.55241437781
300.886049898 6.94264468808
297.054960805 4.97518918969
293.426875611 2.67608189269
290.017865158 0.0730198427547
286.838341243 -2.80572954903
283.894438948 -5.93218290334
281.189546207 -9.27924003925
278.725866783 -12.8210420205
276.505975381 -16.5331176877
274.534391568 -20.3923506548
272.819262314 -24.3767913388
271.374308781 -28.465323798
270.221275704 -32.6371752905
269.393242306 -36.8712249146
268.939342912 -41.1450194757
268.93174584 -45.4333257351
269.476196768 -49.7059119854
270.728034749 -53.92401167
272.915989155 -58.0345058722
276.374546375 -61.9602161783
281.575757628 -65.5840859948
289.113903493 -68.7263309026
299.50228988 -71.1240440583
312.581277494 -72.4544691912
326.844039595 -72.4656078268
339.958220736 -71.15507155
350.39451616 -68.7720810793
357.975610934 -65.6396273175
3.20980865976 -62.0219867097
6.69250560892 -58.100168023
8.89810929014 -53.9920461767
10.163117088 -49.7752993494
10.717696211 -45.5033442783
10.7181630813 -41.2151239894
10.2709228445 -36.9409736061
9.44859310654 -32.7061846713
8.30061909905 -28.5332397776
6.86029845554 -24.4432699084
5.14953063929 -20.4570444671
3.1821456686 -16.5956665226
0.966364137314 -12.8810661245
358.506749887 -9.33633594384
355.805895254 -5.98592174405
352.865995727 -2.85565820423
349.690404829 0.0273742870434
346.285197011 2.63520379484
342.660698468 4.93956170881
338.832873261 6.91273282621
334.824385302 8.52864435332
330.665116537 9.7641322491
326.391934927 10.6002709009
322.047592525 11.0236070218
317.67444165 7.90870936397
313.327944995 7.459745929
309.058348119 6.56619867568
304.912455207 5.24330392584
300.930764223 3.51253283595
297.146355985 1.40016828196
293.584775162 -1.0642156026
290.264763051 -3.84918172836
287.19960899 -6.9226325489
284.398882213 -10.2527161002
281.870363216 -13.8084171992
279.62208202 -17.5598483607
277.664467113 -21.4782675374
276.012704805 -25.5358446499
274.689508422 -29.705178837
273.728613821 -33.9585337147
273.179471438 -38.2667044315
273.113811735 -42.5973472133
273.635006509 -46.9124697595
274.891292877 -51.1645707888
277.093394908 -55.2906080752
280.533965543 -59.2026413163
285.595253456 -62.7741569058
292.70182113 -65.8237198853
302.126233557 -68.1076170558
313.58211511 -69.3530573199
325.888090191 -69.3626781457
337.367803542 -68.1347939108
346.826988616 -65.8645800697
353.967276361 -62.8246468406
359.056293962 -59.2595495038
2.5182723704 -55.3516575441
4.7366778765 -51.2281897771
6.00551961287 -46.977553267
6.5366160871 -42.6630838433
6.4790051291 -38.3324629503
5.93662588288 -34.0237905445
4.98160810851 -29.7694713379
3.66368372798 -25.5987403493
2.01678686329 -21.5393433886
0.063768422515 -17.6186766415
357.819905609 -13.864556247
355.295679241 -10.3057050695
352.499137391 -6.97199002926
349.438046365 -3.89440846298
346.121930252 -1.10480174753
342.564004321 1.36473097697
338.782911132 3.48273390094
334.804079657 5.21959276262
330.660469705 6.54896048135
326.392467787 7.44927756543
322.046792085 7.90519849588
317.665491885 4.81898540222
313.309184537 4.33099281306
309.038841207 3.36073952033
304.906807111 1.92605832431
300.958522501 0.0520352377044
297.231451559 -2.23067701748
293.755184957 -4.88763210866
290.552543279 -7.88221651338
287.641411601 -11.1769682646
285.037048282 -14.7345043999
282.754698932 -18.518033208
280.812470935 -22.49145901
279.234559375 -26.6190895375
278.055053461 -30.8649311068
277.322695593 -35.1915051868
277.107108415 -39.5580370372
277.507097202 -43.9177425386
278.661471456 -48.213763071
280.761772025 -52.3730901834
284.062606839 -56.2977394238
288.875142839 -59.853092774
295.507857069 -62.8564836833
304.096194244 -65.077734279
314.313510462 -66.2755153367
325.190237882 -66.2840264203
335.424795616 -65.1019860782
344.039474608 -62.8934123645
350.699185242 -59.8992817079
355.535091952 -56.3502926887
358.85475911 -52.4298264898
0.969907439729 -48.273098212
2.13604454056 -43.9785143314
2.54553340276 -39.6193603973
2.33782793586 -35.2526694005
1.61220991865 -30.9253305891
0.438645553616 -26.6781776446
358.866120715 -22.5487171743
356.928892524 -18.5729504876
354.651264857 -14.7865646356
352.051404968 -11.2256434581
349.144575435 -7.92696596286
345.946012495 -4.92790735918
342.473543581 -2.26593284084
338.749901339 0.022323875965
334.804566708 1.90237403654
330.674884936 3.34349677955
326.406184293 4.32051168646
322.050722385 4.81546854853
317.652062642 1.75472894236
313.278095126 1.21955953809
309.002717202 0.15685234569
304.886017842 -1.41190635657
300.980404973 -3.45654759316
297.329649626 -5.94026880865
293.969378594 -8.82173759885
290.928795387 -12.0569503486
288.233312309 -15.6006427597
285.907821773 -19.4071453577
283.980471517 -23.4306421468
282.48698235 -27.6248115475
281.475718558 -31.9418038725
281.013852826 -36.3304405611
281.19497987 -40.733408636
282.148195747 -45.0830780754
284.047352444 -49.295442231
287.115457089 -53.2617794465
291.610372249 -56.8385939533
297.762659086 -59.8396823712
305.628065659 -62.0414787409
314.870936785 -63.2203314654
324.658962593 -63.2279969309
333.914995992 -62.0634388378
341.801148734 -59.8733915155
347.975545386 -56.8810847418
352.490348738 -53.3104086164
355.575030571 -49.3481220761
357.487640846 -45.1382259084
358.451784734 -40.7898173766
358.641933434 -36.3871574655
358.187698179 -31.9980385661
357.183066501 -27.6798714347
355.695496288 -23.483888564
353.77354921 -19.4579647642
351.453071922 -15.6484292285
348.762277888 -12.101097308
345.726072899 -8.8616379356
342.369836498 -5.97532303284
338.722700274 -3.4861797699
334.820189844 -1.43558690536
330.705959967 0.139579021075
326.43230536 1.20904601284
322.059224628 1.75119886554
317.634205003 -1.28716678201
313.235403676 -1.88006462694
308.952977118 -3.05547256605
304.857967895 -4.78660570717
301.012752808 -7.03592330739
297.470358715 -9.75768111425
294.275650254 -12.9004583229
291.468095896 -16.4092538754
289.085728317 -20.2268800428
287.170009147 -24.2944998587
285.771495332 -28.5512172974
284.95637671 -32.9326208506
284.813976383 -37.368108316
285.464919849 -41.7767103309
287.06830145 -46.0610640443
289.822585077 -50.0994089409
293.947356075 -53.7366179388
299.621756669 -56.7785800416
306.854268581 -59.0006106867
315.309560857 -60.1853811792
324.241415364 -60.1923816987
332.707224063 -59.0207272967
339.956663326 -56.8095985941
345.649603354 -53.7758759297
349.791525815 -50.1444463445
352.560485014 -46.1098638773
354.176063655 -41.8276864945
354.837131102 -37.4200069745
354.703253584 -32.9844173431
353.895466203 -28.6020339744
352.503406869 -24.3435472981
350.593487386 -20.2734179617
348.216404438 -16.452567899
345.413687826 -12.9398500523
342.223376141 -9.79247006984
338.684891021 -7.06545979705
334.84300958 -4.81029329702
330.750647014 -3.07279765184
326.470065483 -1.89062893955
322.072213294 -1.29071719196
317.61191115 -4.30977507463
313.182009939 -4.97442557718
308.894067693 -6.28917682559
304.834958623 -8.21925342739
301.081667372 -10.7159881816
297.701191432 -13.7200767861
294.752976764 -17.1646170407
292.293456459 -20.9773505787
290.382169398 -25.081715226
289.089042663 -29.3964626906
288.502495291 -33.8336508836
288.737710471 -38.2947990413
289.943123217 -42.6650002698
292.299799879 -46.8050995034
296.001613794 -50.5433135953
301.195183277 -53.6710159716
307.860789875 -55.9532840298
315.663487451 -57.1681957775
323.904938244 -57.1746603163
331.716384433 -55.9718824524
338.396262751 -53.6997344717
343.605748724 -50.5796786634
347.322579997 -46.84676413
349.692360617 -42.7099822781
350.908872914 -38.3414893287
351.153467862 -33.8807343043
350.574943408 -29.4428285319
349.288801043 -25.1263845477
347.383694994 -21.0194257501
344.92969924 -17.2032521126
341.986417318 -13.7544663788
338.610275087 -10.7453729029
334.860653602 -8.24293968561
330.804447442 -6.30656772323
326.518525807 -4.98505754446
322.089663599 -4.31335289619
317.585128485 -7.31624743543
313.119325813 -8.07186251385
308.833419675 -9.56193751251
304.837875027 -11.7390373208
301.231781361 -14.5368323798
298.103958986 -17.8743303966
295.537606883 -21.6594448469
293.61770033 -25.7910129581
292.440097734 -30.1586765407
292.121020185 -34.6402734191
292.804455642 -39.096588868
294.661956305 -43.363776002
297.873043637 -47.2451729648
302.566554632 -50.5077626207
308.706817673 -52.8944261346
315.954970171 -54.1660164604
323.628227357 -54.1720401897
330.883936233 -52.9117456328
337.036613827 -50.5344607351
341.744112749 -47.2788633995
344.968560104 -43.4021519976
346.837876275 -39.137655916
347.531459827 -34.6823665689
347.221069003 -30.2003930811
346.05096493 -25.8311343627
344.137595349 -21.6968763256
341.576960355 -17.9080653466
338.454086614 -14.5659417617
334.852144715 -11.7626815446
330.85986822 -9.57939647585
326.576232283 -8.08257666701
322.111596268 -7.31985978766
317.553784531 -10.3099962563
313.04997714 -11.1838659586
308.784666469 -12.8992927764
304.904898762 -15.387494372
301.544554492 -18.5522650101
298.827780037 -22.2755346757
296.87721747 -26.4212152906
295.824866093 -30.8359711068
295.822009729 -35.3462440803
297.041767457 -39.7517771852
299.661852748 -43.8176819295
303.807290708 -47.2710923895
309.436254943 -49.8150678172
316.19922182 -51.1756984432
323.396719941 -51.181353402
330.166457881 -49.8312829079
335.806558416 -47.2959504891
339.964577122 -43.848781949
342.596735736 -39.786771
343.827242363 -35.3830642675
343.833682074 -30.8728507027
342.789316524 -26.4566293779
340.845608462 -22.3081376074
338.134672074 -18.5808523581
334.779171974 -15.4109969914
330.903194435 -12.916800573
326.640510032 -11.194672565
322.138051438 -10.3136503298
317.517843236 -13.2950350835
312.979416843 -14.3276934426
308.775017755 -16.3402879087
305.111318622 -19.225058053
302.179335702 -22.8310355314
300.16159523 -26.9713318685
299.243691539 -31.4264179241
299.621805784 -35.9419919459
301.491110502 -40.2230372987
304.991126257 -43.931075268
310.085901275 -46.7002792837
316.407144877 -48.1934209736
323.199975054 -48.1987626003
329.527521799 -46.7155094078
334.632603713 -43.9541665747
338.144192017 -40.2514538481
340.024554577 -35.9732430247
340.412482877 -31.4582849038
339.50301342 -27.0018901612
337.492388142 -22.8586126028
334.566251699 -19.248203655
330.907099353 -16.3577826451
326.705843439 -14.3385940266
322.169030853 -13.2987380801
317.477454403 -16.2766990032
312.920088908 -17.5318413721
308.864068623 -19.9479339477
305.61914326 -23.3382652794
303.472795992 -27.4407421809
302.697933437 -31.9279263217
303.549597882 -36.4103014658
306.21704926 -40.438463317
310.694149708 -43.5244213028
316.587087998 -45.2140021357
323.029983735 -45.2190731296
328.929041683 -43.538727493
333.415996418 -40.459711865
336.094307672 -36.4356556223
336.956154684 -31.9546168121
336.190122633 -27.4663063733
334.051064148 -23.3605890517
330.811802765 -19.9652606059
326.759698495 -17.5428176623
322.204346104 -16.2804578359
317.433415796 -19.2634051337
312.90388987 -20.8486428274
309.198773113 -23.827535639
306.815878689 -27.8296757742
306.192104355 -32.3378088505
307.662111369 -36.7138085682
311.317291619 -40.2401196148
316.746392311 -42.2291775654
322.879666468 -42.2340093716
328.315010978 -40.253475934
331.979928568 -36.7328649242
333.460225948 -32.3591672156
332.845610283 -27.8501137834
330.470029764 -23.8443099166
326.770029704 -20.8596260621
322.243151848 -19.2672253887
317.388934915 -22.2718288494
313.028012994 -24.3863092693
310.204852564 -28.1408939646
309.740096088 -32.6510891346
312.078761331 -36.7510563
316.894134518 -39.2225164365
322.74016633 -39.2271264503
327.562320029 -36.7632440462
329.910846967 -32.6669544854
329.455483711 -28.1560666385
326.639352021 -24.3970773187
322.282171796 -22.2757109428
317.359092154 -25.3469137914
313.685171395 -28.3882957473
313.389017146 -32.8515808107
317.052342567 -36.1498351794
322.589690776 -36.1542063128
326.260971856 -32.8617356698
325.974279259 -28.3980078038
322.306190479 -25.3508340968
317.472851175 -28.6860255788
317.364942516 -32.8191182381
322.284820935 -32.8230066234
322.185764063 -28.6897558871
