216.566587992 32.8240651355
216.458664734 28.6904062927
211.744886465 28.6940935706
211.645749311 32.8279409449
216.879276919 36.1552276479
220.543260603 32.8565046835
220.24701233 28.3926402474
216.572474758 25.3508321428
211.624508199 25.3546800537
207.955660933 28.4022343881
207.668796666 32.8666273929
211.34078834 36.1596127777
217.03757289 39.2283111864
221.853857139 36.7564527307
224.192835693 32.6559336722
223.727916556 28.1451869848
220.90428382 24.3901276927
216.542674596 22.2753172869
211.648611379 22.2791023109
207.29058997 24.4006751159
204.473792688 28.1601677739
204.018176795 32.6717425733
206.367085493 36.768693401
211.190271015 39.2329623068
217.185432521 42.2353565426
222.61562017 40.2459238401
226.271343625 36.7190867939
227.741428313 32.3425382904
227.117431233 27.8338906495
224.734126214 23.8312860095
221.028456575 20.8519963942
216.498250285 19.2664705995
211.6877299 19.2701704244
207.160019125 20.8626713348
203.459227659 23.847696754
201.083015433 27.854057115
200.46807129 32.36380748
201.94850571 36.7382246071
205.614150479 40.2594239251
211.050748684 42.2402573689
217.344893956 45.2205520137
223.239084154 43.5305945945
227.716898216 40.4441138936
230.384579147 36.415402245
231.236152475 31.9325101883
230.461015478 27.4448532031
228.314284159 23.3419395767
225.068888066 19.9512048847
221.012307058 17.5347575442
216.454284289 16.2793435217
211.726646149 16.2829591489
207.170487638 17.5453461573
203.11756783 19.9680113362
199.877546687 23.3637563065
197.73786158 27.4700572147
196.971430236 31.959067566
197.833223954 36.4408502758
200.51196182 40.4655987589
204.999907987 43.5451372504
210.900425395 45.2257212738
217.525043939 48.2003292831
223.84771688 46.7067929309
228.943356128 43.9370510986
232.443712875 40.2284480554
234.313001662 35.9468757461
234.690899587 31.4308296065
233.772678411 26.9753157088
231.754564998 22.8346180757
228.822163162 19.2282543634
225.157988889 16.3431151177
220.953042128 14.3301864493
216.413984383 13.2972595867
211.762083721 13.300796897
207.224494538 14.3406245276
203.022430575 16.359945915
199.362479759 19.2506685556
196.435600514 22.8615388832
194.424339835 27.0054136988
193.514406036 31.4625058116
193.902126888 35.9782147678
195.782653658 40.2571696307
199.294905113 43.9605401192
204.401217317 46.7223554716
210.730444199 48.2058002518
217.733236487 51.1829523485
224.497837033 49.8218964103
230.127813835 47.2773528658
234.273681503 43.8233485888
236.893791841 39.7568951104
238.113346817 35.3508811641
238.110180687 30.8401877149
237.057477658 26.425051431
235.106546985 22.2790090774
232.389388554 18.5553813956
229.028631014 15.3902518318
225.148401474 12.9016979146
220.882562235 11.1859445
216.378148482 10.3118017161
211.793197673 10.3152677515
207.289990325 11.1962163542
203.026515248 12.9184069154
199.149734133 15.4128127774
195.793448783 18.5830232127
193.081777352 22.3107972527
191.13741893 26.4598914571
190.092530584 30.8768028712
190.098635681 35.3877630532
191.329085048 39.7922347151
193.961586021 43.8549781878
198.120479967 47.3027764272
203.762053171 49.8385450913
210.533726461 51.188770125
217.977838019 54.1736021797
225.227869116 52.90154427
231.36930046 50.5142682722
236.063312964 47.2510436158
239.27443771 43.3690655375
241.13171523 39.1013787882
241.814809375 34.6446408499
241.495353697 30.1626789511
240.317374193 25.7946839069
238.397102813 21.6627961015
235.83039248 17.8773577349
232.702203492 14.5395236397
229.095715133 11.7413817197
225.099727396 9.56393518635
220.81331286 8.07353293756
216.346926705 7.31763530734
211.819800257 7.32103727766
207.354440316 8.08364151716
203.070033153 9.58046628356
199.07696071 11.7638854769
195.474221857 14.5674114457
192.350572768 17.9099265441
189.789205382 21.6992424198
187.875168652 25.8341019601
186.704490623 30.2040393503
186.393660131 34.6867473009
187.087002834 39.1428025624
188.956376255 43.408065052
192.181316898 47.2854988808
196.889895496 50.541708354
203.044311275 52.9194060099
210.302264395 54.1798253283
218.269776443 57.1760981619
226.074654809 55.960664122
232.741598893 53.6777246102
237.935723521 50.5493337646
241.637555426 46.8104968325
243.993953955 42.6698712487
245.198959493 38.299237425
245.433734524 33.8377314007
244.846761451 29.4002355957
243.553241293 25.0852066434
241.641593694 20.9805658615
239.1817362 17.1675458673
236.23319205 13.7226994443
232.852375235 10.7182827173
229.098711424 8.2212032503
225.039179084 6.29077808772
220.750747837 4.97569336628
216.320283571 4.3107475119
211.841894105 4.3140925126
207.412329411 4.98564960035
203.125654962 6.30711566078
199.068664598 8.243558582
195.318247207 10.7461821746
191.941315496 13.7555829339
188.997266081 17.2047847973
186.542538305 21.0214714833
184.636749123 25.1290261288
183.349989442 29.4461337815
182.770939493 33.8847559024
183.015144102 38.3462643241
184.231473414 42.7155295966
186.601392678 46.8530774383
190.318846149 50.5867111567
195.529618575 53.7073738415
202.211541067 55.979923668
210.02561811 57.1828028287
218.624302268 60.1935832628
227.082157543 59.0082208888
234.316192664 56.7854431683
239.991175474 53.7427261923
244.115902611 50.1048442386
246.869810661 46.0659405818
248.472681698 41.7811390328
249.123089863 37.3721803659
248.980183373 32.9364023284
248.164609115 28.554749215
246.765693728 24.2978006215
244.849620728 20.2299490562
242.466934993 16.4120758487
239.659082456 12.9030081686
236.464077734 9.75992942461
232.921370011 7.03784232056
229.075804757 4.78817548164
224.980391542 3.05668677315
220.697493924 1.88093518206
216.298147462 1.28772676355
211.859520466 1.29102171992
207.460983789 1.89075369606
203.179665503 3.07283511457
199.086530726 4.81034734033
195.243859076 7.06563961678
191.70458165 9.79288435742
188.513488606 12.9406021057
185.710011527 16.4537520447
183.332196589 20.2751173764
181.421580455 24.3458331121
180.028868527 28.6049653999
179.220487082 32.9880424551
179.086100235 37.4243635867
179.746790269 41.8328022017
181.3622053 46.1157536151
184.131348395 50.1511046263
188.273998261 53.7832597107
193.968438613 56.8175979625
201.220287024 59.0291313422
209.689225059 60.2008701079
219.06372728 63.2288138393
228.309656619 62.0492802841
236.176786748 59.846640857
242.329637298 56.8447169916
246.824384347 53.2671720264
249.891958883 49.3002404434
251.790455679 45.0874113899
252.743004882 40.7373841154
252.923515396 36.3341386125
252.461104577 31.9452789691
251.449370277 27.6280947822
249.955479208 23.4337443655
248.027784962 19.4100604922
245.701994933 15.6033513394
243.006241552 12.0594232918
239.965400443 8.82394038943
236.604866038 5.94216611233
232.953823557 3.45810826282
229.047882083 1.41310856412
224.930796914 -0.156016468418
220.654964171 -1.21908043707
216.280466961 -1.75457751728
211.87270143 -1.75132582428
207.498950806 -1.20938315772
203.224572549 -0.140042478076
199.109580843 1.43509207299
195.206286632 3.48575434059
191.55835949 5.97506853992
188.201337077 8.86165228093
185.164359682 12.1014714077
182.472812388 15.6492448036
180.151604137 19.4592932317
178.2289504 23.4857908913
176.740700469 27.6823987806
175.73542185 32.0012335004
175.280585421 36.3910554967
175.470205322 40.7944483434
176.433943701 45.1436143937
178.346364024 49.3542851622
181.431228759 53.3173478076
185.946830638 56.8887669569
192.122946655 59.8817143082
200.011954034 62.0721857839
209.271779211 63.2368193449
219.622250526 66.2842551412
229.843282608 65.0856773671
238.433544747 62.8634615958
245.066720836 59.8591390774
249.878868264 56.3029921402
253.178938725 52.3777129994
255.27837101 48.2179059415
256.431904627 43.9215279657
256.831134981 39.5615580743
256.614888156 35.1948276706
255.881968478 30.8680969685
254.701989994 26.6221200976
253.123683332 22.4943580044
251.181124595 18.5207896065
248.898495015 14.7370951779
246.29388741 11.1793612985
243.382531989 7.88437374074
240.179670826 4.88951305232
236.70317205 2.23224272406
232.975839178 -0.0508178703202
229.027246479 -1.92521210378
224.894843534 -3.36027321139
220.624059844 -4.33089869268
216.267235797 -4.8192376282
211.881413876 -4.81602250479
207.525293302 -4.32130509572
203.255878856 -3.34445257294
199.125443052 -1.9034044226
195.179329758 -0.0233349492985
191.454898594 2.26503656139
187.98164227 4.92721893754
184.782301913 7.92657288895
181.874710063 11.2256254411
179.274105084 14.7869923283
176.995749384 18.5738850469
175.057808666 22.5502105359
173.484585022 26.6802733928
172.310335117 30.9280653135
171.584048083 35.2560744299
171.375701073 39.6234637476
171.784601509 43.9833425354
172.950256089 48.2786772825
175.065129255 52.4361803301
178.384912362 56.357435387
183.221630847 59.9071971626
189.883270673 62.9020129196
198.50135477 65.1110522314
208.740614407 66.2931706076
220.355201139 69.3620264329
231.815693868 68.1156337561
241.242190696 65.8306147298
248.348961933 62.780007759
253.409489472 59.2076335937
256.848949423 55.2949400202
259.049898797 51.1684146987
260.305119963 46.9159627392
260.825379992 42.600592887
260.758921371 38.2697774725
260.20910643 33.9614843839
259.247651252 29.7080368121
257.923991001 25.5386221253
256.271846746 21.4809617769
254.313917746 17.5624439251
252.065376716 13.8108880583
249.536638593 10.255027802
246.735719457 6.92474458255
243.670385163 3.85105017993
240.350189527 1.06579617548
236.788405953 -1.39891682263
233.003759836 -3.51164473004
229.021780436 -5.24280229494
224.87553445 -6.56609265314
220.605509819 -7.46002936416
216.258507006 -7.90935924204
211.885574294 -7.90617401186
207.539247783 -7.45052114648
203.270538445 -6.55040044987
199.126179085 -5.22114702872
195.146571596 -3.48431412545
191.3646901 -1.36624669689
187.805975471 1.10343943656
184.489078995 3.89328392516
181.4272213 6.97118091644
178.629928675 10.3052809501
176.104966928 13.864577958
173.860381518 17.6191962603
171.90664916 21.5404047225
170.259042157 25.6003798664
168.940406566 29.7717194858
167.984672953 34.0266734306
167.441573074 38.336004359
167.383243774 42.6673075314
167.913645884 46.9824853351
169.181867672 51.2338605239
171.3998336 55.3581012307
174.86176178 59.266798202
179.951500062 62.8327100915
187.093876464 65.8733966088
196.557143721 68.1441484559
208.042858156 69.372131649
221.358354865 72.4636306228
234.443198415 71.1320348412
244.833666594 68.7329972276
252.371460562 65.589582366
257.571301766 61.9647951894
261.028247307 58.038407395
263.21466991 53.9274308172
264.465160147 49.7089982982
265.008463609 45.4361903949
264.999904365 41.1477428422
264.545204613 36.8738625768
263.716509062 32.6397625859
262.562930902 28.4678791476
261.117531087 24.379318748
259.402038552 20.3948416695
257.430160484 16.5355530467
255.210031021 12.8233931993
252.746157391 9.28147083404
250.041101866 5.9342511675
247.097055222 2.80758916874
243.917391577 -0.0714166719523
240.508231387 -2.67478204198
236.87997145 -4.97423552227
233.048667889 -6.94207216964
229.037090401 -8.55224563807
224.875229427 -9.78163977987
220.600055602 -10.6113997651
216.254404347 -11.0281597347
211.88502631 -11.0249976589
207.540037531 -10.6019579605
203.266151222 -9.76604829466
199.106134073 -8.53071180631
195.096869514 -6.91486780065
191.26825403 -4.94167782486
187.6429638 -2.63721561714
184.236972098 -0.0292001550621
181.060611011 2.85409405626
178.119957695 5.98468777457
175.418365556 9.33549252995
172.958027602 12.8806653296
170.741531795 16.5957523094
168.773436114 20.4576532772
167.061954172 24.4444315577
165.620908249 28.5349786435
164.472189789 32.708521181
163.64908895 36.9439260591
163.201045647 41.2187107687
163.200677692 45.5075864986
163.75440305 49.7802239098
165.018578559 53.9976888939
167.223470966 58.1065756297
170.705800541 62.029214065
175.94043837 65.6477201384
183.523630154 68.7810230097
193.964804976 71.1646695208
207.086926136 72.4753580437
222.812947905 75.5892014475
238.101364634 74.1181350023
249.562121368 71.5402055824
257.39834542 68.2541250937
262.551728624 64.5438453268
265.854589774 60.5826222113
267.881788436 56.4741251293
269.006305427 52.2827494954
269.468707325 48.0510129618
269.42599328 43.809068795
268.982139096 39.5799819442
268.206758511 35.3827659664
267.146599233 31.2342159041
265.832774042 27.1500748709
264.285436247 23.1458195749
262.516908191 19.237219182
260.533870503 15.4407513793
258.338990299 11.7739191384
255.932233333 8.25548656376
253.312025169 4.90563483277
250.476374637 1.74602596157
247.424033097 -1.20024838394
244.155724719 -3.90886323714
240.675438892 -6.3546346532
236.991722781 -8.51209963299
233.118852383 -10.3563123844
229.077700944 -11.863841076
224.896106881 -13.0139221606
220.608569927 -13.7896446155
216.25513478 -14.1790314117
211.879527 -14.1758855819
207.526752289 -13.7802495352
203.240498466 -12.9984015798
199.060738881 -11.8423918382
195.021881936 -10.329196504
191.151673198 -8.47962459339
187.470888296 -6.31713086931
183.993712272 -3.86667357248
180.728618466 -1.15371792412
177.679541953 1.79655862295
174.847172514 4.95984335867
172.230246514 8.31305986293
169.826776383 11.8345620668
167.635209438 15.5041836357
165.655551891 19.3031727771
163.89053221 23.2140350971
162.346917867 27.2202965744
161.03715171 31.3061853891
159.98155484 35.4562138628
159.211477388 39.6546164512
158.774010454 43.8845589754
158.739277582 48.126962966
159.212031939 52.3586566076
160.350487273 56.5493081104
162.397138139 60.6560937555
165.727999956 64.6140786324
170.922347614 68.3186291702
178.817049491 71.5948294125
190.350952636 74.1563803729
205.699331074 75.6032708924
225.107125646 78.7353433666
243.489920545 77.0371068131
255.978691704 74.1954583768
263.780080036 70.7166005951
268.569632556 66.8957914406
271.473220675 62.8879064472
273.157106933 58.7767962955
274.014072793 54.6113690278
274.282142468 50.4227248851
274.110239514 46.2324865979
273.594121207 42.0570738282
272.796537912 37.9100360906
271.758935353 33.8034105569
270.508493092 29.7485671377
269.062508235 25.7567729131
267.431224023 21.8395973749
265.619728587 18.0092238464
263.629294721 14.2787021037
261.458391693 10.6621593506
259.103521274 7.17497484278
256.559984467 3.83391436817
253.822656914 0.657212861421
250.886829844 -2.33541393991
247.749152563 -5.12285445685
244.408686344 -7.68281320298
240.868044208 -9.99218091634
237.134545959 -12.0275883383
233.22126788 -13.7661490256
229.147786671 -15.1863682138
224.940467504 -16.2692444282
220.632150703 -16.9993061327
216.261004523 -17.3655994598
211.868729418 -17.3624626254
207.49825247 -16.9899370442
203.1912364 -16.2537634395
198.985776396 -15.1649628794
194.914605879 -13.7390720762
191.004005421 -11.9951517953
187.273453336 -9.95470523102
183.735923059 -7.64063072676
180.398652911 -5.07630041319
177.26419347 -2.28481649975
174.331562134 0.711539024494
171.597381938 3.89167167618
169.056933946 7.23588420618
166.705098231 10.725959903
164.537193769 14.3451497318
162.549753638 18.0780888571
160.741292771 21.9106615203
159.11314667 25.829825862
157.670488292 29.8234023361
156.42367646 33.8798202349
155.390168848 37.9878049063
154.597374099 42.1359701973
154.087075053 46.312249975
153.92253548 50.5030457498
154.200323942 54.691855276
155.070696796 58.8569132183
156.773953649 62.9668629318
159.706881389 66.9723114959
164.542787 70.7884436955
172.418540989 74.2584187964
185.017122541 77.0833203655
203.507842919 78.7530843684
214.415120057 82.1011036171
243.102429366 80.8298317806
260.611185111 77.8226994041
269.859331684 74.0384250803
274.809413734 69.9200528619
277.48072849 65.6464342317
278.838389032 61.2979530626
279.373116387 56.9162386678
279.352934587 52.5260083491
278.933231393 48.1439425877
278.20816793 43.7827019729
277.236428588 39.4529343876
276.054950818 35.1643765503
274.68665119 30.926518628
273.144980544 26.7490471649
271.43672537 22.642171806
269.563805625 18.6168899932
267.524488992 14.6852177827
265.314271686 10.8604002276
262.926586032 7.15710504966
260.353446848 3.5915954707
257.58612216 0.181870469978
254.615897332 -3.05224738667
251.434987137 -6.08910509905
248.037630474 -8.90533040124
244.421370549 -11.4761043562
240.588474271 -13.7756400491
236.547378752 -15.77790698
232.314034813 -17.4575780387
227.912511451 -18.7911889189
223.375529206 -19.7586742134
218.743411657 -20.3444193849
214.062333817 -20.5385693835
209.38164533 -20.337780608
204.750671146 -19.7454940994
200.215518025 -18.7716521882
195.81639839 -17.4319100978
191.58583713 -15.74648272
187.547898375 -13.7388116703
183.71834766 -11.4342335882
180.105517461 -8.85878955748
176.711592252 -6.03825831616
173.534055132 -2.99744159053
170.567106107 0.240310422814
167.802939816 3.65336875593
165.232837462 7.2219347641
162.848076476 10.9280318631
160.640693014 14.7554167957
158.60415211 18.6894388335
156.733994867 22.7168666289
155.0285486 26.8256943227
153.489812699 31.0049309072
152.124681728 35.2443689693
150.946758268 39.5343191522
149.979180116 43.8652818196
149.259221065 48.2275010532
148.846101027 52.6102940729
148.834878816 57.0009376725
149.382537489 61.3826353879
150.760132133 65.7304415943
153.464587294 70.0022376887
158.474630341 74.1164752555
167.839432454 77.8912259632
185.560465279 80.8754345335
239.401140487 84.5435072172
267.219379007 81.3748920251
277.781286002 77.2302698607
282.276196281 72.8089661139
284.265640545 68.288447852
285.006241958 63.7301497635
285.030981337 59.1620432708
284.598770031 54.6000286394
283.847749034 50.0549984072
282.856315615 45.5356407739
281.67049199 41.0497312865
280.317382106 36.604815116
278.812282878 32.208621107
277.162664841 27.8693518652
275.370509376 23.5959166701
273.433742575 19.39814036
271.347160211 15.2869651389
269.103070253 11.274653271
266.691795396 7.37499239354
264.102136441 3.60349951148
261.321877743 -0.0223866443211
258.338407488 -3.48314310651
255.139520379 -6.75705800129
251.714461401 -9.82022312551
248.055248245 -12.6466748563
244.158267619 -15.2087433612
240.026068161 -17.4776708734
235.669138027 -19.4245300622
231.107784064 -21.0215205501
226.372172354 -22.2435057526
221.503223526 -23.0695684881
216.5504667 -23.4847469369
211.569376194 -23.4812345517
206.617509461 -23.0590897503
201.750278154 -22.2262311947
197.01710516 -20.9977271175
192.458602863 -19.3945226688
188.105102681 -17.4418416333
183.976515909 -15.1675182585
180.083242138 -12.6004702089
176.427725128 -9.76944496017
173.006272305 -6.70209127528
169.810848162 -3.4243454995
166.830667165 0.0399140279326
164.053511953 3.66900526868
161.466773147 7.44343332995
159.058248892 11.3457847612
156.816763027 15.3605645192
154.732669625 19.4740034264
152.798316755 23.6738541939
151.00855102 27.9491862153
149.361364261 32.2901829717
147.858826099 36.6879402161
146.508531056 41.1342568407
145.325959393 45.6214012521
144.338501434 50.1418196688
143.592654129 54.6877185869
143.167656472 59.2503748274
143.203265745 63.8188258115
143.961820063 68.3770191775
145.984556804 72.8966079373
150.551612455 77.3150396442
161.305279562 81.4505293977
189.649412712 84.5833984676
215.421942622 87.9858546284
279.983091699 84.7697728458
289.3192882 80.1872211578
291.71015227 75.4853340825
292.185316258 70.7595354122
291.860037671 66.0332929231
291.113921452 61.3170855637
290.108382006 56.6177568393
288.921360151 51.9409731268
287.593057945 47.2921015365
286.144386146 42.6766120503
284.585359274 38.1003121932
282.919265436 33.5695194723
281.144874165 29.0912136836
279.257660806 24.6731884767
277.250510096 20.3242123021
275.114136895 16.0542044606
272.83735893 11.8744292104
270.407308644 7.79770831955
267.809651053 3.83864918199
265.02886919 0.013880901803
262.04868177 -3.65771612663
258.852664273 -7.1548113356
255.425149453 -10.4534929173
251.752478491 -13.5272574039
247.824648419 -16.347189135
243.637341278 -18.8824109546
239.194215169 -21.1008843861
234.509223043 -22.9706290278
229.608337352 -24.4614298983
224.530434771 -25.5465900563
219.326585599 -26.205167602
214.057391257 -26.4237584413
208.788714762 -26.1977855425
203.586376796 -25.5319616075
198.510859032 -24.4398153768
193.613036612 -22.942390251
188.93160941 -21.0663927595
184.492383606 -18.8421384805
180.309102759 -16.3016078525
176.385286214 -13.476822234
172.716512579 -10.398633234
169.292708575 -7.09592360015
166.100173422 -3.59516059477
163.123220228 0.0797802088857
160.345421368 3.90760234096
157.750504163 7.86945612188
155.322968323 11.9487392063
153.048501146 16.1308668829
150.914261591 20.4030361476
148.909097799 24.7539979003
147.023759701 29.1738447686
145.251173868 33.6538173831
143.586868363 38.1861286698
142.029683812 42.7638031601
140.583011609 47.3805255384
139.257028373 52.0304881819
138.072920562 56.7082180331
137.071402331 61.4083399969
136.3314705 66.1251695575
136.017032244 70.851819213
136.514818721 75.5776831041
138.967674097 80.2787965459
148.592984974 84.8562008364
320.949443366 87.405246505
308.044445617 82.6342182043
304.179823123 77.8050148773
301.678800535 72.9740341462
299.623016648 68.1507267099
297.754854557 63.3401563051
295.970993643 58.5465290622
294.219575321 53.773952987
292.469704966 49.0267079377
290.700117198 44.3093925308
288.894249225 39.6270372626
287.037823328 34.9852126886
285.1175313 30.3901447075
283.12024772 25.8488435451
281.032517242 21.3692510384
278.840196767 16.9604099218
276.528197829 12.6326580816
274.080309828 8.39784965981
271.479108064 4.2696029493
268.705970004 0.26357164658
265.741242333 -3.60226956665
262.564621444 -7.30734289578
259.155829581 -10.8282194446
255.495682784 -14.1384537461
251.567644802 -17.2085711674
247.359926282 -20.0063017049
242.868099712 -22.4971705189
238.098042606 -24.6455563482
233.068767919 -26.4163054173
227.814460093 -27.7768070178
222.385021195 -28.6994504013
216.844267154 -29.1641232252
211.265659307 -29.1602337125
205.726086134 -28.6878619348
200.29890223 -27.757751101
195.047729265 -26.3901393527
190.022230063 -24.6127149542
185.256367853 -22.4581422173
180.768925797 -19.9616087036
176.565592416 -17.1587237861
172.641804094 -14.08393277
168.985679548 -10.7694666886
165.580627088 -7.24475693388
162.407435303 -3.53620559773
159.445818894 0.332799181465
156.675479814 4.34171619776
154.076778108 8.47260251389
151.631108501 12.7098312366
149.321064647 17.0398061859
147.130453373 21.4506910782
145.044201173 25.932162146
143.048176032 30.4751875632
141.128928206 35.0718336932
139.273330053 39.7150962587
137.468059377 44.3987534522
135.698805376 49.1172372731
133.948938496 53.8655184643
132.19706138 58.6389983926
130.412007181 63.4333956464
128.541301598 68.2445979335
126.48000572 73.0683877484
123.965077196 77.8996637746
120.049742082 82.7287795449
106.566431535 87.4958732867
33.2980797349 86.4955935645
337.898945242 83.9233309524
320.807232785 79.5188061195
313.190099425 74.8045792084
308.517041457 70.0055300792
305.084435909 65.1789217007
302.273349324 60.3471738835
299.805294239 55.5221828356
297.534878552 50.7119576191
295.377000581 45.9229643092
293.276809447 41.1611322938
291.195735804 36.4323699129
289.104355232 31.7428817153
286.978445129 27.0994037658
284.796650573 22.5094095962
282.539013442 17.98131367
280.185993249 13.5246878726
277.717789531 9.15050087317
275.113871943 4.87138657857
272.352682159 0.70194439164
269.411513035 -3.34093080049
266.266605799 -7.23769842879
262.893540038 -10.9658230133
259.268023373 -14.499464568
255.367211419 -17.8092717812
251.171688066 -20.8623720046
246.668184662 -23.6226848894
241.852979695 -26.0517103882
236.735665636 -28.1099375309
231.342610534 -29.7589402517
225.719141438 -30.9640844162
219.92929769 -31.6975972552
214.052332441 -31.9414530953
208.176057158 -31.6894529924
202.388213305 -30.9479792987
196.767860084 -29.7352180945
191.378762748 -28.0790601267
186.2659555 -26.0142105157
181.455529998 -23.57913324
176.956839346 -20.8133384331
172.765983284 -17.7552957854
168.869572952 -14.4410406533
165.248119955 -10.9033946225
161.878743692 -7.17165750404
158.737140507 -3.27162094232
155.79889435 0.77422278524
153.040259242 4.94637034402
150.438543875 9.22795802136
147.972204792 13.6044118606
145.620722326 18.0631182107
143.364299526 22.5931240706
141.183388843 27.1848692116
139.058009809 31.8299473017
136.966762484 36.5208897533
134.885343984 41.2509623662
132.78419163 46.0139591033
130.624496336 50.8039658049
128.350976971 55.6150404802
125.877713215 60.4406917678
123.057617635 65.272857554
119.608247398 70.099517216
114.899720465 74.8979027723
107.189270245 79.609467434
89.743866772 84.0018675531
11.0170176126 83.3386793661
341.378835577 80.2863634325
326.908361587 76.081457254
318.693821007 71.4993537865
313.208566119 66.76907774
309.091462574 61.9733925045
305.735724031 57.1495591176
302.833540052 52.3177557063
300.211616676 47.490826771
297.763563883 42.6782194532
295.418894278 37.8878028779
293.127479236 33.1268200517
290.851149527 28.4024539991
288.558850898 23.7222152747
286.22367945 19.0942490761
283.820964194 14.5276131985
281.326963188 10.0325562964
278.717942758 5.62081492111
275.969522045 1.30594127023
273.056235938 -2.89633181233
269.951322346 -6.96768858209
266.626787169 -10.8868007214
263.053847916 -14.6288956166
259.203903693 -18.1653717409
255.050214826 -21.4635442987
250.57047475 -24.4866478655
245.750376399 -27.1942690665
240.588057505 -29.5434131378
235.098912031 -31.4903862296
229.319734077 -32.993557994
223.310701677 -34.0168535905
217.153659712 -34.5334938757
210.945943135 -34.5292092279
204.790475231 -34.0041081269
198.784418431 -32.9726619489
193.00931664 -31.4618100402
187.524989238 -29.507731648
182.367880162 -27.1521092255
177.553080649 -24.4386442878
173.078496292 -21.4103028701
168.929662579 -18.1074479151
165.084178722 -14.5667851805
161.515258134 -10.8209386199
158.194285136 -6.89845261481
155.09248201 -2.82404892359
152.181869375 1.38098765476
149.435702776 5.69837746519
146.82853248 10.1124167527
144.335986645 14.6095760654
141.934330444 19.1781359525
139.599806225 23.8078598305
137.307706702 28.4896973837
135.031061727 33.2155064621
132.738705316 37.9777748508
130.392283874 42.7693121486
127.941361957 47.5828599056
125.314926257 52.4105204325
122.405641547 57.2427938842
119.038399926 62.0667333795
114.901595161 66.8619435136
109.379560134 71.5906409296
101.087369892 76.1685771546
86.4278289437 80.3615434869
56.3765501081 83.3752355711
33.7646200322 81.2403964995
2.63940177027 79.8747518692
342.314774507 76.6265798966
330.110547797 72.5195998635
322.167947848 68.0359919694
316.475538868 63.372006585
312.056253301 58.6154721451
308.404433397 53.811120393
305.236812159 48.984734297
302.382526128 44.1530132877
299.731366816 39.3280507008
297.207669969 34.5195750942
294.756255375 29.7361844657
292.334394833 24.9860985337
289.906965562 20.277673051
287.443368289 15.6197988971
284.915464785 11.0222529697
282.296130055 6.49604079177
279.558197662 2.05375664507
276.673684726 -2.29002139179
273.613256252 -6.51829095903
270.345948511 -10.611137188
266.839230317 -14.5452070913
263.05954503 -18.2931775152
258.973542427 -21.8232800389
254.550261247 -25.0989936711
249.764519887 -28.0790778642
244.601642284 -30.7181830583
239.063296046 -32.9683125664
233.173598279 -34.7813624048
226.983857271 -36.1127763631
220.573743477 -36.9259892835
214.046968999 -37.1968660091
207.52112053 -36.9170335454
201.11367081 -36.0951128062
194.928022867 -34.7554496673
189.043425425 -32.9347576006
183.510746658 -30.6776725791
178.3537148 -28.0323187625
173.57369543 -25.0466671106
169.155805629 -21.7660119149
165.074740226 -18.2315246618
161.299477144 -14.4796547005
157.796647529 -10.5421029575
154.532701312 -6.4461327196
151.475126329 -2.2150460893
148.592981272 2.13128387452
145.856950546 6.57588810886
143.239062814 11.1042141421
140.712151065 15.7036864482
138.249072907 20.3633121049
135.821649598 25.0733210938
133.399208716 29.8248237335
130.946506289 34.6094592282
128.420618831 39.4189950417
125.766050846 44.2448093283
122.906618301 49.0771321006
119.731224795 53.9037976527
116.067414842 58.7079746799
111.628889338 63.4636232736
105.903800418 68.1254652402
97.9016034188 72.604381801
85.581819966 76.7007542573
65.0500438521 79.9238263227
20.5396027029 78.3948841737
357.990076987 76.3341135142
342.396148389 72.9614224354
331.884235353 68.9011407558
324.428113932 64.4849389068
318.791016976 59.8753510937
314.275801558 55.1562119763
310.479712398 50.3745193735
307.158298236 45.5590516325
304.155031457 40.729063855
301.364225807 35.8986395334
298.710678857 31.0790324754
296.137968372 26.2800273498
293.601402643 21.5108006498
291.063570646 16.7805227426
288.491395645 12.0988295469
285.854086344 7.47623776829
283.121643222 2.92454988723
280.263728708 -1.54271976548
277.248805778 -5.90987560648
274.043521728 -10.1585134842
270.61238081 -14.2669306874
266.917823403 -18.2094845242
262.920916069 -21.9559379769
258.582951356 -25.4708754308
253.868331144 -28.7133382306
248.749096116 -31.6369174795
243.211246846 -34.1906313001
237.262430777 -36.3209546256
230.939580886 -37.9752739954
224.313931154 -39.1067121076
217.490258609 -39.6796902962
210.598232992 -39.6749766694
203.776677597 -39.0927188828
197.15498206 -37.9524193283
190.837448736 -36.2898617826
184.89476844 -34.1520447876
179.363372662 -31.5916237773
174.250512166 -28.6621043543
169.541913531 -25.414408956
165.209453759 -21.8948671216
161.217455009 -18.1443533041
157.527186299 -14.198203343
154.099723797 -10.0865836501
150.89753361 -5.83507727165
147.885150144 -1.46533832715
145.029247384 3.00426732038
142.298305983 7.55807313232
139.661992517 12.1825856283
137.090293465 16.8660158305
134.552379436 21.5978536946
132.015102767 26.3684631408
129.440934869 31.1686661331
126.784997152 35.9892692183
123.990572739 40.8204578416
120.981989365 45.6509283889
117.652793081 50.4665141378
113.845158585 55.2478163936
109.312351083 59.9657964072
103.647432514 64.5729539636
96.1454314236 68.9844183741
85.5558287806 73.0354101437
69.8380321547 76.3896111831
47.155125967 78.4166753759
33.8795079784 76.1738277237
12.2897195188 75.237590857
354.847082138 72.7618385274
342.117701165 69.2947053342
332.879919841 65.2537911679
325.930933911 60.8823325177
320.459472104 56.3148844918
315.958738423 51.628184011
312.110544179 46.8685834502
308.708795549 42.0659956706
305.614585405 37.2411268079
302.730168248 32.4094018687
299.983576242 27.5832167235
297.3192319 22.7733147595
294.692002432 17.9896941321
292.063275159 13.2422625435
289.398246512 8.54136244589
286.663955557 3.89824139519
283.827787087 -0.674483045432
280.856288881 -5.16232831112
277.714231359 -9.54839489921
274.363909731 -13.8127385229
270.764765761 -17.931658707
266.873501486 -21.8769163114
262.644977553 -25.6149287641
258.034325874 -29.1060533839
253.000815547 -32.3041639987
247.513981169 -35.1568516059
241.562152238 -37.6067042199
235.162572001 -39.5941587039
228.370715688 -41.0622233734
221.284784548 -41.9628062677
214.04109361 -42.2635052775
206.798660345 -41.9529569643
199.71631414 -41.0428623244
192.929870868 -39.5659005995
186.53687791 -37.5703433413
180.592166491 -35.1132592604
175.112454612 -32.2542049172
170.085704524 -29.0505303029
165.481231015 -25.5545537937
161.258196906 -21.8123026432
157.371703642 -17.8633250551
153.776625629 -13.7411200742
150.429699945 -9.47385667363
147.290409401 -5.0851786155
144.321086478 -0.594985913334
141.486528724 3.97985515433
138.753296261 8.62488555104
136.088767103 13.3275026312
133.459949167 18.076465813
130.831975847 22.8614317816
128.166127876 27.6724834732
125.41710367 32.4996030757
122.529064112 37.3320136381
119.429635518 42.1572650864
116.02043398 46.9598451455
112.161526082 51.718903989
107.645126968 56.4042833384
102.150206702 60.9691928374
95.1652193811 65.3360796764
85.8716356941 69.3688333292
73.0597648406 72.8213980328
55.5196681055 75.2724176592
24.290238567 73.4824296801
6.65567580335 71.925371135
352.479071925 69.1717973786
341.674688357 65.6271857444
333.422005079 61.590379393
326.94399653 57.2479688482
321.679788366 52.7123735651
317.251872172 48.0526712137
313.407411407 43.3131265006
309.973657248 38.523606612
306.828916346 33.7054541147
303.884306733 28.8748993368
301.072246328 24.0451312029
298.339034269 19.2276246443
295.639920671 14.4330519267
292.935702321 9.67196424693
290.190263081 4.95535557683
287.368704437 0.295181027896
284.435851304 -4.29511930906
281.355011805 -8.80005178471
278.086944072 -13.2014240448
274.589057963 -17.4775990625
270.814972584 -21.602636909
266.714677799 -25.5453382245
262.235719482 -29.2682521601
257.326030815 -32.7267979284
251.939192571 -35.8687855455
246.042833716 -38.6348029336
239.630235276 -40.9601076962
232.733592367 -42.7786743355
225.434881656 -44.029662496
217.868160802 -44.6656164201
210.20798193 -44.6604210038
202.644148243 -44.0142793078
195.35074856 -42.7536713317
188.461083123 -40.9263120847
182.056310118 -38.5931723785
176.167925967 -35.8202949092
170.78871323 -32.6723611707
165.886000854 -29.2086806196
161.413225003 -25.4813269779
157.318277948 -21.5347687883
153.548724494 -17.406357682
150.054601904 -13.1272101125
146.789584867 -8.72319950821
143.711134692 -4.21591142131
140.780049462 0.376500091033
137.959660989 5.0385682745
135.214797721 9.75686995848
132.510540142 14.5194579021
129.81072045 19.3153372494
127.076043718 24.1339466514
124.261613496 28.9645927871
121.313503874 33.795765436
118.163791053 38.6142200642
114.723072271 43.4036395803
110.868851552 48.1425441371
106.427127639 52.8008435605
101.143100356 57.3338995213
94.6362495009 61.6719908384
86.341532926 65.7015803202
75.478190497 69.2342289748
61.2299526685 71.9686396396
43.5384705982 73.4982219143
33.9323656565 71.2407400612
17.2257955712 70.5191659397
2.51818683428 68.5247201597
350.577589479 65.5694354173
341.15898738 61.9587812802
333.68844003 57.9174152753
327.632067392 53.5933412767
322.585268703 49.0815755168
318.259928983 44.4439577959
314.452882654 39.7220499611
311.018981713 34.9449760224
307.851959407 30.1341542492
304.871532962 25.3062107584
302.014776584 20.4748381423
299.230271307 15.6520406985
296.474029765 10.8490246337
293.706548365 6.07688954196
290.890571533 1.34722091172
287.989301903 -3.32734759629
284.964889768 -7.93254997796
281.777109471 -12.4518384318
278.382199527 -16.8656306706
274.73192618 -21.1504227497
270.773048182 -25.2777505208
266.447536883 -29.2130151206
261.694156695 -32.9142544358
256.452316651 -36.3310654403
250.669341149 -39.4040817143
244.312145011 -42.0656760335
237.383133884 -44.2427891611
229.937393221 -45.8627209417
222.09430531 -46.8619721189
214.034442675 -47.196637667
205.976318788 -46.8511054195
198.13812865 -45.8414526959
190.69962277 -44.2119490552
183.779162904 -42.0263031327
177.430904403 -39.3572729425
171.656568518 -36.2778648463
166.42265336 -32.855591529
161.676282125 -29.1496826915
157.356806648 -25.2104074399
153.403016358 -21.0796094274
149.756946112 -16.7917890577
146.365429269 -12.3753321174
143.180301968 -7.85368239677
140.157859219 -3.24637776077
137.257913585 1.43006502984
134.442631959 6.16139952437
131.675208571 10.9350014157
128.91834978 15.7392849477
126.132477048 20.5631403727
123.273479847 25.3953400875
120.289750022 30.2238442542
117.118078637 35.0349053202
113.677762149 39.8118136549
109.861907576 44.5330232598
105.52443264 49.1692112406
100.460786508 53.6784993155
94.380867049 57.998535423
86.8775161588 62.0334740327
77.4146367967 65.6340284967
65.4199346829 68.5738596234
50.6612275005 70.5462920585
26.3152269705 68.6426852194
11.8494136635 67.3835748234
359.313990394 65.0673885106
348.990257293 61.957260699
340.619308764 58.2892043007
333.784488039 54.2384552203
328.101409832 49.9254811828
323.267896651 45.4315180676
319.059068434 40.8119089923
315.309530021 36.1053369876
311.896539834 31.3397982647
308.727119153 26.5364172112
305.728811428 21.7119158127
302.843162552 16.8802611976
300.021079133 12.0538162691
297.219437966 7.24419582476
294.398509646 2.46295818499
291.519897664 -2.27777919742
288.544791116 -6.96473458361
285.432399894 -11.5828133185
282.138502205 -16.1143669254
278.614102608 -20.5383137531
274.804296589 -24.8290801104
270.647594206 -28.9553367304
266.076207164 -32.8785469283
261.018179861 -36.5514349235
255.402715581 -39.9166610227
249.17040121 -42.9062870334
242.28967124 -45.4430080751
234.778711086 -47.4444280768
226.727222364 -48.8313965673
218.306543008 -49.5399998237
209.755412468 -49.5342441788
201.33875056 -48.814413623
193.294508092 -47.4169992091
185.792793066 -45.4062374698
178.92207465 -42.8614032084
172.699589396 -39.8648598703
167.093182748 -36.4937876225
162.043155079 -32.8159639495
157.478626592 -28.8885679391
153.327673449 -24.7587330527
149.522591845 -20.4648783489
146.001991288 -16.0382402672
142.711060953 -11.504321863
139.600882889 -6.88415300431
136.627291586 -2.19534611094
133.749529373 2.54702700918
130.928791674 7.32969602223
128.126659061 12.1405443946
125.303344807 16.968004304
122.415625655 21.8004400313
119.414252325 26.6254539297
116.24053887 31.4290258802
112.821690553 36.1943551281
109.064239288 40.90020025
104.844739784 45.518389213
99.9967996628 50.0099710155
94.294181826 54.3191899128
87.4330547392 58.3641777457
79.0276249611 62.0235372876
68.6618727412 65.1208319453
56.0832965467 67.4190046282
41.5880810208 68.6552011779
33.9632545024 66.3967840049
20.2369503353 65.8050163476
7.62610652431 64.1322210687
356.736462081 61.5702202609
347.633233925 58.3365965232
340.083942401 54.6181754992
333.7764002 50.5555863631
328.423528532 46.2489151557
323.793071917 41.7683588733
319.705924806 37.1635536589
316.025630521 32.4703501031
312.647525254 27.7154260091
309.489856784 22.9193769035
306.487053608 18.0988062769
303.584732198 13.2677783716
300.73596747 8.43887370297
297.898430882 3.62400618508
295.032096597 -1.16488956437
292.097296003 -5.91522151764
289.052962119 -10.6130904517
285.854955792 -15.2425698592
282.454417616 -19.7848591274
278.796161761 -24.2172522864
274.817249217 -28.5118670288
270.446092953 -32.6340959698
265.602816744 -36.5407960843
260.20216689 -40.1783620303
254.161016474 -43.4810927534
247.413023949 -46.3707110925
239.932207582 -48.758483273
231.763166881 -50.551747608
223.047372501 -51.6659508448
214.02664394 -52.0406290403
205.008381516 -51.653884622
196.299425234 -50.5282685277
188.140200749 -48.7247251623
180.670567108 -46.3280374735
173.933798983 -43.4308756903
167.903067474 -40.1218436256
162.511613385 -36.4790299866
157.676184935 -32.5679420805
153.311567106 -28.4420129851
149.337995708 -24.1442442236
145.684015856 -19.7091325744
142.286813056 -15.16447701
139.091305576 -10.5329228973
136.048712605 -5.83322880271
133.114946341 -1.08129440437
130.248963009 3.7089950743
127.411087529 8.52505020874
124.561254755 13.3549280553
121.65705829 18.1866948557
118.651447375 23.0077368572
115.489850732 27.8039395825
112.106426063 32.5586262046
108.419037651 37.2510948868
104.322486365 41.8545129205
99.6795842597 46.332802007
94.3102715735 50.6359895255
87.9811769364 54.6933851275
80.4042800638 58.4042060237
71.2676131282 61.6269361629
60.3420745552 64.1738973849
47.70146688 65.8273289642
27.6030337172 63.8565662518
15.3212956147 62.795325154
4.21874231367 60.7985773914
354.606661536 58.0429701805
346.456765951 54.7082521424
339.570670311 50.9455028049
333.708180552 46.8701439438
328.648487037 42.5667231045
324.208728484 38.0964808382
320.243660874 33.5040807368
316.639230829 28.8226918993
313.305364629 24.0775997644
310.169707503 19.2887273109
307.172627524 14.472408387
304.263325364 9.64266784175
301.396782336 4.81218770958
298.53129191 -0.00691462308521
295.626362555 -4.80240433501
292.640822371 -9.56127067737
289.530992497 -14.269028368
286.248831356 -18.9089160929
282.739997942 -23.4609247494
278.941862697 -27.9005812632
274.781650881 -32.1974116606
270.175206689 -36.3130249877
265.027421082 -40.1988305288
259.236274962 -43.7935872047
252.703641956 -47.021383272
245.356762268 -49.7913436392
237.182527166 -52.0012476926
228.268952178 -53.5475955151
218.833862633 -54.3429463226
209.211187872 -54.3365142574
199.781850705 -53.5287068973
190.878380628 -51.9709992356
182.716554 -49.7512241428
175.382531673 -46.9729665279
168.861966035 -43.7383227206
163.08147394 -40.1379481242
157.942735632 -36.2475192211
153.343776763 -32.1280667293
149.189637001 -27.8280097402
145.396336332 -23.3856065452
141.891264931 -18.8312323203
138.611931331 -14.1892889788
135.504100783 -9.47973649191
132.519805687 -4.71930464378
129.615409682 0.077538393814
126.7497522 4.89778658528
123.882320691 9.72919836628
120.971351944 14.559638011
117.971728779 19.3763922049
114.832501806 24.1653890359
111.493823193 28.9102269389
107.883036909 33.5908868094
103.909658358 38.181946765
99.4590892348 42.6500432117
94.3853979368 46.9502349005
88.5049444016 51.0208886525
81.5962642394 54.7769201951
73.4192054011 58.1022340663
63.7772493259 60.8450651319
52.6471602525 62.8253300365
40.3482409621 63.8669827752
33.9838481631 61.6040459003
22.2923492311 61.1005086634
11.2864919127 59.6584688928
1.4110372887 57.4034189809
352.814087334 54.4917261935
345.429761678 51.0728152445
339.091571852 47.2711131712
333.610552877 43.1830862258
328.812716955 38.8811426527
324.551121018 34.419163514
320.706071803 29.8374860101
317.181058025 25.1667904167
313.897824459 20.4309636948
310.791853427 15.6491728065
307.80857655 10.8373758122
304.900277923 6.00945230025
302.023536256 1.17808885211
299.137034784 -3.6444789456
296.199579373 -8.44578827593
293.168182955 -13.2124662007
289.996092157 -17.9294759816
286.630654031 -22.5792212001
283.010961912 -27.1404246786
279.06531151 -31.58668431
274.70870477 -35.8845979956
269.84107636 -39.9913666007
264.347771086 -43.8518776026
258.105269082 -47.3955456796
250.997128619 -50.5338071348
242.946214231 -53.1602785706
233.96530557 -55.1569318806
224.212926175 -56.4097437838
214.017124553 -56.8333976503
203.824949948 -56.3962078404
194.082409976 -55.1308044482
185.115089977 -53.1231381447
177.078930188 -50.4874523359
169.984870352 -47.3416787673
163.754821796 -43.791947887
158.272034985 -39.9265356933
153.413037888 -35.815767916
149.06337379 -31.514546889
145.123212526 -27.0655114104
141.507774736 -22.5019458287
138.145538222 -17.8501684398
134.975737232 -13.1313989632
131.945820094 -8.36319683522
129.009098174 -3.5605780859
126.122615121 1.26309152677
123.245174485 6.09534432881
120.335423088 10.9239281829
117.349865672 15.7361274429
114.24066855 20.5180187938
110.953092337 25.2535819658
107.422382486 29.9235632505
103.569966151 34.5039553082
99.2989204965 38.9639107461
94.4890467189 43.2628606835
88.9928432454 47.3466062393
82.6358529231 51.1423163348
75.2290790277 54.5530009191
66.607104959 57.4536814264
56.7071013176 59.6945671178
45.6824845095 61.1194867887
28.5097018617 59.0959187507
17.8349022606 58.1774172688
7.92929681774 56.4245969999
359.060518908 53.9602567997
351.287424769 50.9205515829
344.532186558 47.430794458
338.655560233 43.5950683913
333.506056433 39.4952058997
328.943792835 35.1939339316
324.848601834 30.7390127319
321.120420442 26.1670071977
317.676632316 21.5063102781
314.448608596 16.7794418453
311.378364941 12.0047679643
308.415618969 7.19779572644
305.515260779 2.37217538976
302.635145443 -2.45948546538
299.734083019 -7.28491198837
296.769893894 -12.0914850883
293.697396297 -16.8655303027
290.466193797 -21.5915011233
287.018138528 -26.2509726878
283.284379874 -30.8213406656
279.182013975 -35.2740930377
274.610625111 -39.5724992443
269.449652137 -43.6685723946
263.558858773 -47.4992847404
256.786632666 -50.9824276623
248.994203379 -54.0135018786
240.105335474 -56.4668483173
230.181965598 -58.2062506726
219.495790786 -59.1093884825
208.528242212 -59.1021035858
197.850641321 -58.1850037309
187.941783506 -56.433223972
179.069835958 -53.9695355512
171.293967527 -50.930129926
164.536447777 -47.4403821783
158.658002956 -43.6044371617
153.507064232 -39.5041791271
148.943663005 -35.2023754034
144.847555938 -30.7468173571
141.118618998 -26.1740943761
137.674188285 -21.5126194773
134.445598114 -16.7849297952
131.374835238 -12.0094069738
128.411593911 -7.20157276414
125.51074449 -2.37509169651
122.630124403 2.45741437426
119.728526935 7.28365599986
116.763755509 12.0909988632
113.6906103 16.86575231
110.458674941 21.5923522637
107.009779167 26.252354392
103.275047398 30.8231323232
99.1715491686 35.2761486168
94.5988437115 39.5746430608
89.4363541194 43.670594328
83.5438536988 47.5009360544
76.7697941516 50.983420411
68.9755668553 54.0135180173
60.0852373475 56.4655680416
50.1611689619 58.2034081429
39.47546797 59.1048477396
33.9988021106 56.8280335832
23.8086513063 56.3894331496
14.0687757429 55.1228886746
5.10431335035 53.1144191684
357.070848669 50.4782706656
349.979133827 47.3323372322
343.751032091 43.7826975339
338.269824745 39.9175774173
333.412101385 35.8072601122
329.063471044 31.5066137303
325.124162178 27.0582496835
321.509443918 22.4954299441
318.147833005 17.8444538563
314.978594861 13.126524406
311.949203197 8.35918564574
309.012990739 3.55743895168
306.127020001 -1.26536429579
303.250112188 -6.09677088273
300.340931727 -10.9245435365
297.356001968 -15.7359822165
294.247509867 -20.5171803556
290.960739704 -25.2521360909
287.430964468 -29.9216164715
283.579643071 -34.5016381824
279.309887718 -38.9613822844
274.501533849 -43.2603140762
269.007102469 -47.3442755609
262.65212318 -51.1404826254
255.247504337 -54.5519931051
246.627584033 -57.453862332
236.729080538 -59.6962895932
225.704813025 -61.1230104573
214.004926284 -61.6094372562
202.310656781 -61.1075910204
191.301147321 -59.6668739589
181.421939702 -57.412704504
172.821659286 -54.5014774367
165.434616422 -51.0826913064
159.094302083 -47.2808510636
153.611647182 -43.1924874515
148.812548043 -38.8900573989
144.549961625 -34.4274779353
140.704116345 -29.8451133666
137.178441861 -25.1736653329
133.894638769 -20.4370386135
130.788155971 -15.6544159022
127.804399121 -10.8417698578
124.895631295 -6.01299416042
122.018413268 -1.18078941051
119.131412001 3.64259453321
116.19341764 8.44468004576
113.161427081 13.212078559
109.988669905 17.9297365559
106.622474679 22.580039292
103.001914802 27.1416892307
99.0552654226 31.5882613117
94.6975097845 35.8863273377
89.8285712693 39.9930586386
84.333801764 43.8533102726
78.089725937 47.3964641855
70.9800121213 50.533930178
62.9277297628 53.1593173236
53.9459618234 55.1546279188
44.1935662229 56.4059249201
29.1947414632 54.330509459
19.7674807778 53.5215174454
10.8664647952 51.9628983278
2.7071378612 49.7425208079
355.375426149 46.9639597282
348.856868864 43.729275889
343.078061203 40.1290812499
337.940712148 36.2390108711
333.342895847 32.120059807
329.189703107 27.8206175883
325.397200187 23.3789180481
321.892816475 18.8253157178
318.614092927 14.1841945276
315.50682162 9.47549821983
312.523057622 4.71594142413
309.619184452 -0.0800222745511
306.754059903 -4.89940125369
303.887189441 -9.72996852533
300.97682866 -14.5596034347
297.977881145 -19.3756086105
294.839421471 -24.1639294362
291.501630319 -28.9081836473
287.891886026 -33.588374353
283.919745079 -38.1791060535
279.470656241 -42.6470473717
274.398735871 -46.9472970931
268.520377261 -51.0182715829
261.614097366 -54.7749450638
253.439598488 -58.1012818222
243.799976817 -60.8455538492
232.671301493 -62.8276444102
220.372061249 -63.8713487654
207.624437385 -63.86293004
195.338723561 -62.8033467212
184.231713155 -60.80776147
174.615569773 -58.0528224865
166.462376481 -54.718364369
159.573755918 -50.9555667722
153.709375374 -46.8799340521
148.648265299 -42.576073897
144.207429178 -38.1052692174
140.241520458 -33.5122139748
136.636411178 -28.8301001413
133.30197385 -24.0842315481
130.165814542 -19.2945470006
127.16827208 -14.4773948002
124.258524443 -9.64681362359
121.39153443 -4.81549919318
118.525579477 0.00441721876197
115.620153262 4.80068644083
112.634069435 9.56028266449
109.52363436 14.2687045781
106.240790994 18.9091735693
102.731182189 23.4616616179
98.932162252 27.9016747305
94.7709422336 32.1987156658
90.1633580913 36.3143677277
85.0143061437 40.2000124817
79.2217990769 43.7943810438
72.6877874163 47.0215383237
65.3396539853 49.7905990181
57.1645067357 51.9993586656
48.2506216912 53.5443741899
38.8160395554 54.3383080654
34.0103456695 52.0353291916
24.9936286964 51.6474049268
16.2866906694 50.5208141405
8.12968845151 48.7165600686
0.662242313263 46.3194413689
353.927472365 43.4221123247
347.898481247 40.1131445089
342.50850226 36.4705898777
337.674309214 32.5599209096
333.310725784 28.4345401832
329.338028288 24.1374232584
325.684799034 19.7030447887
322.288255795 15.1591845427
319.093344292 10.5284707589
316.051307202 5.82964626182
313.118077331 1.07859583857
310.252629761 -3.7108097478
307.415307638 -8.52599545075
304.566064546 -13.3550329465
301.662514537 -18.1860036867
298.657630385 -23.0063101475
295.496869052 -27.8018556781
292.11442308 -32.5559836978
288.428200309 -37.2480162293
284.333055703 -41.8511497582
279.691865934 -46.3293429184
274.3246403 -50.6326708147
267.998058548 -54.6905045419
260.424073625 -58.4021361932
251.290484715 -61.6261260453
240.367559933 -64.1748335781
227.728014435 -65.8304180812
213.988285465 -66.4021660591
200.257937315 -65.8124469478
187.64182922 -64.1411685519
176.74714438 -61.5800905433
167.639823384 -58.3468890963
160.08746916 -54.6285211323
153.777706716 -50.5657248594
148.423229341 -46.2586627019
143.791593423 -41.7775825962
139.703556179 -37.172155155
136.02256513 -32.4782555826
132.643890159 -27.7225806404
129.485732645 -22.9257416857
126.482487811 -18.1043564099
123.579747372 -13.2725025185
120.730566919 -8.44277379869
117.892601924 -3.62709759836
115.025812467 1.16257761565
112.090516754 5.91364533942
109.045634854 10.6121910409
105.847014527 15.2422718487
102.445783145 19.7850694851
98.78674206 24.21785876
94.8069413207 28.5127363869
90.4347878128 32.6350722247
85.5904094816 36.5416991624
80.1885758725 40.1789878704
74.1462150874 43.4812166359
67.3970869058 46.370097013
59.9153658997 48.756902667
51.7458503436 50.5490090911
43.0302025646 51.6619371618
29.7405556195 49.5284337598
21.3254902278 48.807606879
13.283149306 47.4094086012
5.78342956862 45.3981114651
358.914631156 42.8529939442
352.693888596 39.8564013303
347.089006026 36.4854850125
342.04028381 32.8079910633
337.476864449 28.8810687989
333.326855375 24.7518251559
329.522585413 20.4586560581
326.002694478 16.0327777145
322.712398744 11.4996751985
319.602803908 6.88036201948
316.62976539 2.19243533627
313.752544608 -2.54904763311
310.932355221 -7.33083082625
308.130796236 -12.1408119767
305.308100749 -16.9674378437
302.421068088 -21.7990879758
299.420476029 -26.6233811707
296.247672327 -31.4263156277
292.829905394 -36.1911118191
289.073763183 -40.8965540221
284.855872955 -45.5145027456
280.009933186 -50.0060498676
274.309809421 -54.3154976369
267.451751949 -58.3610561213
259.049928219 -62.0214270883
248.687926296 -65.1202740067
236.112163548 -67.4205695248
221.617116249 -68.6592861391
206.340755457 -68.6492511644
191.868876603 -67.3921080669
179.327096262 -65.0771764694
168.998144788 -61.9676732132
160.623387825 -58.2997862223
153.785911121 -54.2489005856
148.100991492 -49.9355841836
143.266180983 -45.4411355729
139.056411329 -40.8209375008
135.306162189 -36.1136995722
131.892609245 -31.3474374522
128.722718362 -26.5432912188
125.7239949 -21.7179966608
122.837957602 -16.8855338814
120.015492793 -12.0582785414
117.213461232 -7.24785834624
114.392120007 -2.46584491649
111.513060505 2.2756304215
108.537460388 6.96327132186
105.424518398 11.5819676287
102.130001822 16.1140543045
98.6049049551 20.538431919
94.7943147934 24.8295076797
90.6367368945 28.9559319498
86.0643863323 32.8791468146
81.0053249166 36.551855511
75.388796161 39.9166999586
69.1554603128 42.9057304544
62.2738659331 45.4416441733
54.7623490072 47.4420690311
46.7107711647 48.8279073705
38.2905876419 49.5353271249
34.0196867789 47.1914399353
25.9627811931 46.844924787
18.1261633994 45.834449769
10.6894165336 44.2043337267
3.77074179814 42.0183058442
357.424175717 39.3491208463
351.65137194 36.269766643
346.418803912 32.8477303729
341.673598645 29.1422145893
337.355127206 25.2034625629
333.402204608 21.073294538
329.756892397 16.7861900498
326.366049196 12.3705162245
323.181534113 7.84969992985
320.159662872 3.24326338439
317.260267023 -1.4322914252
314.445531467 -6.16273229202
311.678668391 -10.9354489219
308.922403128 -15.7388696295
306.137178438 -20.5618991129
303.27890907 -25.3933249912
300.296018327 -30.2211239849
297.125337938 -35.0315672725
293.686218428 -39.8079674209
289.871839955 -44.528806143
285.536219415 -49.1647970324
280.474937095 -53.674112207
274.398049096 -57.9944715279
266.898535213 -62.0301320993
257.440240393 -65.6319432887
245.450166601 -68.5737007753
230.694176185 -70.5487272077
213.963523815 -71.2460761456
197.250446653 -70.527037379
182.534726278 -68.5342969971
170.587253572 -65.5799010519
161.163766614 -61.9695536782
153.689970954 -57.9281253636
147.631460384 -53.6037563363
142.583229772 -49.0915418875
138.256898976 -44.4533679041
134.449136063 -39.7308249018
131.014688829 -34.9530566519
127.847224081 -30.1414967401
124.866415432 -25.3127844886
122.009307361 -20.4806248216
119.224459666 -15.6570341645
116.467868928 -10.8532310244
113.700018624 -6.08032769327
110.883642074 -1.34992290609
107.981931821 3.32533576196
104.957028649 7.93116761578
101.768697881 12.4510092829
98.3731697973 16.8652619382
94.722204054 21.1504041014
90.7625561209 25.277953191
86.4362001989 29.213291391
81.6819140745 32.9144380035
76.4391368222 36.3309735359
70.6552468973 39.4035202881
64.2972433628 42.0644497476
57.367645903 44.2407177149
49.9216693326 45.8596614329
42.0788080415 46.857843534
30.1943644828 44.6548278517
22.6317915267 44.0078567774
15.3398956123 42.7465879966
8.45183992678 40.918769566
2.04866299579 38.58538265
356.161777851 35.8124628136
350.783922077 32.6646737426
345.882410228 29.201302209
341.410684075 25.474398211
337.31665241 21.5284075679
333.54790121 17.4006609899
330.054489886 13.1222559159
326.790114439 8.71904844451
323.712256027 4.21260814919
320.781731183 -0.378925881392
317.96188923 -5.04010116095
315.217575898 -9.75750836171
312.513889638 -14.5192139173
309.81468245 -19.3142367454
307.080682562 -24.1320296881
304.267022074 -28.9619144637
301.319811947 -33.7923973735
298.171177836 -38.6102528775
294.731785372 -43.3991869522
290.879235286 -48.1377495501
286.439664477 -52.7958915233
281.15846743 -57.3290344057
274.655378315 -61.6675481172
266.365602236 -65.6980348887
255.508292451 -69.2322517408
241.265807951 -71.96908835
223.576064884 -73.5018534294
204.322166076 -73.4892735064
186.677308379 -71.9345567224
172.491274858 -69.1822392122
161.680370119 -65.6381031654
153.423605955 -61.6013118386
146.943084215 -57.2586500536
141.677296556 -52.7226396747
137.248349692 -48.0624123704
133.403182565 -43.3222634997
129.968914474 -38.5320799085
126.823772632 -33.7132187354
123.878825553 -28.8819226409
121.066458998 -24.0513920451
118.332950185 -19.2331132457
115.633533403 -14.4377701118
112.92899325 -9.6759258799
110.183203542 -4.95858711422
107.361256975 -0.297722151206
104.427970448 4.29321499714
101.346644702 8.79871601146
98.0780313307 13.2005730873
94.5795351484 17.4771329875
90.8047729685 21.6024389463
86.7037372078 25.5452744916
82.2239843008 29.2681721225
77.3134703602 32.7265362076
71.9258166825 35.8681659657
66.0287151656 38.6336459957
59.6155334532 40.9582427817
52.7185695831 42.7759570427
45.4198993601 44.0259949364
37.8536457518 44.660965405
34.0275436869 42.2584493163
26.7860932829 41.9470908068
19.7049977888 41.0363142442
12.9199661651 39.5588395919
6.52843740275 37.5629597404
0.585154480108 35.1057471668
355.106776798 32.2467493399
350.081236587 29.0432995043
345.477840606 25.5476958232
341.255757941 21.8059445994
337.370104224 17.8575738136
333.775771568 13.7360636152
330.429515672 9.46956551334
327.29083758 5.08170709719
324.322087179 0.592373266365
321.488078699 -3.98158400424
318.755388654 -8.62571940743
316.091411874 -13.3274436733
313.463174472 -18.0755294625
310.835830705 -22.8596468159
308.170686642 -27.6698924563
305.422473091 -32.4962632433
302.535394289 -37.3279984857
299.437136912 -42.1526671036
296.029404064 -46.9547804914
292.172391511 -51.7135205692
287.658510314 -56.3987750299
282.167028239 -60.9638250542
275.186828542 -65.331235609
265.899859999 -69.3650934253
253.096305046 -72.8196430715
235.563243482 -75.2737917286
213.921422603 -76.1790813003
192.319344441 -75.2461035982
174.863138571 -72.7721614993
162.124570625 -69.3057239847
152.881488898 -65.2649036529
145.92951652 -60.8932302718
140.456328304 -56.3253952958
135.954551633 -51.6381988123
132.105691331 -46.8780251426
128.703487256 -42.0748059153
125.608938672 -37.2492605236
122.724245128 -32.4168250646
119.977405016 -27.5899058375
117.312818983 -22.7792566898
114.68533922 -17.9948865939
112.056341989 -13.2467145797
109.391014984 -8.54509501249
106.65638988 -3.90128798498
103.819844936 0.672075756354
100.847922069 5.16049980748
97.7053866605 9.54707018239
94.3545302067 13.8118275254
90.7547930425 17.93105586
86.8628796289 21.8765004413
82.6336592249 25.6145636139
78.0222816624 29.105589214
72.9880469938 32.3034408802
67.5005373744 35.1557051511
61.5481483037 37.6049746785
55.1482042566 39.5917042913
48.3562647146 41.0589369793
41.2705974258 41.9586318657
30.5855998243 39.6696302793
23.7650595493 39.0866936512
17.1445712783 37.9458508628
10.8283472927 36.2829146752
4.88699451045 34.1448967184
359.356879665 31.5844520255
354.245212207 28.6550762626
349.537698633 25.4076763243
345.206211848 21.8885636503
341.215080319 18.1385940141
337.525585254 14.1930850764
334.098817766 10.0821860385
330.897259802 5.83146381087
327.885461561 1.46255737366
325.030112481 -3.00618170807
322.299708479 -7.55910052911
319.663931654 -12.1827187538
317.092784995 -16.8652602343
314.555457654 -21.5962276264
312.018824014 -26.3659976441
309.445383201 -31.165405445
306.790293284 -35.9852716316
303.996888182 -40.8157973167
300.989569086 -45.6456974419
297.661992704 -50.460828999
293.856507132 -55.2418263918
289.326659296 -59.9597015958
283.665979983 -64.5670395675
276.170262508 -68.9791243884
265.59000349 -73.0314692776
249.884444501 -76.3882558847
227.209161264 -78.4194953465
200.582556143 -78.4022209599
178.012519341 -76.3441845884
162.404617889 -72.972502565
151.885524415 -68.9123905839
144.425838155 -64.4959970081
138.786907707 -59.8860422243
134.270699358 -55.1664331251
130.474039245 -50.3841988415
127.15227071 -45.5681341878
124.148759893 -40.7375053812
121.35776261 -35.9064053048
118.704043133 -31.0860968769
116.131158988 -26.2863741827
113.594405335 -21.5164236705
111.056361975 -16.7854262845
108.483945211 -12.103029163
105.846358044 -7.47976086772
103.113596022 -2.92743635474
100.255317248 1.54041697746
97.2399810934 5.90808993223
94.0342323613 10.1571642859
90.6025746868 14.2659229617
86.9074509053 18.2087089156
82.9099348518 21.9552713303
78.5713334515 25.4701822352
73.8560727438 28.7124734105
68.7362298822 31.6357309963
63.1978558518 34.1889749779
57.2486617366 36.3186920431
50.9256506586 37.9722940991
44.3001186075 39.1029439125
37.4768791599 39.6751143303
34.034378333 37.1919942185
27.5093361082 36.9115061402
21.102896213 36.0890336306
14.9183923033 34.7489558421
9.0349998181 32.9280063787
3.50352283547 30.670828584
358.347642128 28.0255436451
353.568694023 25.0401123902
349.151782152 21.7598147758
345.071599649 18.225805994
341.297130449 14.4745185998
337.79501618 10.5376370452
334.531719482 6.44240883987
331.474741784 2.21212111795
328.593155581 -2.13336725161
325.857659125 -6.57710071269
323.240295149 -11.1045397361
320.713911414 -15.7031212986
318.251381769 -20.361864671
315.824546327 -25.0710118675
313.402755814 -29.8216852678
310.950796277 -34.6055364438
308.425785201 -39.4143459742
305.772285783 -44.2395066203
302.914202172 -49.0712658224
299.74057711 -53.8974806147
296.079186468 -58.7013526965
291.644138038 -63.4568959674
285.924340049 -68.1189310954
277.930693813 -72.5985432961
265.625154745 -76.6965725682
245.11320511 -79.9231979414
213.830343412 -81.2455345021
182.673972399 -79.8843409519
162.325439262 -76.6376907043
150.110948111 -72.5309407653
142.164161957 -68.0471403695
136.469956985 -63.3827974685
132.04986268 -58.6258170064
128.397665451 -53.8209570771
125.229859914 -48.9940125564
122.375472454 -44.1616907887
119.724240307 -39.3360923227
117.200470879 -34.5269533011
114.748968266 -29.7428800099
112.326994947 -24.9921012325
109.899422084 -20.2829825465
107.435646023 -15.6244253702
104.907525023 -11.026217801
102.287931054 -6.49937716802
99.5496950367 -2.05651010627
96.664831955 2.2877924793
93.6040055455 6.51651503678
90.3362522919 10.6097293115
86.8290436422 14.5440690205
83.0488293497 18.2921982735
78.9622710587 21.8223372174
74.5384268267 25.0979558493
69.7521436009 28.0778085128
64.5887840914 30.716545979
59.0500650699 32.9661788421
53.1601611334 34.778620665
46.9704363016 36.1093463529
40.5606005321 36.9218330656
30.934099979 34.5241452652
24.7794606434 33.9985028762
18.7743830466 32.9666253806
13.0003515614 31.455476795
7.51712728087 29.501249961
2.3611055351 27.1456307935
357.547342732 24.4323163056
353.073723635 21.4042625753
348.925774718 18.1018193583
345.081094926 14.5616776677
341.512903204 10.8164462537
338.192592876 6.89465447362
335.091397072 2.82100955759
332.181348133 -1.38321761062
329.435713726 -5.69976067115
326.829056552 -10.1129285913
324.337017739 -14.6092041383
321.935876457 -19.1768796565
319.601890886 -23.8057300204
317.31037263 -28.4867161399
315.034375366 -33.2117070023
312.742764828 -37.9732016613
310.397231913 -42.7640214857
307.947406904 -47.5769209485
305.322378949 -52.4040176567
302.414982265 -57.2358318512
299.050409045 -62.0594466854
294.917630033 -66.8545188419
289.402202253 -71.583371171
281.122085665 -76.1620141381
266.486921952 -80.3569974782
236.47266636 -83.3761134708
191.080559203 -83.3472216043
161.392408513 -80.2974944351
146.906280204 -76.0928250157
138.687261832 -71.5104900334
133.200669641 -66.7798573728
129.08322241 -61.9837532618
125.727475455 -57.1594520773
122.825388045 -52.3271363966
120.203577977 -47.4996544915
117.75561957 -42.6864582994
115.411010738 -37.8954230041
113.119616875 -33.1337988437
110.843266379 -28.4087771002
108.550904019 -23.7278774764
106.215625337 -19.0992550938
103.812758798 -14.5319783506
101.318561814 -10.0363070964
98.7093000334 -5.62398958691
95.9605920979 -1.30859013835
93.0469729341 2.89414599275
89.9416815688 6.96589052856
86.6167268756 10.8853027603
83.0433322382 14.6275982315
79.1929068612 18.1641647446
75.0387269048 21.4623089327
70.5585087338 24.4852601919
65.7379757861 27.1926047884
60.5753031986 29.5413528728
55.0859301732 31.4878212844
49.3067006872 32.9904024308
43.297831978 34.0130568147
37.1411882899 34.5290465153
34.0405116826 31.9368119541
28.1649053395 31.6842967549
22.3778847686 30.9423926524
16.7584639301 29.7293125807
11.3703587179 28.0729652538
6.25855766032 26.0080646278
1.44911567994 23.5730755042
356.951360235 20.8075026626
352.761376126 17.7498062136
348.865768434 14.436009392
345.245049283 10.8989203817
341.876343023 7.16782515694
338.735353689 3.26850159993
335.797674476 -0.776571425961
333.039569496 -4.94790352851
330.438358046 -9.22864342875
327.972507754 -13.6042291024
325.62151076 -18.0620583567
323.365583127 -22.5911892112
321.185192333 -27.1820720615
319.060376192 -31.8263108572
316.969758255 -36.5164470276
314.889067501 -41.245756254
312.788786864 -46.0080424762
310.630176284 -50.7974020374
308.358065588 -55.6079048246
305.886725809 -60.4330745105
303.069429418 -65.2648712576
299.624491913 -70.091314579
294.923900788 -74.8897274215
287.230673286 -79.601837667
269.835570773 -83.9965572856
213.461314147 -86.5006238249
157.914311666 -83.9345177587
140.798007599 -79.5300537561
133.178200529 -74.815518556
128.505411402 -70.0161271588
125.073501426 -65.1891475936
122.263080662 -60.3569908073
119.795577195 -55.5315488824
117.525595231 -50.7208310287
115.368046335 -45.9313063975
113.268094214 -41.1689094877
111.187181787 -36.4395552423
109.095894114 -31.749455969
106.970015617 -27.1053564249
104.788196439 -22.5147396117
102.530482008 -17.9860301198
100.177334291 -13.5288105167
97.7089545618 -9.15406061364
95.104813883 -4.87442581541
92.3433554486 -0.704517253148
89.4018742782 3.3387583964
86.2566150882 7.235848954
82.8831631267 10.964207861
79.2572349001 14.4979851026
75.3559993237 17.8078211424
71.1600591316 20.8608379996
66.6561705735 23.6209543792
61.8406414906 26.049674823
56.7230963127 28.1074952498
51.329946329 29.7560012248
45.7065591912 30.9605890269
39.9169952049 31.6935221339
31.2544514787 29.1554946954
25.7155602822 28.6827085624
20.2891748964 27.7522727179
15.0388777797 26.3844457853
10.0142917801 24.606928869
5.24934466297 22.4523916892
0.762791842413 19.9560208773
356.560302846 17.1534200386
352.637303232 14.0790253826
348.981907602 10.7650568007
345.577525139 7.2409334625
342.404948731 3.53304481955
339.44389956 -0.33523363022
336.674087374 -4.34337307884
334.075880794 -8.47344261535
331.630683662 -12.7098269395
329.321099284 -17.0389410049
327.130944883 -21.4489591926
325.04515853 -25.9295679254
323.049621676 -30.471745089
321.13090105 -35.0675662745
319.275890247 -39.7100359457
317.471295953 -44.3929405554
315.70284885 -49.1107199112
313.953982472 -53.8583521886
312.203401792 -58.6312459927
310.420119276 -63.4251273826
308.552007785 -68.2358928339
306.494900774 -73.0593379319
303.987883919 -77.8903895386
300.092807251 -82.7195018752
286.738951797 -87.4878482065
140.912860222 -87.4163282486
128.012733085 -82.6447869286
124.15733094 -77.8153529477
121.661096483 -72.9841555357
119.608151592 -68.1605930907
117.741832579 -63.3497162955
115.959238829 -58.5557291792
114.208722744 -53.782742033
112.459506491 -49.0350392941
110.690394137 -44.3172256235
108.884866464 -39.6343386384
107.0286742 -34.9919568772
105.10852827 -30.3963149473
103.111316388 -25.8544324064
101.023592384 -21.3742609629
98.831219668 -16.964853681
96.5191145368 -12.6365591525
94.071070098 -8.40124250377
91.4696649141 -4.27253317284
88.6962798584 -0.266096004642
85.7312658131 3.60008338363
82.5543249022 7.30541677868
79.1451874846 10.8264658111
75.4846810562 14.1367770884
71.556285124 17.2068704485
67.3482311285 20.0044740198
62.8561168826 22.4951169252
58.0858426483 24.6431883864
53.056445349 26.413532887
47.8021622561 27.7735591234
42.3729151297 28.6956956955
36.8325260397 29.1598608403
34.0461881412 26.4194005261
28.7780701527 26.1930417372
23.5764063378 25.5269009533
18.5016490803 24.434528272
13.6046406606 22.9369824838
8.92404909026 21.0609790847
4.48565315817 18.8368366139
0.303175416835 16.2965334414
356.380121022 13.4720850285
352.712060611 10.3943344239
349.288918019 7.09215413445
346.096993386 3.59200025142
343.1206034 -0.0822632245611
340.343325745 -3.9093514478
337.748894134 -7.87042619453
335.321815339 -11.9488962733
333.047784177 -16.1301877437
330.913967565 -20.4015079365
328.909222161 -24.7516176085
327.024307255 -29.1706187264
325.252160088 -33.6497606933
323.588321395 -38.1812645811
322.031647546 -42.7581623578
320.58555036 -47.374145319
319.260234084 -52.0234114524
318.076923996 -56.700492026
317.076390566 -61.4000144838
316.337713448 -66.116294087
316.024915311 -70.8424382594
316.524821712 -75.5678263273
318.979670507 -80.2684583055
328.594921198 -84.8453674539
35.1341233889 -87.9813913737
99.8903275945 -84.7771737826
109.277222824 -80.1960046542
111.682992838 -75.4944544552
112.16488474 -70.768696264
111.843340972 -66.0423423876
111.099554019 -61.3259204643
110.09557406 -56.626297314
108.909643097 -51.9491539766
107.58212319 -47.2998688955
106.134017417 -42.6839220886
104.575396935 -38.1071306933
102.909586267 -33.5758218046
101.135379221 -29.0969849671
99.2482678067 -24.6784238138
97.2411485123 -20.328917027
95.104744744 -16.05839436
92.8278807341 -11.8781306846
90.397694263 -7.80095844943
87.7998552398 -3.84149566245
85.0188518309 -0.0163817884478
82.0384088097 3.65549292921
78.842109375 7.152788939
75.4142964418 10.4515867917
71.7413245812 13.5253773554
67.8132081904 16.3452421482
63.6256513799 18.8803055256
59.1823387537 21.0985405782
54.4972143422 22.9679870716
49.5963063396 24.4583817498
44.5185345269 25.5431060408
39.3149607314 26.2012388098
31.5586740482 23.4768718815
26.6073701066 23.0544305442
21.740789822 22.2213476089
17.0083306083 20.9927078993
12.450577957 19.3894679442
8.09783816512 17.4368575928
3.97000141303 15.1627123216
0.0774513005455 12.5959470157
356.422620846 9.76530330913
353.001811456 6.69842196072
349.806985446 3.42122990864
346.827358011 -0.0424047283113
344.050714561 -3.67081051631
341.464449829 -7.4445032528
339.056366903 -11.3460800619
336.815295036 -15.3600562244
334.73159397 -19.4726725409
332.797617582 -23.6716912836
331.008218375 -27.9461909257
329.361394171 -32.2863634823
327.859220613 -36.6833126214
326.509298143 -41.1288444409
325.327112366 -45.6152337302
324.340057113 -50.1349321172
323.594627692 -54.6801503396
323.170047637 -59.2421680599
323.206020931 -63.8100239746
323.964721959 -68.367665922
325.986864435 -72.8867502973
330.550677152 -77.3047577783
341.290006299 -81.4401530854
9.57367045583 -84.5751814764
59.2843672083 -84.5437161151
87.1538002385 -81.3803689075
97.7418347632 -77.2375292114
102.248611648 -72.8169078054
104.244324914 -68.2966364003
104.988656934 -63.7383580501
105.015805478 -59.1701277665
104.585238436 -54.607887177
103.835381218 -50.0625533855
102.844789427 -45.542831709
101.659579488 -41.0565112811
100.306914416 -36.6111491372
98.8021297489 -32.2144851565
97.1527221704 -27.8747326034
95.3606913218 -23.6008112686
93.4239764515 -19.4025564532
91.3373831851 -15.290920795
89.0932272795 -11.278176922
86.6818380909 -7.37812267148
84.0920227185 -3.60628493718
81.3115721564 0.0198881848329
78.3278822352 3.48086517333
75.1287569775 6.7549267907
71.7034529966 9.81815913853
68.0440025114 12.644595139
64.1468102986 15.2065643646
60.0144488162 17.4753119114
55.6574751967 19.4219325525
51.0959784866 21.0186295345
46.3604723671 22.2402450741
41.4917342221 23.065928796
36.5393104788 23.480732001
34.051618935 20.5345570181
29.3713966684 20.3335018486
24.7409733515 19.7410046696
20.20643711 18.76702449
15.8079789369 17.4272292089
11.5781020912 15.741841968
7.54085102948 13.734308287
3.71197499024 11.4299648239
0.0997941569866 8.85484947021
356.70648471 6.03473529872
353.529525001 2.99441659226
350.56311318 -0.242765083686
347.79944421 -3.65519011159
345.22980114 -7.22306956388
342.845464222 -10.9284366837
340.638472956 -14.7550579679
338.602295898 -18.6882922363
336.732477552 -22.7149173849
335.027348242 -26.8229364145
333.488909624 -31.0013667256
332.124057293 -35.2400087999
330.946392766 -39.5291806032
329.979049102 -43.8593892038
329.25928864 -48.2208847534
328.84630693 -52.6029899798
328.835112332 -56.9929869407
329.382581459 -61.3740852033
330.759534133 -65.7213490281
333.462338571 -69.9926833407
338.468299247 -74.106610523
347.822783403 -77.8814451267
5.5192798852 -80.8669669794
34.3419790013 -82.0967792787
63.0328867351 -80.8309136228
80.5620637833 -77.8271327947
89.8244804145 -74.0445062611
94.783015796 -69.9269375875
97.4595004219 -65.6536892804
98.8205048462 -61.3053266282
99.3575033894 -56.9235669244
99.3389227359 -52.5331756477
98.9203781095 -48.150863117
98.1961662101 -43.7893107036
97.2250561275 -39.4591823578
96.0440404041 -35.1702283174
94.6760727126 -30.9319508564
93.1346296706 -26.7540478227
91.4265162359 -22.6467396864
89.5536660488 -18.6210343928
87.514357382 -14.6889582283
85.3040951345 -10.8637661736
82.9163193196 -7.16013547904
80.3430521984 -3.59433833654
77.5755696454 -0.184381909701
74.6051658743 3.04990413561
71.4240660487 6.08686115261
68.026521433 8.90311309843
64.4100898879 11.4738394868
60.5770554491 13.7732538429
56.5358734736 15.7753226906
52.302450164 17.4547364644
47.9009976743 18.7881031505
43.3641812743 19.7552809757
38.7323284629 20.340709392
31.8584164605 17.3585409444
27.4884016128 16.9858280422
23.1819120979 16.2495245146
18.9770269286 15.1606644218
14.9064619475 13.7347939777
10.9964805467 11.9909797743
7.26654568366 9.95072731255
3.72961814426 7.63693412296
0.392926656645 5.07296893994
357.259015194 2.28192856337
354.326897172 -0.713911905589
351.593193766 -3.89346588901
349.053185761 -7.23704468677
346.701754005 -10.7264404896
344.53421883 -14.3449132984
342.547114836 -18.0771072841
340.738958224 -21.9089155433
339.111085093 -25.827304831
337.668667785 -29.8201039089
336.422062543 -33.875750028
335.388721304 -37.9829761312
334.596041825 -42.1304033323
334.085787389 -46.3059725637
333.921187075 -50.4960925208
334.198747278 -54.6842690072
335.068610106 -58.8487473156
336.77085794 -62.9581880621
339.70184938 -66.9632321874
344.534028699 -70.7791403271
352.402606826 -74.2492533407
4.98827800258 -77.0750693205
23.4618002747 -78.7471694529
45.052076786 -78.7331209918
63.4405372881 -77.0384169972
75.9395901856 -74.1991673
83.7494251535 -70.7217340436
88.5448962693 -66.9017333643
91.452549448 -62.8942782799
93.1392753638 -58.7833538364
93.9982728146 -54.6179450362
94.2678275269 -50.4291990541
94.0970276782 -46.2387696246
93.5817365558 -42.0630986852
92.7847746875 -37.9157530821
91.7476355328 -33.80878443
90.4975320177 -29.7535753406
89.0517851995 -25.7614045005
87.4206560309 -21.8438522712
85.6092462021 -18.0131122884
83.618839375 -14.282244144
81.4479140468 -10.6653843335
79.092980401 -7.17792078068
76.549347705 -3.83662715292
73.8119002827 -0.659745246504
70.8759389328 2.33300364298
67.7381237775 5.12050400859
64.3975283296 7.68045838065
60.8567790795 9.98975761675
57.1232090284 12.025034496
53.2099013803 13.7634106352
49.1364523308 15.1834204033
44.9292581944 16.2660594172
40.6211534466 16.9958653898
36.2503067867 17.3619065642
31.8693741508 14.1722014807
27.5170493787 13.7764218344
23.2313058092 12.9944896297
19.0521009495 11.8384682672
15.0138259964 10.3253435055
11.1442097264 8.47593002054
7.46401277339 6.31368449378
3.98740782182 3.86356377088
0.722858798833 1.15102893201
357.674294192 -1.79874885289
354.842399609 -4.96146473182
352.225909107 -8.31405122903
349.822834066 -11.8348719087
347.63162139 -15.5037704484
345.652276911 -19.3020052141
343.887528107 -23.2120919483
342.344140094 -27.2175666292
341.034551015 -31.3026672387
339.979073458 -35.4519157036
339.209042936 -39.6495559797
338.771525969 -43.8787635355
338.736604875 -48.120470248
339.208962946 -52.3515165026
340.346693422 -56.5415869807
342.392079175 -60.6478838338
345.720760971 -64.6055184617
350.911370926 -68.3099473967
358.799833688 -71.5864321374
10.324358555 -74.1489821199
25.6622316307 -75.5979074802
42.7702169636 -75.5867328009
58.0608005015 -74.1185556831
69.5275897281 -71.5428350872
77.3698218244 -68.2582192196
82.5279549677 -64.5488441853
85.8343304618 -60.5881426618
87.8640993853 -56.4799049324
88.9905081652 -52.2886040426
89.4543168815 -48.056808529
89.4126578758 -43.8147068403
88.9695979046 -39.5853899006
88.1948134422 -35.3878917507
87.1350962542 -31.2390245571
85.8215907583 -27.1545464217
84.2744736092 -23.1499476002
82.5060849742 -19.2410097362
80.5231197089 -15.4442220851
78.3282569523 -11.7770982912
75.9214733234 -8.25841213483
73.301204927 -4.90835327721
70.465471458 -1.74859074807
67.4130359456 1.19777858656
64.144635305 3.90642675412
60.6642726423 6.35216938252
56.9805090541 8.50954614371
53.1076333728 10.3536189018
49.0665341445 11.8609709554
44.8850687998 13.0108506747
40.597744016 13.7863578739
36.2446049405 14.1755338516
31.8749975435 11.0215594876
27.5304491829 10.5984197878
23.2570596547 9.76247210347
19.0975798234 8.5271731726
15.088875952 6.91145187948
11.2608277941 4.93847512218
7.63609659622 2.6343179456
4.23064329167 0.0266970577833
1.05479045592 -2.85611826315
358.114608358 -5.9861563051
355.413445634 -9.33633782096
352.953491972 -12.8808302101
350.737332693 -16.5951907489
348.769522978 -20.4563308152
347.058272538 -24.4423255086
345.61739747 -28.5320781714
344.468779153 -32.704827346
343.645691413 -36.9394519715
343.197547803 -41.2134820664
343.196923562 -45.5016425196
343.75016749 -49.7736202566
345.013523234 -53.990502725
347.217072073 -58.0989162738
350.697236706 -62.0212438238
355.928449014 -65.6396931613
3.50646729097 -68.7733485473
13.9407194159 -71.1579756393
27.0558024745 -72.4704336947
41.3233395402 -72.4610850936
54.4089968598 -71.1319149416
64.8031844783 -68.7348639048
72.3452653906 -65.5928663184
77.5488408046 -61.9690090942
81.0087329424 -58.0431865548
83.1974032073 -53.9325113567
84.4495931127 -49.7141888022
84.9941817017 -45.4413506753
84.9865949477 -41.1527700351
84.5326294092 -36.878682373
83.7044835791 -32.6443236969
82.5513098776 -28.4721497307
81.1061984419 -24.3832839806
79.3909005722 -20.3985019625
77.4191413326 -16.538922563
75.1990699539 -12.8264984465
72.7352072501 -9.28434916076
70.0301285462 -5.93694902989
67.08603786 -2.81016006025
63.9063231885 0.0689147059454
60.4971196143 2.67228936275
56.8688389652 4.97169443969
53.037552202 6.93943143012
49.0260441018 8.54946557952
44.8643202855 9.77869447451
40.5893610086 10.6082775235
36.2440041622 11.0248666051
31.8756366695 7.90298947288
27.5297433268 7.44728037663
23.2615195149 6.54716882122
19.1176819061 5.21800383305
15.1386148963 3.48134814854
11.3572755677 1.36355154941
7.79908956213 -1.10576977474
4.48269547219 -3.89515903092
1.42130389436 -6.97251715797
358.624433391 -10.3060039993
356.099843661 -13.8646246392
353.855574753 -17.6185158427
351.902097568 -21.538959786
350.254676865 -25.5981468792
348.93614772 -29.7686892458
347.980423909 -34.0228515549
347.437211097 -38.3314120848
347.37860534 -42.6619832454
347.908503541 -46.9764875521
349.175893989 -51.2272735889
351.392547113 -55.3510459756
354.85245491 -59.2594511282
359.939175856 -62.8253352384
7.0773065473 -65.8663885146
16.5353132421 -68.1380574187
28.015976476 -69.3675879649
40.3254429673 -69.3594979905
51.7861720635 -68.1151859903
61.2150827017 -65.8319445836
68.3249741 -62.7826687209
73.3884340847 -59.211205071
76.830333133 -55.299084272
79.0332105086 -51.1728757429
80.2899237964 -46.9205500047
80.8113278452 -42.6051655942
80.7457407406 -38.2742331033
80.1965841537 -33.9657508122
79.2356194184 -29.7120670003
77.9123162251 -25.5423904504
76.2604225106 -21.4844613077
74.3026592062 -17.5656841797
72.0542174143 -13.8138929124
69.5255286247 -10.2578333045
66.7246247311 -6.92739649834
63.6592874002 -3.85360112365
60.33908662 -1.06830224286
56.777312271 1.39640000036
52.9927061039 3.50906657513
49.0108132318 5.24012220352
44.8647149102 6.5632837705
40.5949094961 7.45708083892
36.2482014227 7.90627874172
31.8715367647 4.81309864899
27.5158440432 4.31836927867
23.246905481 3.34157441106
19.116976767 1.90066776221
15.1713835036 0.020832868118
11.4474674993 -2.26720702853
7.97470544915 -4.92896181286
4.77582487959 -7.92779764722
1.86864708909 -11.2262506156
359.268400928 -14.7869483111
356.990339983 -18.5731161745
355.052620438 -22.5486766132
353.479532383 -26.6779508515
352.305315671 -30.9249482422
351.578934576 -35.2521757872
351.370328726 -39.6188172098
351.778748641 -43.9780056912
352.943615491 -48.2727373313
355.057268831 -52.4297641003
358.375230629 -56.3507261149
3.20933723173 -59.9004596345
9.86747892485 -62.8956216246
18.4814451204 -65.1054956348
28.7168850127 -66.2889749683
39.5962897724 -66.2818025598
49.8172984166 -65.0850396771
58.4092041918 -62.8644164488
65.0447108299 -59.8613245258
69.8591808813 -56.3060422628
73.1612645447 -52.3813178795
75.2623336031 -48.2218222088
76.4171569274 -43.925571071
76.8173859525 -39.5655914311
76.6019023789 -35.1987534337
75.86955781 -30.8718491416
74.6900045405 -26.6256594878
73.1120040045 -22.4976683742
71.1696576914 -18.5238744683
68.8871686512 -14.7399748066
66.2826494612 -11.1820696416
63.3713491428 -7.88695499462
60.1685283337 -4.8920177462
56.6920736858 -2.23472322566
52.9648069369 0.048312416097
49.0163196661 1.92264112088
44.8840767902 3.3576094772
40.613519121 4.32813188694
36.2569921794 4.81637704403
31.8628558788 1.74866907065
27.4895293848 1.20675957431
23.215618298 0.137526917985
19.1011187873 -1.43741029321
15.1983221743 -3.4877772495
11.5508788156 -5.97669562725
8.19430885181 -8.86278628031
5.15773719081 -12.1020233363
2.46653527092 -15.6491380879
0.145599031963 -19.4584669418
358.223129904 -23.4842022475
356.734959827 -27.6800251937
355.729632625 -31.9980745017
355.27458512 -36.3871350463
355.46378163 -40.7898182234
356.426812061 -45.138359727
358.338139124 -49.348533525
1.42139767967 -53.3112835334
5.93475542225 -56.8826506751
12.1079630219 -59.8759008819
19.9936591115 -62.0671171975
29.2504756257 -63.2329527669
39.0406286538 -63.2264771527
48.2864175601 -62.0485471529
56.1547185771 -59.8473387359
62.3093587749 -56.8465419486
66.8059696999 -53.2698006393
69.8752098906 -49.3033881965
71.7750887186 -45.0908495008
72.7287400688 -40.7409376404
72.910108375 -36.337679229
72.4483526801 -31.948717636
71.4371094415 -27.6313755918
69.9435787579 -23.4368395114
68.016142903 -19.4129659128
65.6905345388 -15.6060825833
62.9949092626 -12.0620112288
59.9541647547 -8.8264264979
56.5937169097 -5.94459719207
52.9427717546 -3.46053057178
49.0369579044 -1.41556163373
44.9200477278 0.153505689786
40.6444500868 1.21650234948
36.270254445 1.75194326973
31.8496786447 -1.29340554851
27.4515635821 -1.89305794472
23.1707038143 -3.0749785144
19.0780445454 -4.81223412622
15.2358435811 -7.0671665043
11.6970104368 -9.79394785551
8.50631512176 -12.9411053834
5.70317056943 -16.4536108873
3.32560482198 -20.2742650877
1.41513500995 -24.3442244832
0.0224428430199 -28.6025800721
359.213923098 -32.9848881811
359.079196033 -37.4204801041
359.739282697 -41.8282666936
1.35374912477 -46.1106889816
4.1215001853 -50.1456916265
8.26222920906 -53.7777521571
13.9542272091 -56.8123337558
21.2033500341 -59.0245190296
29.6698396517 -60.1973213656
38.6034312187 -60.1913915018
47.061098128 -59.0074600769
54.2960048074 -56.7859720758
59.9724007938 -53.7442803723
64.0986461964 -50.1071322851
66.8539389876 -46.0686999954
68.4579732717 -41.7841563989
69.109314356 -37.3752932233
68.9671340142 -32.9394944538
68.1521122091 -28.5577444838
66.7536090112 -24.3006570496
64.8378389979 -20.2326531809
62.455375617 -16.4146371553
59.6476915489 -12.905453213
56.4528269299 -9.76229539727
52.9102553472 -7.04016998822
49.0648449977 -4.79050172293
44.9696252352 -3.05903730735
40.6869745316 -1.88331835029
36.2879363676 -1.29012905425
31.8320287986 -4.31619814467
27.4028839099 -4.98762746035
23.1166581587 -6.30887664418
19.0601225012 -8.24499950534
15.3101405401 -10.7471944854
11.9335995401 -13.7560617771
8.98987145164 -17.2046374658
6.53537115227 -21.0206247471
4.62968936224 -25.1274323988
3.34288585159 -29.4437764553
2.76360079415 -33.8816545559
3.00732584279 -38.3424806923
4.22286259398 -42.7111754518
6.59159790838 -46.8483251506
10.3074142526 -50.5818057369
15.5161179454 -53.7026393591
22.1957520309 -55.9757460505
30.0077824583 -57.1795653447
38.2506828523 -57.1740733865
46.0553605237 -55.9599261168
52.7229830342 -53.6781515273
57.9182549137 -50.5506872517
61.6213426848 -46.8125089486
63.9788986053 -42.6722983585
65.1848805531 -38.3018821596
65.4204381283 -33.8404467163
64.8340718791 -29.402921354
63.5410120506 -25.0878036548
61.6297101043 -20.9830490874
59.1701150864 -17.1699170838
56.2217806896 -13.7249792418
52.8411500362 -10.7205017453
49.0876759222 -8.22339289313
45.0283605018 -6.29296118751
40.740191492 -4.97787600972
36.310044857 -4.31291296058
31.8098843795 -7.32285994118
27.3449424195 -8.08528578642
23.0609710428 -9.58183351661
19.0683246421 -11.7648643285
15.4659712624 -14.5678892501
12.3426352991 -17.9098010559
9.78147634205 -21.6984326845
7.86750882269 -25.8325578247
6.69672092454 -30.2017498234
6.38555256113 -34.6837485168
7.07826935868 -39.1391863935
8.94666267458 -43.4039890948
12.1702198788 -47.2811965822
16.8770365706 -50.5374924806
23.0294992846 -52.9156489302
30.2857026569 -54.176895422
37.9601910088 -54.1717617558
45.2100288817 -52.9008679053
51.3520140009 -50.5146450004
56.0469839413 -47.2522509213
59.2591630886 -43.3708521308
61.1174125135 -39.1035176746
61.8013235227 -34.6469521153
61.4825189144 -30.1650345126
60.305042964 -25.7970038044
58.3851575362 -21.6650410417
55.8187492997 -17.8795196437
52.6908127572 -14.5416147841
49.0845598823 -11.743422796
45.088819716 -9.56594313656
40.8026874612 -8.07550980103
36.3366314417 -7.31955970276
31.7832037777 -10.3168031102
27.2804113912 -11.1975193865
23.0173528502 -12.9193674858
19.14095477 -15.4133114647
15.7849791505 -18.58294703
13.0735019099 -22.3100556574
11.1291771084 -26.4584310828
10.0841116355 -30.8746206029
10.0897715552 -35.3849179828
11.3194468679 -39.788859629
13.9508000832 -43.8512895519
18.1081934877 -47.2990765032
23.7480786048 -49.8352003388
30.5182266797 -51.1861459888
37.7167856498 -51.1813103265
44.4812129299 -49.8213123616
50.1116658003 -47.2777197402
54.2583550002 -43.8244511713
56.879362977 -39.7584935099
58.0997368737 -35.3527643242
58.0972520415 -30.8421959417
57.0450896141 -26.4270796939
55.0945826108 -22.2810003476
52.3777657547 -18.5573147562
49.0173055103 -15.392127594
45.1373646476 -12.9035213659
40.8718343436 -11.1877102995
36.367767319 -10.3134814559
31.7519834632 -13.3020409611
27.2148029129 -14.3415777692
23.0131239391 -16.3604847826
19.3534868529 -19.2506681409
16.4267954988 -22.8608961034
14.4155380185 -27.0040703935
13.5053600146 -31.460469546
13.8925255642 -35.9755766343
15.7721370916 -40.2541178338
19.2831235432 -43.9573633864
24.3879652695 -46.7194204045
30.7158399231 -48.2034813652
37.5095951666 -48.1988972919
43.832124689 -46.7063259621
48.9281972427 -43.937439083
52.429279124 -40.2294751806
54.2993418782 -35.9483099047
54.6779320603 -31.4324771186
53.7602811214 -26.9770411091
51.7426266641 -22.8363417293
48.8106065038 -19.2299379258
45.1467773833 -16.34474088
40.942175813 -14.3317351757
36.4034869804 -13.2986915894
31.7164096265 -16.2839081298
27.1606459421 -17.5459394096
23.1080553973 -19.9681112505
19.8682287918 -23.3632424732
17.7285255969 -27.4688631421
16.9617846992 -31.9572150343
17.8229124396 -36.4384760318
20.5006170515 -40.4629661895
24.9872828786 -43.5426158041
30.8865835165 -45.2237081389
37.330293843 -45.2193399021
43.2243812423 -43.5302649663
47.7026151679 -40.4445449457
50.3709551056 -36.416369348
51.2232043776 -31.9337874707
50.4486586305 -27.446267811
48.3024199062 -23.3433817502
45.057447364 -19.9526110318
41.0012621731 -17.5360809955
36.4436386469 -16.2805250739
31.6773246996 -19.270820452
27.1499782312 -20.8628916706
23.4494099524 -23.8473413892
21.073174511 -27.8530431301
20.4578589439 -32.3621753437
21.9375200958 -36.736179346
25.602071079 -40.2573302678
31.0375612644 -42.2385516198
37.1715581813 -42.2343729322
42.6016995328 -40.2457478439
46.257858491 -36.7195710231
47.7285611196 -32.3434395945
47.1051664153 -27.8349895986
44.7223877671 -23.8324295391
41.0171858638 -20.8530805982
36.4874218528 -19.2673990181
31.6380007448 -22.2794487792
27.2802724851 -24.4005063435
24.4634782082 -28.1593635925
24.0074347303 -32.6703671383
26.3554773599 -36.7670625077
31.1776499474 -39.2315676159
37.0243258273 -39.2275641465
41.8406497324 -36.7564409372
44.1801146151 -32.6564564246
43.7157973357 -28.1459675625
40.8927277656 -24.3909423887
36.5316247964 -22.2759889894
31.6136456555 -25.3547157617
27.9449020989 -28.4016698414
27.6575643713 -32.8655485044
31.3286627115 -36.1585387646
36.8665822667 -36.1547259829
40.5307587466 -32.8566473859
40.2350955504 -28.3930982925
36.5611576519 -25.351239152
31.733683786 -28.6938033935
31.6340656364 -32.8272287023
36.554418396 -32.8238202005
36.4470160166 -28.6905126565
