113.161417972 32.7951425209
113.064478833 28.661221352
108.352175792 28.6558288826
108.242407068 32.7894884149
113.464356753 36.1269573854
117.136946314 32.835446476
116.852737465 28.3708946911
113.1864518 25.3218219676
108.239815944 25.3161827577
104.565177494 28.3568611251
104.267262561 32.8206795384
107.928208469 36.120572484
113.612892659 39.2003851634
118.435674149 36.7381019423
120.786470302 32.6421792873
120.333774708 28.130359716
117.519767168 24.3695815683
113.163779554 22.2462021318
108.270844235 22.2406439861
103.909561743 24.3541144909
101.085510215 28.108443566
100.619220543 32.6191145912
102.955579543 36.7202850443
107.768360411 39.1936243722
113.750296446 42.2077508963
119.185775973 40.229184489
122.852598977 36.7096597026
124.335673209 32.3359337306
123.723853466 27.825847934
121.350560336 23.8183175734
117.652102803 20.8315968397
113.126003759 19.237220454
108.316418438 19.2317764748
103.786616594 20.8159063091
100.080947002 23.7942435476
97.6972225885 27.7963395716
97.0721662187 32.3048967712
98.5401875077 36.6818029497
102.192637821 40.2095715421
107.618852567 42.2006383436
113.898292757 45.1932867437
119.797075039 43.5151873192
124.285624385 40.4377490446
126.966663951 36.4143270091
127.831588632 31.932964033
127.068442762 27.4435236494
124.931775146 23.3361016669
121.6942662 19.9387523985
117.643245632 17.5142290635
113.088371248 16.2499572818
108.361488581 16.2446262782
103.803832783 17.4986303715
99.7473662197 19.9140344621
96.5018992249 23.3040868865
94.3548586087 27.406634999
93.5789733373 31.8942006677
94.4290233945 36.3772786381
97.0940408321 40.4065388099
101.567952852 43.4940953348
107.457610654 45.185795772
114.065673312 48.1734425427
120.392561334 46.6926871917
125.49899354 43.933306863
129.013266251 40.23173404
130.896877345 35.9537714173
131.288063405 31.4382496671
130.381537653 26.9806305808
128.373371386 22.83564552
125.449126215 19.2232311579
121.791271845 16.3306912057
117.590746467 14.3094445323
113.054175 13.2677422239
108.402861731 13.2625157679
103.864086966 14.2940332696
99.6592473438 16.3058762828
95.9950977824 19.1902493984
93.0626641291 22.7961274436
91.0443978634 26.9365658257
90.1257320881 31.3920006626
90.5026091625 35.9081342757
92.369925796 40.1900061153
95.8670119484 43.8992460239
100.958059376 46.6701508536
107.275512905 48.1655255278
114.259438267 51.156497002
121.028130531 49.8091765543
126.669399241 47.2761451253
130.830118232 43.8305313304
133.465703286 39.7692333871
134.699771966 35.3654437275
134.709566622 30.8544640874
133.668172532 26.4369282481
131.726964991 22.2867118768
129.018014714 18.5574294903
125.663969239 15.3854408447
121.788923345 12.8891084764
117.52668788 11.1649667175
113.024271947 10.2821596855
108.439749721 10.277027586
103.935513695 11.1497669126
99.6697188953 12.8644134787
95.7894990781 15.3521552404
92.4287747548 18.5167365526
89.7116759156 22.2400314053
87.7607682006 26.3859028451
86.707911775 30.8009845485
86.704185714 35.3117161877
87.9224440055 39.7178770014
90.5401161457 43.7846627416
94.682055978 47.2393382525
100.306638351 49.7851018386
107.065164522 51.1480893618
114.487491691 54.1476478492
121.741741662 52.8903739234
127.895469845 50.5157149216
132.605777752 47.2620371782
135.833898621 43.3864291457
137.707100749 39.1222518706
138.404412208 34.6665938205
138.097411128 30.1836794065
136.930279162 25.8130214772
135.019429275 21.6770141587
132.460844147 17.8862079834
129.339541347 14.5419461086
125.738692319 11.7365072064
121.747048442 9.55110398297
117.463627396 8.05232077787
112.998859723 7.28787532518
108.472010173 7.28282709458
104.005685776 8.03732879817
99.7192248958 9.52661326812
95.7231790334 11.7032200777
92.1166910368 14.5007765577
88.9885947361 17.8382391327
86.4220608167 21.6234710002
84.5019937158 25.755267656
83.3241354713 30.1232437269
83.0045381644 34.6052300115
83.6869591205 39.0620318408
85.5426594109 43.3298589769
88.7508528127 47.2121530233
93.4401990919 50.4760467855
99.5752705791 52.864579467
106.818148052 54.1386657328
114.760129606 57.1507363968
122.569658357 55.9512835076
129.250549857 53.6820948242
134.46308398 50.5642990925
138.18395389 46.8328276581
140.558020553 42.6967023394
141.77865998 38.3281748116
142.027039913 33.8668040881
141.451891015 29.4278053144
140.168697118 25.1098841053
138.266110509 21.0011482371
135.814204505 17.1829772441
132.872579768 13.7320522072
129.497659872 10.7207568552
125.748830626 8.2161398688
121.69300627 6.27768210045
117.407097323 4.95425861111
112.977944518 4.28087621025
108.499685412 4.27590148315
104.069160809 4.93945886846
99.7805766152 6.25342009031
95.7208906166 8.1829879218
91.9671462473 10.6794577427
88.5863697216 13.6834792839
85.6380046056 17.1281027223
83.1784514717 20.941026079
81.2671868606 25.045651733
79.9740428949 29.3607071743
79.3873033154 33.7982402597
79.6219625922 38.2597785001
80.8261983503 42.6304485983
83.1807471271 46.7711653527
86.879125611 50.5102646114
92.0677363523 53.6392905865
98.7271316651 55.9235050027
106.523469369 57.1410708179
115.091706991 60.1689362772
123.555076751 59.0009619482
130.805608965 56.7931523297
136.502023795 53.7620225854
140.648523048 50.1323400086
143.422292996 46.0986991935
145.042469742 41.8167630243
145.707741337 37.4087386053
145.577624799 32.9723205918
144.773159888 28.5887123288
143.384004141 24.3286781704
141.476586895 20.256744005
139.101614365 16.4338925877
136.300617767 12.9190367687
133.111632243 9.76944363234
129.574076636 7.04020908476
125.732732804 4.78287332886
121.640535273 3.04332927983
117.359785588 1.85929443423
112.96149339 1.25775062227
108.522853511 1.25283923665
104.12332033 1.84466570902
99.8401530364 3.01929071008
95.7444745128 4.74991024265
91.898722256 6.99895068148
88.3559596741 9.72062655836
85.1610630879 12.8634730051
82.3534894497 16.3724466595
79.9712388033 20.1903225711
78.0557197391 24.2582337592
76.6574134452 28.5152627546
75.8424045491 32.896986471
75.6998689506 37.3328031544
76.3502239384 41.741760204
77.9522718911 46.0265358931
80.7040889081 50.065448461
84.8248196835 53.7035041805
90.4933051846 56.7467880397
97.7182981338 58.9708372492
106.165789901 60.1584432204
115.503217925 63.2050488181
124.756213115 62.0445986877
132.64373044 59.8582738362
138.822309047 56.8688958766
143.342474292 53.3002418534
146.432667712 49.3391348126
148.350456413 45.1297007593
149.319279785 40.7811633063
149.513589417 36.3778908045
149.063031037 31.9877619542
148.061638165 27.6682567148
146.576908626 23.4706647576
144.657431985 19.4429106811
142.339069974 15.63136991
139.650040039 12.0819035079
136.615244123 8.84022784873
133.260054622 5.95166539324
129.61359831 3.46029724445
125.711404631 1.40755847743
121.597146855 -0.169618114958
117.323157289 -1.24090809405
112.949492409 -1.78465213851
108.541572269 -1.78951018624
104.166758093 -1.25538994662
99.8905313176 -0.193454445595
95.7730583967 1.37479307126
91.866808396 3.41915430052
88.2155930339 5.90278940656
84.8550586706 8.78432531502
81.8144090203 12.0197182869
79.119039991 15.5636673426
76.7938133772 19.3704715699
74.8668329102 23.3942896919
73.373760331 27.5887813862
72.3628805662 31.9060850747
71.9012565008 36.2950179873
72.0823256224 40.6982727867
73.0349536729 45.0482397191
74.9326559313 49.26095635
77.9979692279 53.2277853179
82.4881826899 56.8053780337
88.6333965099 59.807758294
96.4895745828 62.0116354805
105.722678364 63.1935331036
116.02683686 66.2616083806
126.257676204 65.0842082163
134.874330525 62.8798224129
141.539365961 59.8889643123
146.381771714 56.3422425589
149.707887464 52.4231447517
151.828937753 48.2670437603
153.00030811 43.9724912589
153.414391684 39.6128889358
153.210718757 35.2453585025
152.488649976 30.916856793
151.318217351 26.6682702204
149.74845551 22.5371484142
147.813653673 18.5595300022
145.538133079 14.7711367676
142.940066145 11.2080871551
140.034711406 7.90719656543
136.837295458 4.90587975772
133.365634911 2.24164533226
129.642455608 -0.048825899074
125.697241339 -1.93099563697
121.56735508 -3.37409343626
117.298161305 -4.35289269406
112.94197301 -4.84940441914
108.555854499 -4.85421907415
104.198578977 -4.36725360345
99.9272700616 -3.39775807611
95.7943483305 -1.96358058505
91.8453151623 -0.0898337103167
88.1176777607 2.19279569366
84.6410509708 4.8498235254
81.4382623376 7.84459833594
78.5271895868 11.1396227092
75.9230724459 14.6974823941
73.6411288917 18.4813593832
71.6994305547 22.4551368942
70.1221275794 26.5831065813
68.9432513679 30.8292634683
68.2114662729 35.1561225381
67.9962837358 39.5229081276
68.3963432746 43.8828430164
69.5502003145 48.1790884438
71.6490047494 52.338679216
74.9467831586 56.2637168648
79.7539284311 59.8197427662
86.3781739919 62.824355207
94.9550028399 65.0477281682
105.159771015 66.2487965685
116.714614593 69.3408463707
128.189887006 68.1182871828
137.6522937 65.8528087097
144.799746411 62.8164953721
149.896900704 59.2538687596
153.366569093 55.3474750502
155.591771314 51.224737702
156.866490235 46.9742337131
157.402656289 42.6594260901
157.349443107 38.3280885657
156.810910525 34.0183882198
155.859284163 29.7627796685
154.544367337 25.5905364609
152.900144263 21.5294357776
150.949498085 17.6069011142
148.707723439 13.850774229
146.185306451 10.2898038159
143.390290934 6.95388439098
140.330432157 3.87404389573
137.015239717 1.08215817571
133.457915008 -1.38963497997
129.677092109 -3.5098373541
125.698202007 -5.2487898615
121.554221633 -6.58010051876
117.285572785 -7.48216804114
112.939027453 -7.93961185246
108.565654071 -7.944393132
104.218060073 -7.4964353322
99.947371988 -6.60363017312
95.8004680747 -5.28122796202
91.8179074784 -3.55072429996
88.0328155545 -1.43843373871
84.4707640157 1.02603416537
81.1505051618 3.81120630716
78.0853261321 6.88495098799
75.2847839868 10.2153855832
72.7566399609 13.7714685925
70.5088997525 17.5232907864
68.5519633333 21.4420927435
66.9009837594 25.5000309299
65.5786340144 29.6696944281
64.6185976797 33.9233397856
64.0702522642 38.2317580092
64.0052195581 42.5626047754
64.5267011589 46.877892953
65.7826590675 51.1301372373
67.9833677493 55.2563332223
71.4207596673 59.1686225974
76.4760189882 62.7406584117
83.5724765682 65.7913125432
92.9822837927 68.0773317974
104.42151059 69.326338766
117.656655958 72.4444604614
130.765811084 71.1401651077
141.207830425 68.7625570788
148.7990669 65.6340518917
154.04373587 62.019015779
157.535732981 58.0987455528
159.74921088 53.9913828087
161.020824911 49.7748038547
161.580982222 45.5025633788
161.586217194 41.2136993601
161.143108186 36.9386130382
160.324403358 32.7026431178
159.179643563 28.5283070016
157.742194676 24.4367625561
156.034002997 20.4488011931
154.068928393 16.5855453297
151.855207531 12.8689434146
149.397408982 9.32210698264
146.698120533 5.96950235088
143.759525898 2.8369875097
140.584962011 -0.0483302110748
137.18048494 -2.6584477365
133.556404496 -4.96506101598
129.728674833 -6.94041566463
125.719961161 -8.55839734697
121.560162152 -9.79580038073
117.286180595 -10.6336604111
112.940821591 -11.0584916641
108.570854708 -11.0632498121
104.224465955 -10.6478628196
99.9484826127 -9.81923647969
95.7858159798 -8.59073362715
91.7735075523 -6.98121860548
87.9416084157 -5.01382370223
84.3129321282 -2.71461653827
80.9035630616 -0.111328645311
77.7239137816 2.76773953262
74.7801106438 5.89457463126
72.0755264811 9.24205041943
69.6123461163 12.7842861451
67.3931231943 16.496792937
65.4223549266 20.3564403868
63.7081644652 24.3412680078
62.2642463935 28.4301514432
61.1123132741 32.6023114319
60.2854013549 36.8366219951
59.8325819467 41.1106261308
59.8259239262 45.399088459
60.3710076502 49.6717784257
61.6228876241 53.8899383135
63.8097939269 58.0004762924
67.2653390141 61.9262832707
72.4601168939 65.5504649118
79.9863579966 68.6935815466
90.3558866268 71.0933337618
103.411814047 72.4276397093
119.02350703 75.5729543213
134.356105109 74.1338528623
145.895176833 71.5792709604
153.803118198 68.3082410363
159.011358363 64.6072217641
162.354430167 60.651545792
164.411310181 56.5461982825
165.5582856 52.3563592553
166.038205135 48.1250151676
166.009589171 43.8826052388
165.577429788 39.6523727582
164.812030187 35.4534442479
163.760614903 31.3026864866
162.45463258 27.2158872962
160.914476397 23.2085497136
159.152640899 19.2964563624
157.175929049 15.496089263
154.987091445 11.824949405
152.586145007 8.30179499892
149.971537744 4.94679977317
147.141273948 1.78161930235
144.094074297 -1.17065725004
140.830607039 -3.88570012669
137.354782272 -6.33830962515
133.67504821 -8.50299251079
129.805568832 -10.3547567541
125.767107596 -11.8701087784
121.587411586 -13.0281973817
117.300908189 -13.8120033463
112.947608914 -14.2094358512
108.571257736 -14.2141815192
104.216930254 -13.8261712899
99.9284286396 -13.0515856491
95.7458719271 -11.902397289
91.703828941 -10.3955290993
87.8302038845 -8.55176143849
84.145915692 -6.39454283615
80.6652683996 -3.94884366827
77.3968257548 -1.24015477632
74.3445841994 1.70631214149
71.5092678527 4.86620577618
68.8896235274 8.21641016789
66.4836533183 11.7352412817
64.2897756637 15.4024981152
62.3079500562 19.1993986282
60.5408389525 23.1084233353
58.9951200883 27.1130788708
57.6831141545 31.1975805307
56.6249724477 35.3464354048
55.8518018549 39.5438825799
55.4103330811 43.773106553
55.3701369822 48.0150695188
55.8350900728 52.2466776212
56.9619714325 56.4377444703
58.990868836 60.5457200356
62.2937303896 64.5061960409
67.4432349696 68.2155677781
75.2674661894 71.5008773861
86.7020222486 74.0790162114
101.949093246 75.5527937761
121.180686064 78.7237278033
139.654265974 77.0638769984
152.268570761 74.246982135
160.166451985 70.7823412846
165.02166545 66.9695661955
167.969935496 62.96618004
169.685275611 58.8574431893
170.565314718 54.6930191826
170.851010112 50.5044298743
170.69308853 46.3135437714
170.188449238 42.1369291113
169.400589669 37.9882274056
168.371459689 33.8795331613
167.128588723 29.8222512971
165.689522448 25.8276687978
164.064683793 21.9073643665
162.259291778 18.0735226771
160.274713778 14.3391889602
158.109484908 10.7184815126
155.76014837 7.22676771897
153.222024259 3.88080001477
150.489985545 0.698800240342
147.559298729 -2.29952656763
144.42656582 -5.09307451756
141.090778257 -7.65954566212
137.554458035 -9.97581650433
133.824815514 -12.0184878377
129.914800976 -13.7646285228
125.843879176 -15.1926976449
121.638331452 -16.2835934467
117.330910012 -17.0217374343
112.959748458 -17.3960690376
108.56656633 -17.4008134991
104.194361774 -17.0359034816
99.8849139544 -16.3069841171
95.6764669185 -15.2250006225
91.6019188151 -13.8054372763
87.6877142276 -12.0673264389
83.9534811082 -10.0321649079
80.4123190332 -7.72286282499
77.0715646014 -5.16281766542
73.9338384041 -2.37516585927
70.9982018483 0.617771641569
68.2612996233 3.79485996612
65.718416046 7.13636249151
63.3644195545 10.6240257855
61.1946051985 14.2410677335
59.2054712032 17.9720945709
57.3954865539 21.8029659534
55.7659276577 25.7206198118
54.3218905858 29.7128607813
53.0736310454 33.768106888
52.0384628515 37.8750772948
51.2435852161 42.022386007
50.7304627626 46.1979760722
50.5618547996 50.3882726852
50.8334953363 54.5768230504
51.6941985412 58.7419608434
53.3816598034 62.8525304376
56.287773788 66.8595631771
61.0764903316 70.6791820413
68.8678847214 74.1566792204
81.325333544 76.9976685105
99.6451778139 78.6983336421
110.259592632 82.0672493608
139.048066766 80.8556161949
156.801806895 77.882803967
166.207827861 74.1145063801
171.248094479 70.0037781548
173.973785549 65.7338937525
175.366773661 61.3870782234
175.926065415 57.0057957072
175.923985292 52.6151789721
175.518299691 48.23213166
174.804566488 43.8694410751
173.842334557 39.537829441
172.669101338 35.2470772425
171.308160649 31.0066992948
169.773226028 26.8263939983
168.071271791 22.7163737124
166.204354546 18.6876316613
164.170841771 14.7521741919
161.966301103 10.92323223
159.584212588 7.21545592988
157.0166171 3.6450886014
154.254787206 0.230108368598
151.289990146 -3.00968212119
148.114398079 -6.05264633744
144.722181036 -8.87542178135
141.110786496 -11.4531885229
137.282360713 -13.7601427519
133.245199812 -15.7702109281
129.015040657 -17.4580168139
124.615932964 -18.8000733418
120.080407675 -19.7761167974
115.448708014 -20.3704433355
110.766997133 -20.5730664136
106.084678577 -20.3805092871
101.451195771 -19.7960913856
96.9128249261 -18.8296549249
92.5099777215 -17.4967829675
88.2753848472 -15.8176484559
84.2333024844 -13.8156796071
80.3996603098 -11.5162237041
76.7829198672 -8.9453505417
73.3853585378 -6.12887945154
70.2045192618 -3.09165911526
67.2346341508 0.142911357281
64.467908173 3.55315530701
61.8956166191 7.11922968573
59.509019276 10.8231179564
57.3001261446 14.6485418549
55.2623694107 18.5808206322
53.3912509479 22.6066976678
51.6850510431 26.7141461968
50.1457105383 30.8921582616
48.7800467813 35.1305131193
47.6015535798 39.4195115756
46.6332051788 43.7496479571
45.9120140334 48.1111653139
45.4967578478 52.4933879793
45.4817030937 56.8836155949
46.0223231795 61.2651088645
47.3865900238 65.6130617876
50.0646135386 69.8857134135
55.0187837441 74.0025135588
64.2577140726 77.784604753
81.7086747932 80.7903761502
134.827963219 84.5611208799
163.2542317 81.4465010621
174.094470682 77.3185002189
178.709884249 72.9032596774
180.761697917 68.3850998552
181.539478817 63.8274692774
181.588800601 59.2590877001
181.174171873 54.6961848897
180.436534569 50.1498162478
179.455822711 45.628756623
178.27896559 41.1408292348
176.933635464 36.6936049592
175.435503493 32.2948247663
173.792297251 27.9526941776
172.006180918 23.6761185419
170.075214083 19.4749132369
167.994291444 15.3600062509
165.755793909 11.3436414047
163.350095744 7.43958415659
160.766029779 3.66332622905
157.991392613 0.0322789179691
155.013563004 -3.43406293626
151.820301504 -6.71401410735
148.400790622 -9.78368848974
144.746954094 -12.6171359164
140.855052148 -15.1866862801
136.727479031 -17.4635620455
132.374588739 -19.4188062347
127.816258974 -21.0245365967
123.082808483 -22.255474708
118.214865744 -23.0906178371
113.261902858 -23.5148422663
108.27941266 -23.5201815531
103.325058589 -23.1065423083
98.4544345721 -22.281712874
93.7171969486 -21.0606630801
89.1542113358 -19.4642767053
84.7960525747 -17.5177526875
80.6628436558 -15.2489320043
76.7651522264 -12.6867631581
73.1055436834 -9.86004046785
69.6804044248 -6.79646818878
66.4817425411 -3.52204093125
63.4987891494 -0.0606938703264
60.7193245477 3.56583822286
58.1307247042 7.33801327402
55.720765944 11.2383767582
53.4782467594 15.251398622
51.3934946333 19.363280329
49.4588308854 23.561750265
47.6690750818 27.8358578165
46.0221901774 32.1757700313
44.5202113616 36.5725690689
43.1706857593 41.018042376
41.9890186014 45.5044484586
41.0024677633 50.0242247856
40.2572766955 54.5695704244
39.8321646931 59.1317579112
39.8657430748 63.6998305191
40.6175832181 68.2577766082
42.621376402 72.777418886
47.1329219481 77.1969256705
57.698045471 81.3382059573
85.3765781326 84.5042067351
108.845273689 87.9515232656
175.791392952 84.8608420269
185.631856416 80.2900660011
188.160830257 75.5906426428
188.696785542 70.8651661113
188.405417208 66.1383673793
187.681115503 61.4211047278
186.691041217 56.7203703579
185.515801339 52.0418981302
184.196996371 47.3910878271
182.756340494 42.7734247383
181.204343949 38.1947217678
179.54461915 33.6612952938
177.776158541 29.1801190946
175.894597277 24.7589766497
173.892938661 20.4066223693
171.761987666 16.1329576961
169.49063104 11.9492251795
167.066053003 7.86822102511
164.473954427 3.90452336105
161.698837575 0.0747287727771
158.7244213 -3.60231718017
155.534258114 -7.10531942928
152.112629497 -10.4103997055
148.445791361 -13.4910822819
144.523616677 -16.3184683025
140.341622977 -18.861680548
135.903266987 -21.0886610983
131.222236882 -22.9673815213
126.324301931 -24.4674679426
121.248155448 -25.5621484737
116.044705716 -26.2303127017
110.77451052 -26.458370164
105.503504389 -26.241558898
100.297688489 -25.5844251097
95.217807272 -24.5003652922
90.315040716 -23.0103345513
85.6283935779 -21.1409970626
81.1839434686 -18.9226672309
76.9956521498 -16.3873564934
73.0671977416 -13.5671389112
69.3942621114 -10.4929307286
65.9668293047 -7.19368339451
62.7712214309 -3.69593133492
59.7917510562 -0.0236122318951
57.0119758655 3.80192225253
54.4156016071 7.76177484161
51.9871049286 11.8393030965
49.7121524943 16.0198891697
47.5778879585 20.2907030964
45.5731517833 24.6404741098
43.6886959335 29.0592775643
41.9174609602 33.5383403217
40.2550035516 38.0698641653
38.7002110687 42.6468642107
37.2565440868 47.2630164595
35.9342754665 51.9125041202
34.7547166337 56.5898427896
33.7587210769 61.2896412254
33.0253566853 66.0061895465
32.718153384 70.7325582396
33.2211293576 75.4580748631
35.6598880612 80.1587417008
45.0815150676 84.7371702266
217.652779379 87.5255858891
204.517945205 82.7517226923
200.698560857 77.9204302475
198.227491106 73.0877195545
196.191590049 68.262731837
194.337676772 63.4504231629
192.564728801 58.6549514742
190.822134101 53.8803982791
189.079724507 49.1310259431
187.316686621 44.4114194263
185.516755394 39.7265969179
183.665859425 35.0821166078
181.750840148 30.4841910326
179.758685233 25.9398153347
177.676027914 21.4569139245
175.488796398 17.0445092006
173.181960449 12.7129152915
170.73935664 8.47395872677
168.143596669 4.34122604532
165.37608229 0.330335012771
162.417169415 -3.54077941707
159.246543943 -7.25158194882
155.843891547 -10.7786869848
152.189957882 -14.0956898893
148.268094246 -17.17314952
144.066349805 -19.9788154872
139.580083227 -22.4782111747
134.814905389 -24.6356822269
129.789534367 -26.415982169
124.537896416 -27.7863759362
119.109660862 -28.7190977056
113.568509493 -29.1938327525
107.98791057 -29.1997715137
102.444907296 -28.736786383
97.0131339825 -27.8154461549
91.7565691921 -26.455864468
86.7252523886 -24.6856615988
81.953492967 -22.5374870529
77.4603573627 -20.0465564649
73.2517418777 -17.2485368738
69.3232181852 -14.1779479234
65.6629799103 -10.8671010971
62.2544653193 -7.34550681982
59.078462954 -3.63964011362
56.1146700568 0.227046494049
53.342763485 4.23395681273
50.7430777991 8.36310219563
48.2969872015 12.5988186306
45.9870739844 16.9274804682
43.7971465576 21.3372285968
41.7121500934 25.8177220966
39.7179938095 30.3599168045
37.8012998201 34.9558708439
35.9490557766 39.598575244
34.1481196066 44.2818067058
32.3844629363 48.9999988789
30.6419102989 53.7481276891
28.8998276626 58.5216044613
27.1284189882 63.3161656327
25.2779160894 68.1277325702
23.2495169965 72.9521599904
20.7974905052 77.7845393771
17.0477499717 82.6159855455
4.71382662203 87.3950719867
291.870489762 86.5290673745
234.921570398 84.0379880665
217.487954769 79.6390907616
209.810002495 74.9237839806
205.124406403 70.1229031852
201.691173578 65.294328891
198.883015911 60.4605473971
196.419017878 55.633442395
194.152988895 50.8210006148
191.99955833 46.0296672695
189.903797776 41.2653533031
187.827134016 36.5339501027
185.74016777 31.8416456304
183.618712672 27.1951587068
181.441453705 22.6019440542
179.188473079 18.0703949363
176.840269426 13.6100588825
174.377078926 9.23187634454
171.778403853 4.94844853916
169.022712184 0.774337265444
166.087313293 -3.27360524428
162.948450108 -7.17588574903
159.581682118 -10.91001957
155.962665962 -14.4502185627
152.068464499 -17.767180146
147.879515542 -20.8280709713
143.382341315 -23.5968318429
138.572943857 -26.0349542039
133.46058177 -28.1028720774
128.071273238 -29.7620489272
122.450021303 -30.9776940432
116.660621401 -31.7218257439
110.782233284 -31.976172592
104.902762116 -31.7342842314
99.110222273 -31.0023182265
93.4840750829 -29.7982889552
88.0885427228 -28.1499828846
82.9690978979 -26.0920685796
78.1522001898 -23.6630304021
73.6474760239 -20.9024393601
69.4512037911 -17.8488495387
65.5500932657 -14.5383899968
61.9246951193 -11.0039751383
58.5521284431 -7.27499039621
55.4080668617 -3.3773025968
52.4680621575 0.66653236444
49.708336134 4.83695892578
47.106171977 9.11707167703
44.640012599 13.4922643515
42.2893411951 17.9498992075
40.03438526 22.4790063329
37.8556500631 27.0700149546
35.7332465008 31.7145140631
33.6459208064 36.4050361832
31.5695982913 41.1348545599
29.475074046 45.8977784836
27.3241137256 50.6879203734
25.0623988351 55.4993830904
22.6057210499 60.3257535306
19.8102992067 65.1591166198
16.400843897 69.9877613055
11.7656581462 74.789689871
4.22062415142 79.5088326479
347.293703536 83.9249480193
268.498809606 83.4143866266
238.309734853 80.3986020253
223.640084357 76.2008920158
215.359179901 71.6193491724
209.849351569 66.8879346928
205.722920223 62.0905442115
202.364247259 57.2647464146
199.46211894 52.4308100465
196.841781878 47.6016035312
194.396169741 42.786574952
192.054466257 37.9935855341
189.766380506 33.2298663059
187.493666138 28.5025856938
185.205237824 23.8192372252
182.874186678 19.1879462985
180.475851998 14.6177475515
177.986511003 10.1188624177
175.382453657 5.7029954218
172.639323418 1.38366122472
169.731676034 -2.82345092317
166.632761534 -6.90007513693
163.314582072 -10.8249388112
159.748325922 -14.5733294426
155.905324994 -18.1167069457
151.758719481 -21.422443922
147.286013956 -24.4538199037
142.472631049 -27.1704420048
137.316354732 -29.5292953417
131.832163519 -31.4866085922
126.056423017 -33.0006098474
120.048937199 -34.0350170011
113.891319408 -34.5627859457
107.680890328 -34.5693534751
101.520800084 -34.0545462734
95.5086391109 -33.0326046489
89.726491625 -31.5303138346
84.2347269224 -29.583783481
79.0702665681 -27.2347015134
74.2485634523 -24.5268303879
69.7677615763 -21.5032304805
65.6135281961 -18.2043733205
61.7635144422 -14.6670735922
58.1909330806 -10.9240559124
54.867138129 -7.00395268392
51.7633091179 -2.93155955189
48.8514235782 1.27177870263
46.1047019508 5.58773524329
43.4976733822 10.0005705113
41.0059639121 14.4967292243
38.6058608952 19.0644748885
36.2736600943 23.6935618319
33.984749154 28.3749382431
31.7123106866 33.1004683519
29.4254161657 37.8626554266
27.0860800767 42.6543364153
24.6444474789 47.4682975694
22.0304512356 52.2967140204
19.1383733882 57.1302087702
15.7960508617 61.9560555055
11.6976956115 66.7542913817
6.24038007049 71.488088167
358.070558354 76.0756639169
343.672336654 80.2904683461
314.080794533 83.3616863187
291.192046114 81.2741450548
259.772803087 79.9635209436
239.181704483 76.7380698569
226.851825264 72.6379830301
218.853530126 68.1558393163
213.135289796 63.4913416143
208.703680559 58.7334558268
205.046186134 53.9273244346
201.876435494 49.0988907227
199.022054132 44.2649186282
196.372053271 39.4375256406
193.850348219 34.6264457399
191.401526922 29.8402725228
188.982733806 25.0872151859
186.55877954 20.375614237
184.099035351 15.7143408802
181.57535687 11.113147628
178.960627827 6.58301031328
176.227699385 2.1364874649
173.348609977 -2.21188544603
170.294044117 -6.44515618499
167.033048808 -10.5434678152
163.533085375 -14.4835326208
159.760558603 -18.2380982621
155.682031738 -21.7754687424
151.266388644 -25.0591900233
146.488203252 -28.0480717224
141.332449978 -30.6967813309
135.80034441 -32.957285862
129.915483743 -34.7813734545
123.728660314 -36.1242980229
117.319139224 -36.9492238318
110.790454014 -37.2316873564
104.260313867 -36.9629739205
97.846606593 -36.1514019536
91.6533503654 -34.8210969541
85.76047294 -33.008654409
80.2194607149 -30.7586901076
75.054522975 -28.1193838921
70.2673470595 -25.1388100258
65.8432291206 -21.8623879143
61.7569349796 -18.3314168492
57.9774424082 -14.5824648028
54.4713424373 -10.6473361382
51.205027974 -6.55338036723
48.1459286373 -2.3239689066
45.2630539669 2.02097134298
42.5270551207 6.4644311326
39.9099486035 10.9918297088
37.3845813875 15.5905737319
34.9238575621 20.2496619696
32.4996866938 24.9593252435
30.0815411108 29.7106843114
27.634401745 34.4954000161
25.1156896704 39.3052760591
22.4704415049 44.1317479133
19.6233141641 48.9651361694
16.4645877575 53.7934224545
12.8241654946 58.6000272454
8.4200190271 63.3593705785
2.74850979628 68.0270872843
354.835585218 72.5160536855
342.671643042 76.6313928448
322.379230582 79.8928810137
277.7269273 78.4543815249
254.97071065 76.4292397254
239.220795524 73.0727846487
228.623251993 69.0187093881
221.122423434 64.6043701868
215.461609965 59.9947001646
210.933640548 55.2745172245
207.130826409 50.4912419978
203.806200287 45.6738445853
200.801891372 40.8416699238
198.011466129 36.0088430015
195.359293201 31.1866343094
192.788699978 26.3848311581
190.254849253 21.6126036331
187.720248901 16.879108838
185.151782289 12.1939633172
182.518645491 7.56765822795
179.790844614 3.01196378682
176.938059335 -1.45964547451
173.928775541 -5.8315222357
170.729662416 -10.0853198999
167.305236333 -14.1994030088
163.617927809 -18.148205295
159.62875449 -21.9015730864
155.298898173 -25.4241759201
150.592560444 -28.6751326513
145.481463898 -31.6080889697
139.951155195 -34.1720730026
134.008702115 -36.3134997068
127.690389399 -37.9796031375
121.066848244 -39.1232498864
114.242453859 -39.7085133162
107.346816276 -39.7157638046
100.519094773 -39.1447655958
93.8893391331 -38.0147158578
87.5626701942 -36.361211797
81.6105734467 -34.2311904518
76.0701224982 -31.6773489796
70.9490070641 -28.7533027238
66.2332013616 -25.5101172026
61.8946824087 -21.9942718934
57.8977748962 -18.2467814482
54.2036957414 -14.3031037894
50.7734456858 -10.193506482
47.5694127869 -5.94365317783
44.5560635932 -1.57525994538
41.7000222553 2.89326170087
38.9697428548 7.4462136271
36.3348931819 12.0700829967
33.7654940933 16.7530724924
31.2307915523 21.4846742569
28.6977664343 26.2552653512
26.1290914477 31.0556935132
23.4801939528 35.8768072463
20.6948206678 40.7088567435
17.6980109111 45.5406379103
14.3844290414 50.3581403371
10.5980625171 55.1422203625
6.09521783646 59.8642766264
0.47421089663 64.477604045
353.039131543 68.8988656849
342.553133795 72.9663479976
326.981540841 76.3493858664
304.41796541 78.4230097364
291.026090548 76.2076966843
269.327617551 75.3115828788
251.744536324 72.8608454411
238.91295165 69.4061866406
229.613370829 65.3707669971
222.628547355 61.0012934594
217.136284781 56.4340276074
212.623456334 51.7465163228
208.76837267 46.9855056554
205.362983027 42.1811064966
202.267257115 37.3541269914
199.382787291 32.5200443607
196.637207386 27.6912791129
193.974698355 22.8785826701
191.349982737 18.0919500549
188.724365497 13.3412772243
186.063002395 8.63688723245
183.332920634 3.9900005958
180.501513296 -0.58680039111
177.535349888 -5.07907762743
174.399229529 -9.46998641843
171.055475312 -13.7396487031
167.463545252 -17.8644422373
163.580130234 -21.8162175337
159.360029638 -25.5614902441
154.758233054 -29.0607177428
149.733748405 -32.2678630306
144.255692812 -35.1305747339
138.311802052 -37.5914381665
131.918574204 -39.5907943015
125.130685923 -41.0714351049
118.045665117 -41.984925423
110.799493193 -42.298423401
103.551344675 -42.0000981869
96.4606895991 -41.1012420795
89.6642936893 -39.6342538031
83.2607125419 -37.6472797883
77.3056350409 -35.1974026845
71.8163837061 -32.344290076
66.7812689216 -29.1454538324
62.1697502486 -25.6533881543
57.9410000181 -21.9142865558
54.0500534886 -17.9678420395
50.4516863708 -13.8476729806
47.1025323022 -9.58204266956
43.9619822528 -5.19466667405
40.992297587 -0.705497395774
38.1582307137 3.86856300412
35.4263263803 8.51303375809
32.7639811494 13.2153030226
30.1382614405 17.9641327851
27.5144086843 22.7491943083
24.8538765758 27.5605986459
22.1116261149 32.3883730015
19.232210265 37.2218085297
16.143842064 42.0485572599
12.7490270053 46.8532622418
8.90920497718 51.6153167714
4.41875069069 56.3049574866
358.960055535 60.8760622666
352.026827343 65.2522509296
342.807346428 69.2994927296
330.094399757 72.7751374757
312.651813318 75.2614572393
281.332709893 73.5351403251
263.60027635 72.0083420913
249.32490559 69.2734740918
238.448507535 65.738875143
230.149296709 61.7069146514
223.642287088 57.3664675232
218.360138097 52.8312017961
213.921199996 48.1708534745
210.070135203 43.4300377801
206.632692098 38.6388124959
203.486263217 33.818625371
200.5414021 28.9857642925
197.730174552 24.1534476488
194.998660496 19.3331619662
192.301976893 14.5355785407
189.600845238 9.77123760716
186.859114531 5.05111314386
184.041880606 0.38713117807
181.113984087 -4.20730712414
178.038763678 -8.71675809943
174.777016135 -13.1230919211
171.28618898 -17.4047480651
167.519924613 -21.535877943
163.42820133 -25.4853877411
158.958488016 -29.215942711
154.058533022 -32.6830797355
148.681572436 -35.8347107911
142.79468113 -38.6114818695
136.390357382 -40.9486259185
129.499839339 -42.7799673541
122.204140422 -44.0443602069
114.636621032 -44.6938942258
106.971677995 -44.701911622
99.3996208426 -44.0680888858
92.0955746702 -42.8185019527
85.1940903411 -41.0006463565
78.7774674015 -38.6754576125
72.8780410036 -35.9090811801
67.4890904897 -32.7663787153
62.5781591912 -29.306865581
58.0987075009 -25.5828134027
53.9985455212 -21.6388634107
50.2251101024 -17.5125088537
46.7283027608 -13.2349772236
43.4616759768 -8.832225726
40.3825932838 -4.32590051798
37.4517846718 0.265803097255
34.6325464296 4.92739339886
31.8897067594 9.64543636179
29.1883852938 14.4079868274
26.4924997276 19.2040648762
23.7628984886 24.0231381722
20.9549048081 28.8545594384
18.0149180228 33.6868870135
14.8754912038 38.5069769111
11.4479225756 43.298660687
7.61075444129 48.0406828231
3.19153183163 52.7033010295
357.937737921 57.2424320753
351.472056894 61.5892599841
343.233162548 65.6317195906
332.441500467 69.1835945445
318.269265176 71.9460590684
300.618917891 73.5124067052
290.949838755 71.2747058807
274.188659811 70.584809582
259.401394357 68.6137228222
247.388539173 65.673074379
237.916582404 62.0706927154
230.409873849 58.033602826
224.329759036 53.7113973801
219.26757046 49.200030765
214.932390229 44.5618780194
211.119240853 39.8388067614
207.681821142 35.0601177239
204.513129155 30.2473320287
201.532410951 25.4171348603
198.676438697 20.583250583
195.893602382 15.7576970085
193.139798767 10.9516804336
190.375461224 6.17628946788
187.563309798 1.44308833408
184.666552027 -3.23532111978
181.647365573 -7.8447162831
178.465568545 -12.3686059325
175.07745245 -16.7874794983
171.434835286 -21.0779218426
167.484509534 -25.2115759801
163.168435234 -29.1539679105
158.425278815 -32.8632733477
153.194205618 -36.2892279177
147.422078319 -39.3725808669
141.075066827 -42.0457586165
134.154537486 -44.2356405676
126.714353988 -45.8692957826
118.872777827 -46.8827970777
110.809760963 -47.2316479877
102.744011209 -46.8995888825
94.8947371688 -45.9021390838
87.44318315 -44.2832138879
80.5092144692 -42.1064049407
74.1481554586 -39.4445480086
68.3624457194 -36.3708447033
63.1189068932 -32.9530481237
58.3647146082 -29.2506244811
54.0391212066 -25.3140501057
50.0807512924 -21.1853378206
46.4314627082 -16.8991195731
43.0379281237 -12.4838794817
39.8518526634 -7.96313188982
36.8294352491 -3.35646246015
33.9304290204 1.31958296451
31.1169791215 6.0507446751
28.3522977603 10.8243992087
25.5991533769 15.6289752337
22.8180816288 20.4533918073
19.9651515627 25.2864669407
16.9890208887 30.1162278763
13.8268648962 34.9290235763
10.398530842 39.7082835319
6.59791356103 44.4326651018
2.28005194022 49.0731485097
357.241958321 53.5883162442
351.195574009 57.9165252023
343.735920565 61.9630097459
334.3275631 65.5800212042
322.39253499 68.5429602631
307.678876107 70.5457518445
283.27415319 68.6916715851
268.753463552 67.4583583268
256.154629493 65.1606885333
245.776197006 62.0623945639
237.364254247 58.4013132727
230.500635849 54.3543450256
224.797905935 50.0431098445
219.95120248 45.5495652981
215.733690005 40.929492228
211.978639999 36.221838112
208.562422176 31.4547596734
205.391469403 26.6494787509
202.392936941 21.8227753647
199.508117121 16.9886488519
196.687755431 12.1594762114
193.888633028 7.34687240862
191.070973091 2.5623839793
188.196368771 -2.18189487112
185.226028422 -6.87271770713
182.119205157 -11.4950386823
178.831738816 -16.0312737739
175.314706506 -20.4604240448
171.513274853 -24.7570194538
167.366002313 -28.889857186
162.805090088 -32.820549167
157.758455448 -36.5019841573
152.154974411 -39.8769862561
145.934604688 -42.8777469004
139.064765616 -45.4270016976
131.562255527 -47.4422333544
123.515237349 -48.8439419649
115.093826568 -49.567622301
106.536406615 -49.5765306399
98.1086813228 -48.8702156205
90.0502744465 -47.4846298675
82.5332350144 -45.4837636391
75.6476620363 -42.9469160969
69.4118426514 -39.9566527475
63.794118498 -36.5904327872
58.7348939246 -32.9163175054
54.1631722503 -28.9917364068
50.0068180535 -24.8640265235
46.1978972583 -20.5717637926
42.674809497 -16.1463007344
39.382571267 -11.613222958
36.2721343394 -6.9936160054
33.2992455419 -2.30512639709
30.4231010927 2.43715770275
27.6048916042 7.21996493479
24.8062359242 12.0311920018
21.9874335162 16.8592988761
19.1054041578 21.6926940337
16.1111129131 26.5190442282
12.9461814091 31.3244204895
9.5382474886 36.0921505598
5.79444431609 40.8011756702
1.59215058791 45.4235869474
356.766069896 49.9208175228
351.091318857 54.2376755554
344.265420452 58.2931092063
335.902981016 61.966833815
325.584948239 65.0836793784
313.048218977 67.40732246
298.56988571 68.6736446881
290.905280775 66.4308407393
277.14666637 65.8653499484
264.486478 64.2136764938
253.546257525 61.6667085816
244.400452932 58.4428881456
236.818792739 54.7304370312
230.487877986 50.6711987085
225.118583869 46.3661228897
220.476812509 41.8859732009
216.382058127 37.2807466549
212.696867989 32.5865219734
209.315889339 27.8301210824
206.156899955 23.0322300423
203.154011613 18.2095077598
200.252631912 13.3760498034
197.405704354 8.54445032937
194.57082646 3.72662267323
191.707942975 -1.06551184514
188.777392028 -5.81938713158
185.738143979 -10.5211435734
182.54612329 -15.1549099604
179.152555578 -19.7019595282
175.502353583 -24.1396822274
171.532675726 -28.44031744
167.172003692 -32.5694079883
162.340451991 -36.4839890101
156.952598062 -40.1306529525
150.924866138 -43.443892782
144.190040946 -46.3455737022
136.720738175 -48.7469740036
128.559703051 -50.555214755
119.846520452 -51.6852212305
110.821839117 -52.0757271706
101.793281347 -51.7039195984
93.0693509891 -50.5915740627
84.8928889467 -48.799192734
77.406012939 -46.4114828122
70.6535480048 -43.5213057613
64.6094373808 -40.2175855809
59.2071179399 -36.5787528609
54.3632063777 -32.6706199466
49.9922162294 -28.5468669497
46.014083305 -24.2506838729
42.3570791213 -19.8167053389
38.9581636857 -15.2728273397
35.7620828606 -10.641760289
32.7199345882 -5.94230280789
29.7875572431 -1.19037467133
26.9238776832 3.60013548276
24.0892349704 8.41664977486
21.2436234347 13.2472514936
18.3447467323 18.0800490284
15.3457241502 22.9024896713
12.1922290013 27.7005441453
8.81875872127 32.457653409
5.14363926075 37.1532790038
1.06228490312 41.7608167903
356.438292614 46.2445108521
351.092528725 50.5548438418
344.792503577 54.6217581965
337.2504561 58.3453044448
328.152688936 61.5849161767
317.264088592 64.1536047904
304.646744087 65.8331973471
284.507206447 63.9031781913
272.191176612 62.8643045544
261.046102875 60.8850415174
251.393295053 58.1418873049
243.209507035 54.8154419677
236.297311427 51.0578609535
230.415567398 46.9854788605
225.342040232 42.6835079443
220.892563903 38.2136415742
216.920869413 33.6208434453
213.3121493 28.9384796029
209.97579271 24.1919640924
206.839070046 19.4013029411
203.842093447 14.5828818782
200.933895085 9.7507553051
198.069353531 4.91761767122
195.206710806 0.0955843671759
192.30546593 -4.70312522842
189.324473808 -9.4655296711
186.220115058 -14.1771884561
182.944437468 -18.8214032612
179.44321535 -23.3782500195
175.653952237 -27.8233674973
171.504006541 -32.1264255079
166.90931943 -36.2492128889
161.774774169 -40.1433543685
155.998121369 -43.7478485837
149.480604462 -46.9870141748
142.14822517 -49.7701268988
133.985911225 -51.9949233727
125.079210892 -53.5575341569
115.643757831 -54.3697525827
106.012690888 -54.3797350235
96.5681957227 -53.5868350979
87.6456138262 -52.0418028259
79.4638007901 -49.8322207294
72.1112181494 -47.0618195849
65.5747363993 -43.8330553654
59.7813318347 -40.2369966013
54.6325472587 -36.3496947524
50.0260593562 -32.2324832551
45.866514863 -27.9340095642
42.0695762078 -23.4926967054
38.5623400893 -18.9390343457
35.2820900377 -14.2975005298
32.1744296365 -9.58810221622
29.1912855853 -4.82759361794
26.2889654272 -0.0304491228394
23.4262980723 4.7903347368
20.5628048566 9.62254071973
17.6568028148 14.4540728471
14.6633067535 19.2722751838
11.5315600926 24.0631549613
8.20198156672 28.8104181589
4.60227148774 33.4941916573
0.642407122627 38.089252639
356.208362694 42.5625101381
351.154857367 46.8693956087
345.298846821 50.9487769181
338.41904359 54.7162116253
330.274256883 58.0563343767
320.664386656 60.8179801168
309.55892265 62.8210393807
297.267623397 63.8881611511
290.875556294 61.6381926255
279.163009901 61.157139993
268.124451558 59.7341217808
258.212938289 57.4937254592
249.582815191 54.5925219064
242.171016856 51.1806934833
235.811433552 47.3835063349
230.314365236 43.2981300011
225.504801601 38.9974955589
221.234851923 34.5358515252
217.384058907 29.9537868268
213.855334006 25.2821521877
210.570001422 20.5449489846
207.463245432 15.7614197325
204.480293348 10.9475703718
201.573297062 6.11730770194
198.698760013 1.28332894036
195.815337088 -3.54213426714
192.881846648 -8.34663723923
189.855351765 -13.1168403681
186.689185469 -17.8377577591
183.330816621 -22.4918650318
179.719493204 -27.0579833549
175.78369015 -31.5098417387
171.438591647 -35.8142091822
166.58426921 -39.9285036608
161.106061792 -43.7978758552
154.880126323 -47.3520338119
147.789113066 -50.5026877807
139.754091888 -53.1436034407
130.78506212 -55.1566094247
121.037317642 -56.4270740358
110.836625461 -56.8685791353
100.63023129 -56.4481044806
90.8670206172 -55.1971737308
81.8766360201 -53.2011988639
73.8184317819 -50.5744593201
66.7052945675 -47.4352743846
60.4597860596 -43.8902743439
54.9650345202 -40.0282009578
50.0971173404 -35.9197551978
45.7410583929 -31.6201188157
41.7965571286 -27.1721288952
38.1784516986 -22.6092054616
34.8149282079 -17.9577560058
31.6450098867 -13.239055192
28.6160021628 -8.4706917526
25.6811307811 -3.66769103974
22.7974033212 1.15658844035
19.9236324213 5.98970125215
17.0185180208 10.8194324604
14.0386639745 15.6331200772
10.9363866396 20.4169140595
7.65715514552 25.1548921921
4.13649097697 29.8279313353
0.29617230497 34.4121982152
356.039700357 38.8770778179
351.24734383 43.1823102635
345.772015833 47.2741006596
339.439384261 51.0801237094
332.059801155 54.5039627518
323.465623606 57.4211473855
313.589402645 59.6820280855
302.577831161 61.1297617672
285.374696513 59.140866797
274.67689974 58.2420476361
264.741618331 56.5054673925
255.842394754 54.0535556922
248.041977002 51.0228082883
241.264140851 47.5391851494
235.369750007 43.7074323734
230.20674376 39.6099355461
225.634488788 35.3098403987
221.532115136 30.855209373
217.798981973 26.2828202612
214.352027306 21.6212140358
211.122292324 16.8930122573
208.051557095 12.1166493545
205.089379025 7.30767613382
202.190548794 2.47976739705
199.312872665 -2.35446079089
196.415156197 -7.18273986248
193.455256479 -11.9924720164
190.388069117 -16.7700207628
187.163316967 -21.4998974348
183.723015084 -26.1637597676
179.99851906 -30.7391176074
175.907166717 -35.1976135192
171.348793253 -39.5027221426
166.203031914 -43.6067214626
160.329642722 -47.4469092192
153.576545429 -50.941439971
145.803623182 -53.9861398992
136.931978084 -56.4554750657
127.019581044 -58.212906303
116.334063469 -59.135135762
105.355069871 -59.1464699503
94.6560727764 -58.2459467855
84.7208665283 -56.5077125195
75.8226347674 -54.0543486679
68.0236951822 -51.0224290989
61.2474918033 -47.5379319579
55.3546911884 -43.7055874437
50.1931390745 -39.6077513383
45.622171087 -35.3075368488
41.5209184507 -30.8529759906
37.7887558104 -26.2808196631
34.3426415747 -21.6195854399
31.1136378683 -16.8918744225
28.04354448 -12.1161028774
25.0819369139 -7.30780516726
22.1836225533 -2.48064089333
19.3064235525 2.35278821887
16.4091613343 7.18022739833
13.4497098175 11.9890923875
10.3829836434 16.7657602937
7.15872852106 21.4947564775
3.71898829124 26.1577536556
359.995156043 30.7322783862
355.904619321 35.1899928548
351.347279255 39.4943960048
346.202854432 43.5977973673
340.331208485 47.437536818
333.580369402 50.9318250547
325.810292733 53.9765593071
316.942035757 56.4462841028
307.033300471 58.2045219971
296.351184835 59.1279781833
290.853950045 56.8622713597
280.649240388 56.4433024247
270.886622215 55.1939302108
261.895882893 53.1994117259
253.83668832 50.5739203749
246.722238863 47.4357254212
240.475326195 43.8914487911
234.97921513 40.0298472069
230.110049611 35.9216464246
225.752876948 31.6220552124
221.807396775 27.1739364508
218.188436352 22.6107335713
214.824166519 17.9588749774
211.653594188 13.2396540648
208.624008854 8.47067653813
205.688621107 3.66698336503
202.804423992 -1.15805234033
199.930215722 -5.9919712484
197.024681155 -10.8225449834
194.044407354 -15.6370983124
190.941690739 -20.4217678424
187.661975393 -25.1606174987
184.140749893 -29.8345091683
180.299747848 -34.4195925423
176.042409195 -38.8852320029
171.248918534 -43.1911411272
165.772076715 -47.2834889755
159.437412378 -51.0898998615
152.055133191 -54.5138873937
143.457515197 -57.4308913534
133.577228868 -59.6911661534
122.561444523 -61.1378077739
110.855624459 -61.6446972776
99.1409711033 -61.1618211681
88.1019853271 -59.7369414324
78.1913755754 -57.4948612063
69.5629041614 -54.5922743187
62.1530171003 -51.1793987102
55.7953113705 -47.3814845935
50.2999514636 -43.2956650036
45.4918849911 -38.9948310012
41.2232249007 -34.5331945089
37.3735362499 -29.951313059
33.8457581803 -25.2800108753
30.5612421327 -20.5432668015
27.4551971124 -15.7603038218
24.4728723125 -10.94711053
21.56643908 -6.11757792134
18.6924186167 -1.2843884576
15.80948276 3.54024031243
12.8764670097 8.34387747551
9.85045290442 13.1131971807
6.68479464476 17.8332276353
3.3269866379 22.486459365
359.716308889 27.0517298894
355.781277323 31.502786944
351.437128774 35.8064219694
346.584001023 39.9200809655
341.107311927 43.7889505832
334.883301143 47.342785162
327.794680635 50.4933523976
319.762511181 53.1344823707
310.796641662 55.1480606428
301.052024879 56.4194776006
286.029858967 54.3742123484
276.586437026 53.5827303948
267.664053877 52.0391022593
259.481742013 49.8307932989
252.128215352 47.0614602533
245.590573186 43.8335268649
239.795954593 40.2380589247
234.645999488 36.351121643
230.038433153 32.2340694292
225.877920402 27.9355726265
222.080124604 23.4940765211
218.572134726 18.9400914478
215.291222737 14.2981143473
212.182979365 9.58816945645
209.199318302 4.82702691393
206.296534269 0.0291759557849
203.43344339 -4.7923728647
200.569553753 -9.62538888905
197.663167873 -14.4577631128
194.669283584 -19.2768267354
191.537123172 -24.0685739861
188.20707759 -28.8166972664
184.606809076 -33.5013086023
180.646241224 -38.0971678843
176.21127151 -42.5711624745
171.156509717 -46.8786945719
165.298760321 -50.9585901467
158.416543572 -54.7263450539
150.268471882 -58.0665049259
140.654365053 -60.827788469
129.543987261 -62.8299692852
117.247939267 -63.8956507431
104.484124387 -63.9087786695
92.1668039496 -62.8678378839
81.0223706003 -60.8866280767
71.3713769918 -58.1418421347
63.1898436805 -54.8141471272
56.2798917369 -51.0556848575
50.4001773139 -46.9827443418
45.3284072311 -42.6804873878
40.8804237891 -38.2105623936
36.9099909543 -33.6178957607
33.3023395545 -28.9358231259
29.9668947455 -24.1897334924
26.8309583784 -19.3996117744
23.8346694158 -14.5818253654
20.927083012 -9.75041224659
18.0630978981 -4.91805172547
15.2009745175 -0.0968448512806
12.300229663 4.70100291795
9.31973648587 9.46252397363
6.21589555665 14.1732919064
2.94077772092 18.8166231567
359.440185078 23.3726096229
355.651655519 27.816907978
351.502590237 32.1192089109
346.908982863 36.2413264819
341.775777991 40.1349166831
336.000790578 43.7390171384
329.48531562 46.9779938832
322.15536236 49.7611760458
313.995775543 51.9863507535
305.091887656 53.5496784238
295.658991561 54.36293813
290.837248526 52.0696600652
281.810070124 51.6991042031
273.08677547 50.5880668269
264.91026539 48.7969359937
257.422827971 46.4103314235
250.669486314 43.5210626485
244.62435168 40.2180328733
239.220978462 36.5796731999
234.376054079 32.6718085084
230.004128398 28.5481369545
226.025151481 24.2518682815
222.367396229 19.8176566284
218.967817159 15.2734164747
215.771151333 10.6418754729
212.728486498 5.9418482842
209.795650347 1.18926967721
206.931558825 -3.60195758338
204.096539675 -8.41924218494
201.250574973 -13.2506545116
198.351354295 -18.0842904065
195.351979645 -22.9075847679
192.198101766 -27.7064957823
188.824187039 -32.4644512559
185.148516965 -37.1608981502
181.066440426 -41.7692148948
176.441456772 -46.2536227774
171.094287059 -50.564571905
164.792232369 -54.631955089
157.247257478 -58.3557452179
148.145390193 -61.5952586035
137.251467643 -64.1633524897
124.628177902 -65.8417158022
110.881608801 -66.4374989629
97.1202804979 -65.8697628868
84.4601333251 -64.2158486848
73.5218318285 -61.6669521285
64.3787094905 -58.4416401696
56.7997717597 -54.7281288735
50.4713026713 -50.6682036403
45.1040939323 -46.3627487987
40.4640648547 -41.8824713698
36.3707595352 -37.2773232234
32.68677933 -32.5833477021
29.3068199281 -27.8273386426
26.1486997017 -23.0299591611
23.1465637712 -18.2078487494
20.2458472616 -13.3750859324
17.3995169097 -8.544249376
14.5651905986 -3.72723789166
11.7028318478 1.0640411997
8.77279716856 5.81703563996
5.73407609219 10.5178998293
2.54261426921 15.1507771163
359.149661853 19.6969562948
355.500160872 24.1338444663
351.531305117 28.4337005501
347.171618562 32.5620903214
342.341264275 36.4760765167
336.954870544 40.1222850297
330.928904407 43.4352486579
324.196165194 46.3368773589
316.729224219 48.7384935443
308.570690866 50.5472501253
299.859913465 51.6780750038
286.551743475 49.5711578333
278.124967518 48.8660252396
270.066892633 47.4816273755
262.54965704 45.4818638939
255.663508763 42.9459689141
249.426888309 39.956471294
243.808261956 36.5908169077
238.748120504 32.917069449
234.175519903 28.9926698478
230.01835251 24.8649709036
226.208695736 20.572565857
222.684950889 16.1468245833
219.392130643 11.6133494181
216.281180088 6.99324176211
213.307837982 2.30416310464
210.431291786 -2.43878423885
207.612722841 -7.2223154705
204.81373999 -12.0343144556
201.994631381 -16.8632288155
199.112303146 -21.6974550307
196.117702756 -26.5246480368
192.952427716 -31.3308669368
189.544081083 -36.0994269324
185.799743861 -40.8092551732
181.596714312 -45.4324254284
176.769569966 -49.9303469343
171.093230053 -54.2477913409
164.264918631 -58.3036468025
155.898835645 -61.9775278365
145.575534641 -65.094104088
133.031979935 -67.4168427566
118.546550711 -68.6814770365
103.245884612 -68.6971576003
88.7239991268 -67.4612887945
76.1270171177 -65.161330028
65.7518004108 -62.0612477411
57.3432260948 -58.398894167
50.4826084098 -54.3510941692
44.7823884269 -50.0393802584
39.9377387093 -45.5456368109
35.7219015626 -40.9255889106
31.9682267296 -36.2181422894
28.5531503214 -31.4514218819
25.3831584149 -26.6466244812
22.3854482793 -21.8205095312
19.5013456435 -16.9870587133
16.6816231461 -12.1586332421
13.8830848104 -7.34683345102
11.0659740043 -2.56319188049
8.19190275693 2.18021101769
5.22209820888 6.87014266221
2.11583332712 11.4915715028
358.828970014 16.0269286435
355.312610778 20.4552315876
351.511951997 24.7510286651
347.365586801 28.8831381397
342.805755502 32.8131966229
337.760416146 36.4941220349
332.15848027 39.8687725116
325.939922539 42.8693774902
319.072140072 45.418710951
311.571845984 47.4342866266
303.527041363 48.836616312
295.107620312 49.5611742921
290.823710905 47.2258665614
282.759112011 46.8948471063
274.910465494 45.8984923059
267.459038535 44.2806317575
260.524791026 42.10478619
254.163171624 39.4437429859
248.376738245 36.3706777487
243.132406061 32.9533352258
238.377415444 29.2511851341
234.051058711 25.3147142613
230.091982168 21.1859494098
226.442053152 16.8995379168
223.047946242 12.4839795289
219.861364042 7.96280387338
216.838500503 3.35561130461
213.939102476 -1.32103830588
211.12530803 -6.05287187136
208.36032162 -10.8272531553
205.606902983 -15.6325985965
202.825577481 -20.4578154987
199.972401122 -25.291710506
196.99601392 -30.122299737
193.833565624 -34.9359210093
190.40486474 -39.71599213
186.603744944 -44.4411572008
182.285145636 -49.0823795331
177.245914053 -53.5982168303
171.197716559 -57.9269848148
163.735131387 -61.973843668
154.32209133 -65.5909088296
142.38004915 -68.5533517642
127.6574765 -70.5548078315
110.920368512 -71.2814744437
94.1555841956 -70.5887240852
79.3696538796 -68.6149074061
67.3606686738 -65.6720939222
57.8929855844 -62.0681811027
50.3900449173 -58.0300939156
44.3130040312 -53.7073032997
39.2532655512 -49.1956660539
34.9200372541 -44.5574868607
31.10845789 -39.8345834046
27.672319078 -35.0562201728
24.504689674 -30.2438908752
21.5248693152 -25.4142589142
18.6696711585 -20.5810304345
15.8875172998 -15.7562072559
13.1343305205 -10.9509810319
10.3705662496 -6.17642647876
7.55896427204 -1.44409423954
4.6627508932 3.23342745212
1.6441227402 7.84192995614
358.462918134 12.3649367147
355.075451011 16.7829529147
351.433564819 21.0725807505
347.484080947 25.2054827333
343.168991441 29.1472071868
338.426995885 32.8559556004
333.19728918 36.2814931215
327.426751009 39.3646016637
321.081541749 42.037741074
314.162974551 44.2278197365
306.724803184 45.8619228332
298.885126211 46.8761163373
286.985605596 44.6967515948
279.414386991 44.0639105593
272.110734185 42.8153212162
265.209243151 40.9984086832
258.792301878 38.6740533604
252.892346737 35.908364614
247.502748498 32.7661855794
242.591121551 29.3070266363
238.110975617 25.5831635527
234.010151765 21.6392471919
230.236104189 17.5127833635
226.738742471 13.2350134267
223.471621243 8.83190881635
220.392102608 4.32512977403
217.460913053 -0.267114706154
214.641344166 -4.92931971209
211.898218665 -9.64803856013
209.19664996 -14.411313965
206.50054849 -19.2081543985
203.770753686 -24.0280164114
200.962576769 -28.8602420671
198.022399825 -33.6933794044
194.882749559 -38.5142742783
191.454881818 -43.3067477327
187.617267929 -48.0495322887
183.197329953 -52.7128698255
177.942332348 -57.2526520271
171.474566008 -61.6000165591
163.232016831 -65.6428044483
152.434083665 -69.1946077361
138.252089141 -71.9562545498
120.590028225 -73.5206390983
101.295840292 -73.5403342621
83.5630867904 -72.0102743681
69.2923255646 -69.2727429932
58.4215315554 -65.7362843807
50.1271965232 -61.7031340008
43.6240337374 -57.3619891356
38.3448492691 -52.8263829996
33.9082049569 -48.1659608297
30.058940953 -43.4252774069
26.6229379833 -38.6343490043
23.4776841187 -33.8145933998
20.5338019634 -28.9822755323
17.7234080826 -24.1505951271
14.9926207058 -19.3310226485
12.296586714 -14.534214872
9.59605200577 -9.77069836221
6.85488653701 -5.05143380004
4.03820522264 -0.388333929426
1.11086713486 4.20521365823
358.036229841 8.71377946431
354.775110254 13.1192487444
351.284978031 17.4000773569
347.519500068 21.5304348424
343.428681251 25.4792477535
338.960017778 29.2092043924
334.061282727 32.6758675822
328.68572818 35.8271777132
322.80042667 38.6038100288
316.397843571 40.9410239966
309.509142627 42.7726618868
302.215219359 44.0375792623
294.649288137 44.6878441693
290.812301738 42.2929748279
283.565127296 41.995506411
276.475069729 41.0975592975
269.678901225 39.6314669608
263.275230183 37.6453188414
257.319823213 35.1961548706
251.830084242 32.343615616
246.794394655 29.1451997649
242.182268699 25.6533988602
237.95291693 21.9144109226
234.061399081 17.9679378944
230.462505058 13.8476095759
227.112875582 9.58170189785
223.971904065 5.19394350897
221.001851434 0.704299885237
218.167467947 -3.87031399146
215.435295184 -8.51540491642
212.772725855 -13.2183490595
210.146821866 -17.9678969096
207.522819173 -22.7537087474
204.862164319 -27.5658851867
202.119808123 -32.3944435494
199.240287863 -37.2286656423
196.15179083 -42.056194548
192.75677806 -46.8616643676
188.916609339 -51.6244583956
184.425509327 -56.314799573
178.965578321 -60.886541743
172.029946156 -65.2632534297
162.805765242 -69.3107827194
150.08394212 -72.7861934594
132.62701997 -75.2711980503
110.98643863 -76.2145329233
89.2831746404 -75.314571089
71.7052633722 -72.8604786464
58.8813619176 -69.4035206913
49.5883489437 -65.3666822154
42.6084705945 -60.9963944865
37.1198534864 -56.4287248623
32.609744544 -51.7411005382
28.7567347275 -46.9801938398
25.3529656894 -42.1760681974
22.258537619 -37.3494992373
19.3751325746 -32.5159402778
16.6304475929 -27.687792962
13.9687095566 -22.8757928001
11.3446756209 -18.0899206052
8.71967797288 -13.3400590444
6.05889487327 -8.63651828717
3.32937319342 -3.99050600398
0.498524257698 0.585408608021
357.532935473 5.07680106111
354.397424377 9.46684106106
351.054333638 13.7356660361
347.463142343 17.8596706594
343.580563792 21.8107241484
339.361420143 25.5553629645
334.760721795 29.054067531
329.737491233 32.2608258282
324.260847207 35.1233122376
318.318505479 37.584136103
311.926913846 39.5836564898
305.140664465 41.0646718119
298.057173119 41.9787358732
287.359634006 39.7108773352
280.532654278 39.1406852241
273.903314961 38.0114629615
267.576759235 36.3587528598
261.624525093 34.2294462476
256.083752157 31.6762071849
250.962195287 28.7526307375
246.245884235 25.5097731031
241.906838667 21.9941127396
237.909413413 18.246669009
234.214845146 14.3029081948
230.784146544 10.1931083695
227.579712119 5.942944826
224.566011243 1.57414576003
221.709668615 -2.89486510066
218.979137516 -7.44837756508
216.344084172 -12.0728670409
213.774527412 -16.7565248482
211.239710754 -21.488832229
208.706611969 -26.2601558754
206.137899374 -31.0613337661
203.488993361 -35.8832053401
200.703628582 -40.7160124937
197.706822193 -45.5485436088
194.393196059 -50.3667813259
190.606652929 -55.1515748107
186.103323255 -59.8743127974
180.481139927 -64.4882699869
173.043323781 -68.9100557455
162.551049992 -72.9777978425
146.96586202 -76.3603710437
124.379901583 -78.4318202855
97.6732313254 -78.4589186668
74.921278384 -76.429416797
59.1825730259 -73.0700294097
48.5943799864 -69.0142564747
41.1001239639 -64.5989891657
35.4438729488 -59.9888665772
30.9191533054 -55.2685458556
27.1187324076 -50.4853578371
23.7959274018 -45.6682190733
20.7930470411 -40.8364399112
18.0037745893 -36.0041210077
15.3525573826 -31.1825142258
12.7827778476 -26.3813914585
10.2496388307 -21.6099091567
7.71567865144 -16.8772117199
5.14780497094 -12.1929033811
2.51523432361 -7.56746301483
359.787991068 -3.01264831295
356.935772107 1.4580791911
353.927080411 5.82908587167
350.728602729 10.0820397585
347.304873824 14.1953212062
343.61834336 18.1433812069
339.630048198 21.8960850139
335.301187763 25.418122833
330.595976661 28.6686356874
325.486141194 31.6012920902
319.957216196 34.1651418598
314.01623551 36.3066174856
307.699423622 37.9729621729
301.077327206 39.117038579
294.254224113 39.7028994482
290.80235432 37.226622217
284.273047372 36.958604054
277.859898757 36.1477755469
271.666926077 34.8182121437
265.774086401 33.0064638615
260.232914409 30.7571100195
255.067674378 28.1183048025
250.28010576 25.1381072431
245.855548522 21.8619302646
241.768802219 18.3310733168
237.988868823 14.5821091923
234.482355685 10.6468501357
231.215666062 6.55265542001
228.156235705 2.32290728215
225.273077482 -2.02245604925
222.536844154 -6.46641385125
219.919552882 -10.9943739845
217.394050877 -15.593731963
214.933242381 -20.2534757543
212.509037169 -24.9638258214
210.090907762 -29.7158931139
207.6438349 -34.5013293492
205.125238152 -39.3119299491
202.480149233 -44.139123145
199.633212118 -48.973223533
196.474675297 -53.8022081444
192.834366107 -58.6094940659
188.430070471 -63.3694975546
182.757672473 -68.0378422381
174.841807779 -72.5273568915
162.669106279 -76.6429592457
142.353175722 -79.9036012915
111.129845349 -81.2810118725
79.7064162557 -79.9645742622
59.1332051231 -76.7351729808
46.8177447866 -72.6330417955
38.8285471657 -68.1498759357
33.1161136389 -63.4849066862
28.6884037224 -58.7268826142
25.033663998 -53.920839208
21.8659474848 -49.0926615015
19.013126447 -44.2590781875
16.3643631914 -39.4321830551
13.8436701315 -34.6216924369
11.3957005567 -29.8361855224
8.97764486888 -25.0838588148
6.55434759733 -20.3730409683
4.09520614139 -15.7125916458
1.5720974582 -11.1122517894
358.957923645 -6.5829853905
356.225552593 -2.13733867114
353.347038757 2.21016584732
350.293082604 6.44258970197
347.032747381 10.5400907352
343.53351096 14.4793972004
339.761794503 18.2332740605
335.684176279 21.7700439877
331.26955167 25.0532727723
326.492499282 28.041790384
321.337986895 30.6902838797
315.807207231 32.9507368519
309.923714605 34.7749479034
303.738238366 36.1181716186
297.329966558 36.9435598715
287.692820715 34.5648024674
281.533387782 34.0506446434
275.521644742 33.0293763866
269.739686266 31.5277401817
264.247912602 29.581808411
259.083287825 27.2332399933
254.261310153 24.5257774906
249.780165393 21.502469868
245.625555725 18.2037842926
241.775159367 14.6665364734
238.202208913 10.9234559061
234.878072213 7.00318248012
231.773938092 2.93052099429
228.861790163 -1.27317362739
226.11485286 -5.58956389305
223.507658132 -10.0028994049
221.015834338 -14.4996140776
218.615671217 -19.0679607959
216.283467414 -23.6976835594
213.994614291 -28.3797206369
211.722299304 -33.1059268891
209.435600093 -37.8687969447
207.096538606 -42.6611600746
204.655268021 -47.4757961294
202.041727574 -52.3048755621
199.150196554 -57.1390190545
195.808477676 -61.965501175
191.710646225 -66.7643637993
186.253286101 -71.4987846364
178.081002968 -76.0869629845
163.670059427 -80.3021110882
134.028306662 -83.3716565965
88.4001930975 -83.4171019289
58.2433435787 -80.3954154596
43.5988273896 -76.1952357121
35.3310977082 -71.6126434459
29.8287267921 -66.8807968543
25.7069445434 -62.0833067596
22.3514023759 -57.2576231713
19.4515122683 -52.4239567923
16.8328532914 -47.5951432645
14.3885499901 -42.7806094926
12.0479030467 -37.988201196
9.7606973386 -33.2251367423
7.48873820375 -28.4985732897
5.20097731734 -23.8159936941
2.87053362511 -19.1855128179
0.472768468153 -14.6161546117
357.983977495 -10.1181294767
355.380466939 -5.70313041048
352.637895358 -1.38465992092
349.730833095 2.82160564754
346.632544653 6.89741419659
343.315046613 10.8215079075
339.749541318 14.5691901482
335.907373542 18.1119377844
331.761693595 21.4171412652
327.290011032 24.4480983697
322.477745117 27.164433876
317.322664447 29.5231483578
311.839717032 31.4804814157
306.065221849 32.9946646934
300.058923054 34.0294094985
293.902368796 34.5576532266
290.79340423 31.9715465876
284.914650816 31.7302082534
279.12262771 30.9988361363
273.496793027 29.795406208
268.101384906 28.1476690032
262.981905705 26.0902627686
258.164851478 23.6616488517
253.65988583 20.901382853
249.463320872 17.8480103727
245.561894541 14.5376577197
241.936179632 11.0032409761
238.563311846 7.27415048793
235.418976887 3.37626024858
232.4787352 -0.66786518446
229.718814881 -4.83866066257
227.116503966 -9.11921068425
224.650249588 -13.4948986834
222.299539241 -17.9530766021
220.044605439 -22.4827643173
217.865959813 -27.0743810564
215.74372167 -31.7195061483
213.656648615 -36.4106629516
211.580681553 -41.1411162338
209.486637202 -45.9046677494
207.336311512 -50.695423691
205.07542868 -55.507482591
202.61984011 -60.3344299435
199.825843563 -65.1683541397
196.418226404 -69.9975563526
191.785191188 -74.8000676251
184.241021599 -79.519871241
167.297011785 -83.9366124794
111.715774534 -86.5359870428
54.8171373574 -84.0340429639
37.4372203495 -79.6322789445
29.7789048854 -74.9160901744
25.1026894352 -70.1149257347
21.6748184636 -65.2863499796
18.8700976842 -60.4527432489
16.4084831216 -55.6259431076
14.1442059351 -50.8139116793
11.9921231276 -46.0230784791
9.89743984164 -41.25934272
7.82166665911 -36.5285858314
5.7354599816 -31.8369865237
3.6146724313 -27.1912545133
1.43801770641 -22.5988352547
359.185600276 -18.0681123945
356.83793696 -13.608623373
354.375279603 -9.23129798963
351.777144647 -4.94872616556
349.022013422 -0.775457683495
346.08720823 3.2716680374
342.948984631 7.17317143304
339.582914246 10.9065824016
335.964664755 14.4461282411
332.071307844 17.7625225075
327.883286224 20.8229482817
323.387120765 23.5913623369
318.578803201 26.0292704043
313.467570405 28.0971173717
308.079406159 29.7563719725
302.459267662 30.9722409144
296.670897676 31.7167303464
287.999126632 29.1956221559
282.456706176 28.7331444714
277.025340027 27.8123365438
271.769011067 26.4532789593
266.737776722 24.6835621553
261.965973315 22.5358111188
257.472698088 20.0452232754
253.263877821 17.2474537753
249.33511159 14.1770160497
245.674616039 10.8662200806
242.265847856 7.34457847922
239.089609853 3.63857120934
236.125610168 -0.228342282467
233.353534052 -4.2355575315
230.753722813 -8.36507675418
228.307556586 -12.6012263165
225.997623589 -16.9303707156
223.807738935 -21.3406408895
221.722856083 -25.8216859502
219.728895053 -30.3644518413
217.812492567 -34.9609869867
215.96065661 -39.6042730389
214.160274215 -44.2880777735
212.39735994 -49.0068265061
210.65580397 -53.7554876061
208.915077358 -58.5294659117
207.145562506 -63.3244929833
205.297819134 -68.136488092
203.27371737 -72.9613096479
200.829140814 -77.7940682991
197.094946894 -82.6259575359
184.797890831 -87.4060738653
37.4414205421 -87.5185030005
24.4602205393 -82.7429314153
20.6666892481 -77.9114192308
18.205985474 -73.0787468589
16.1756426279 -68.2539322267
14.3251912327 -63.441898159
12.5546097727 -58.6467885796
10.8137412116 -53.8726766651
9.07265419811 -49.1238182689
7.31067112539 -44.4047922716
5.51161084509 -39.7206106412
3.66145707544 -35.0768249432
1.74708948148 -30.479640562
359.755523633 -25.9360448965
357.673414171 -21.4539539879
355.486706581 -17.0423812176
353.18038529 -12.7116310285
350.738299909 -8.47351957283
348.1430742 -4.34162229298
345.376121385 -0.331545109979
342.41780839 3.53878963683
339.247831559 7.24886003279
335.845886008 10.7752945676
332.192725021 14.0917032355
328.27170447 17.1686597308
324.070873354 19.9739281152
319.585583445 22.4730449066
314.821430095 24.630366249
309.797106019 26.4106518733
304.546502626 27.7811668295
299.119247534 28.7141377726
293.578979012 29.1892340394
290.785096118 26.4542466612
285.514710422 26.2378531863
280.30936862 25.581176646
275.229811381 24.4975843008
270.327227067 23.0080032903
265.640638317 21.1390732563
261.196146414 18.921088887
257.007738914 16.3860472738
253.079118986 13.5660133753
249.405990983 10.4918990128
245.978358069 7.19265512103
242.782558026 3.69481872382
239.802916036 0.0223324849381
237.022999954 -3.80344518727
234.426523954 -7.76360902906
231.997972113 -11.8415078215
229.723018359 -16.0225144866
227.58881433 -20.293789551
225.584210113 -24.6440524937
223.699969964 -29.0633686935
221.929050779 -33.5429548915
220.267031777 -38.07500268
218.712832449 -42.652516922
217.269960797 -47.2691632131
215.948762486 -51.9191139526
214.770666179 -56.5968729881
213.776726043 -61.2970352351
213.046382386 -66.0138722271
212.743937533 -70.7404242854
213.255293114 -75.4659561261
215.711987939 -80.1662880449
225.190617869 -84.7431377238
289.11573172 -87.9451854162
355.768458837 -84.8495866366
5.60828786017 -80.2795412647
8.14293542785 -75.580587487
8.6828931372 -70.8555065921
8.39429311269 -66.1291073694
7.67199097779 -61.41227868
6.68342572876 -56.712025561
5.5093693545 -52.0340867654
4.1915245302 -47.3838627742
2.75167184446 -42.7668370187
1.20036676906 -38.1888187838
359.541253926 -33.6561194909
357.773349733 -29.1757068666
355.89230799 -24.755357391
353.891147183 -20.4038176197
351.760685206 -16.1309803443
349.489820273 -11.9480787027
347.065747152 -7.86789874949
344.474176649 -3.90500773639
341.699620473 -0.0759906648121
338.725806352 3.60031916079
335.536294779 7.10263951746
332.115373722 10.4071054117
328.449303183 13.4872545337
324.527956585 16.3142011087
320.34684683 18.8570799404
315.909419486 21.083843065
311.229343999 22.9624686725
306.332363277 24.4625847644
301.257138067 25.5574152784
296.054541076 26.225838731
288.290055849 23.5165082369
283.336217646 23.1032466434
278.465982313 22.2788194637
273.729007478 21.0581713781
269.166168909 19.4621628402
264.808058125 17.5159728015
260.674818504 15.2474264882
256.777039211 12.6854611794
253.117306333 9.85886432152
249.692024948 6.79533717758
246.493219317 3.52087464312
243.510134228 0.059414842308
240.730561477 -3.56730239945
238.141886837 -7.33972834304
235.731895325 -11.2404006587
233.489393726 -15.253780803
231.404718375 -19.3660613569
229.470201048 -23.5649614168
227.680674409 -27.8395205502
226.034118419 -32.1798954617
224.532591199 -36.5771575029
223.183671963 -41.0230827942
222.002812491 -45.5099177361
221.017340747 -50.0300863467
220.273610297 -54.5757717956
219.850522577 -59.1382260695
219.887010163 -63.7064625467
220.643259213 -68.2644193576
222.654266441 -72.7838194459
227.178973234 -77.2025901561
237.771383365 -81.3419097034
265.495882122 -84.5023499187
314.890401833 -84.5513138398
343.257375478 -81.4352300004
354.086643369 -77.3075892162
358.700919125 -72.8928386318
0.753449331672 -68.3751634922
1.53224566067 -63.8180243549
1.58253999942 -59.2501582708
1.16877392081 -54.6878058339
0.431890884514 -50.1420278502
359.451842498 -45.6216008055
358.275577413 -41.1343469187
356.930785359 -36.6878341296
355.43315251 -32.2897989731
353.790419306 -27.9484413143
352.004761135 -23.6726598086
350.074247583 -19.4722622261
347.993782505 -15.3581681194
345.755755391 -11.3426121082
343.350548668 -7.43934973434
340.76700295 -3.66386213818
337.992922139 -0.0335494311409
335.015691554 3.43210523613
331.823077105 6.71142867453
328.404264771 9.78054690902
324.75117897 12.6135216044
320.860076751 15.1826936152
316.733344248 17.4592947204
312.381321563 19.4143746345
307.823866486 21.0200540797
303.091272583 22.2510528234
298.224139845 23.0863607459
293.271911699 23.5108408989
290.777120393 20.5695205573
286.095337609 20.3772599879
281.462286095 19.7931736976
276.924238659 18.8270820897
272.521611132 17.4945470019
268.287144698 15.8157221818
264.245110482 13.8140197253
260.4114555 11.5147744415
256.794659237 8.94404744432
253.3970163 6.12765299771
250.216085375 3.09043795264
247.246112542 -0.144197633235
244.479315026 -3.55457382794
241.906978925 -7.12084238984
239.520373733 -10.8249800618
237.311518498 -14.650700847
235.273854636 -18.5833158274
233.402894759 -22.6095598764
231.696932539 -26.7173969396
230.157925793 -30.8958087682
228.792714014 -35.1345634459
227.614821096 -39.423949718
226.647263727 -43.7544486344
225.927116333 -48.1162880254
225.513250334 -52.498773717
225.500079573 -56.8891810406
226.043319669 -61.2707356476
227.411360395 -65.6185754046
230.095066281 -69.8908388793
235.058206466 -74.0067750937
244.311482493 -77.7870925492
261.780726237 -80.7893481032
290.328642108 -82.0608809011
319.080619513 -80.845570653
336.810220259 -77.871863528
346.207354804 -74.1037003923
351.244739055 -69.9933684582
353.969661569 -65.7239578672
355.362653095 -61.3776557802
355.922236915 -56.9969212538
355.920552162 -52.6068882141
355.515291645 -48.2244613902
354.801984657 -43.8624277256
353.840170635 -39.5315074991
352.66734604 -35.2414778156
351.306807534 -31.0018488627
349.772273244 -26.8223133274
348.070722881 -22.7130769003
346.204218818 -18.6851252838
344.171134461 -14.7504565324
341.967043409 -10.9222925806
339.585431585 -7.21527396364
337.01834548 -3.64563382529
334.257062749 -0.231339684387
331.292854807 3.00781670186
328.117896543 6.05020975142
324.726358589 8.87248764443
321.115686113 11.4498404025
317.28801934 13.7564728332
313.251643984 15.76631793
309.022281851 17.4540030566
304.6239633 18.7960409662
300.089196816 19.7721632935
295.458202107 20.3666567191
288.576760124 17.3977048048
284.205009523 17.0330532414
279.895926298 16.3044159145
275.687754444 15.2227194718
271.613397629 13.8034306043
267.699310439 12.0655660998
263.965133873 10.0306099086
260.423982141 7.72146241868
257.083206837 5.16151451088
253.945443038 2.37389902312
251.009765644 -0.61906397048
248.272831703 -3.79623809256
245.729936856 -7.13788312176
243.375960022 -10.6257401479
241.206205947 -14.2430200064
239.217181975 -17.9743212111
237.407367194 -21.8054959677
235.778051181 -25.7234741556
234.334346674 -29.7160505845
233.086530102 -33.7716319609
232.051942211 -37.8789249826
231.257818832 -42.0265297709
230.745676033 -46.2023732991
230.578347392 -50.3928611613
230.851676911 -54.5815151265
231.714645486 -58.7466334636
233.405205105 -62.8570074911
236.315641003 -66.8635833057
241.110440445 -70.6823395638
248.910087204 -74.1583248679
261.37662521 -76.9968163569
279.699194663 -78.6939381397
301.222150304 -78.7158451969
319.676891411 -77.0539935997
332.278392014 -74.2364644475
340.169767214 -70.7718574748
345.021948006 -66.9593917061
347.968866447 -62.9564378768
349.683665945 -58.8482019039
350.563567141 -54.6843277465
350.849331502 -50.4963295767
350.69158891 -46.3060719102
350.187189652 -42.1301197066
349.399606335 -37.9821108356
348.370776682 -33.874135431
347.1282249 -29.8175932114
345.689495366 -25.8237651433
344.065011996 -21.9042231392
342.259996165 -18.0711443698
340.275818411 -14.3375659162
338.111017438 -10.7175973513
335.762140138 -7.22659684809
333.22451008 -3.88130725179
330.493003116 -0.699940580609
327.562887589 2.29780798097
324.430765783 5.09084214695
321.095627244 7.65687295859
317.559989307 9.97278481394
313.831054399 12.0151847289
309.92176134 13.7611454606
305.851560046 15.1891270026
301.646714351 16.280024945
297.339957601 17.0182542257
292.96940499 17.3927437746
288.581291603 14.2113912537
284.227412201 13.8236010504
279.939274373 13.0492596515
275.756997467 11.9003207016
271.715156158 10.3936891516
267.84166494 8.55012962716
264.157456058 6.39307788403
260.676848462 3.94749486611
257.408421239 1.23886538727
254.356185814 -1.70760164805
251.520880565 -4.86755478708
248.901265857 -8.2178752754
246.495356915 -11.7368736836
244.301584703 -15.4043406924
242.319919018 -19.2014842634
240.553032831 -23.1107776863
239.00762155 -27.1157199172
237.696028191 -31.2005136089
236.63843013 -35.3496508757
235.865967912 -39.547354396
235.425418091 -43.7767898804
235.386415501 -48.0188968143
235.852927182 -52.2505523287
236.981860648 -56.4415307769
239.013481859 -60.5492259931
242.319964151 -64.5091459289
247.474180411 -68.2175598374
255.304024546 -71.5013357283
266.743506694 -74.077207771
281.990729645 -75.5481170972
299.057284002 -75.5655434545
314.378077523 -74.1246583578
325.907527028 -71.5693115626
333.809513572 -68.2981616289
339.014445637 -64.5973594711
342.355756409 -60.6420773125
344.411734903 -56.5372269387
345.558288963 -52.3479549647
346.038062737 -48.1172314013
346.009465361 -43.8754858666
345.57742752 -39.6459545306
344.812218251 -35.4477573845
343.761043234 -31.2977544476
342.455341129 -27.2117262141
340.915500423 -23.2051677052
339.154014182 -19.2938528276
337.177685837 -15.4942542257
334.989267554 -11.823862937
332.588778277 -8.30142676168
329.974667929 -4.94710872313
327.14494204 -1.78255361958
324.09832124 1.16915993164
320.835471799 3.88371208994
317.360299263 6.33591193084
313.681244179 8.50027324231
309.812459448 10.3518085679
305.774694154 11.8670257503
301.595678376 13.0250712436
297.309821146 13.8089193462
292.957116054 14.2064685967
288.5807655 11.060783143
284.234821632 10.6455787013
279.959203374 9.81716000269
275.796822811 8.58887018623
271.784727836 6.97955519595
267.952980427 5.0123314087
264.324408091 2.71325382995
260.915110797 0.110045070103
257.735517241 -2.76899960924
254.791769767 -5.89586850187
252.087256919 -9.24343385944
249.624179564 -12.7858104027
247.405108878 -16.498500075
245.434554463 -20.3583550526
243.720642198 -24.3434101726
242.27709488 -28.4325384403
241.125654819 -32.6049407612
240.29938812 -36.8394711324
239.847405288 -41.1136513798
239.84182811 -45.4022211226
240.388308071 -49.6749185684
241.641993081 -53.8929451603
243.831227059 -58.0031536142
247.289731095 -61.9283581726
252.488102489 -65.5515618522
260.01818532 -68.6932088213
270.390493251 -71.0909425119
283.445775377 -72.4228569094
297.685181334 -72.4374305884
310.786280624 -71.1315635389
321.221031763 -68.7531702211
328.807174789 -65.6244619198
334.048673066 -62.0095782673
337.538798985 -58.089669988
339.751210643 -53.9827992954
341.022248649 -49.7668006217
341.582132833 -45.4952052841
341.587287873 -41.2070364471
341.144227837 -36.9326842096
340.325663123 -32.6974774565
339.181112553 -28.5239239697
337.74392946 -24.433171678
336.036053409 -20.4460015307
334.071341073 -16.5835249167
331.858027969 -12.8676787564
329.400682477 -9.32156270374
326.70189226 -5.96963107083
323.763840152 -2.83773004135
320.589860669 0.0470442331794
317.186005175 2.65669867681
313.562575854 4.96293739042
309.735515936 6.9380115387
305.727476455 8.55580896475
301.568339277 9.79312212612
297.294989005 10.6309803504
292.950212985 11.0558870665
288.575475381 7.9422542206
284.228325637 7.49444232256
279.958006137 6.60180933566
275.811396521 5.27958505115
271.829063145 3.5492461235
268.044143221 1.43709105108
264.482223473 -1.02728289268
261.162072952 -3.81241070666
258.096996221 -6.88616462695
255.296567909 -10.2166621733
252.768567394 -13.7728590468
250.521023875 -17.5248412078
248.564373116 -21.4438110003
246.913710762 -25.5019230462
245.59179218 -29.6717889143
244.632328739 -33.925620371
244.084727361 -38.2341849595
244.020652192 -42.5651120755
244.543359299 -46.8803821739
245.800876215 -51.1324688764
248.003544916 -55.2583147281
251.443334192 -59.1699932596
256.50134122 -62.7410758495
263.600486176 -65.7903590596
273.011922928 -68.0745844582
284.450278907 -69.3215494526
296.739362555 -69.3341533363
308.208772739 -68.1102086387
317.665562672 -65.8439779165
324.808745846 -62.8074310237
329.903027088 -59.244923444
333.370879269 -55.3388752453
335.594979144 -51.2166316501
336.869061555 -46.9667234333
337.40489619 -42.6525851647
337.351556547 -38.3219711751
336.813040926 -34.0130333953
335.861537356 -29.7582130533
334.546826381 -25.5867708166
332.902878618 -21.5264708991
330.95256925 -17.6047235238
328.711188243 -13.8493568769
326.189218668 -10.289105948
323.394701597 -6.95385172625
320.335388745 -3.8746092532
317.020784356 -1.08324269544
313.464081869 1.38811988283
309.683904269 3.50798719894
305.705668244 5.2467034508
301.56233377 6.57787553041
297.29430427 7.4798961385
292.94833379 7.93737375717
288.565617501 4.8524111371
284.208788146 4.36555567538
279.937853699 3.39619800514
275.805236889 1.96216471049
271.85644745 0.0885488303802
268.12900585 -2.19397884967
264.65254352 -4.8509458556
261.44990644 -7.84570751721
258.538991519 -11.1407684887
255.935057664 -14.6987128455
253.653340507 -18.4827227844
251.712513493 -22.4565027358
250.135052422 -26.5847139596
248.956675288 -30.8310315544
248.22554068 -35.1580120389
248.011192754 -39.5248583517
248.412312755 -43.8847610975
249.567501508 -48.1808409319
251.667945905 -52.3400823505
254.967668142 -56.2645263461
259.776939378 -59.8196487935
266.40311815 -62.8229992843
274.980934856 -65.0447725125
285.184807221 -66.2440653131
296.048753012 -66.2552304985
306.275112306 -65.0766056649
314.88731383 -62.8715263529
321.548777263 -59.880440359
326.388647452 -56.3338319106
329.713084156 -52.4150808837
331.83307528 -48.2594858078
333.00381447 -43.9655501092
333.417561139 -39.6066431928
333.213757875 -35.2398631866
332.491709308 -30.9121476941
331.321412106 -26.6643658604
329.751878738 -22.5340507852
327.817384464 -18.5572247667
325.542241409 -14.7695933441
322.944615321 -11.2072589809
320.039758676 -7.90702176925
316.842891161 -4.9062824484
313.371820446 -2.242537688
309.649260608 0.047540602043
305.704680573 1.92941900922
301.575425776 3.37232707747
297.306841692 4.3510327173
292.95122277 4.84753590925
288.551306409 1.78803554976
284.176942933 1.25399017802
279.901099192 0.192159507269
275.7839448 -1.37597588266
271.877958758 -3.42023779652
268.226968024 -5.90380219147
264.866637734 -8.78530637077
261.826192269 -12.0207111237
259.131048497 -15.564714269
256.806085379 -19.3716074317
254.879423545 -23.3955022062
253.386831978 -27.5900947682
252.376522888 -31.907497911
251.915619364 -36.2964767182
252.097597458 -40.6996934737
253.05135586 -45.049498751
254.95042857 -49.2618820908
258.017327656 -53.2281513333
262.509213637 -56.8049036054
268.655861616 -59.806130375
276.512657493 -62.0085740114
285.744912431 -63.1889058535
295.522941199 -63.1989763232
304.772379198 -62.0374415838
312.656281425 -59.850494713
318.831856669 -56.8609194211
323.349813644 -53.2923960506
326.438501615 -49.3316543278
328.355321905 -45.1227499229
329.323565193 -40.7748569385
329.517572998 -36.3723080043
329.066915782 -31.9829540301
328.065577398 -27.6642513611
326.581023303 -23.4674681218
324.661821806 -19.4405084133
322.34382003 -15.629727903
319.655224228 -12.0809688132
316.620926127 -8.83993013653
313.266287021 -5.9519192482
309.620420402 -3.46100551293
305.718839605 -1.40861676316
301.605199168 0.168315896487
297.331811191 1.23946344157
292.958712475 1.78315557523
288.532587109 -1.25397908778
284.133511973 -1.84576500027
279.850739416 -3.02031661408
275.755396831 -4.75085388743
271.909933822 -6.99982369625
268.367431744 -9.72145549232
265.172788639 -12.8642924156
262.365484988 -16.3732914405
259.98354456 -20.1912186124
258.068407674 -24.2591843038
256.670600625 -28.5162649852
255.856214921 -32.8980170811
255.71445517 -37.3337937868
256.365766872 -41.7426009013
257.96896227 -46.0270697554
260.722084975 -50.0654672641
264.844157222 -53.7027521984
270.513742178 -56.7449863677
277.739135657 -58.967744909
286.185849597 -60.1539549786
295.109688132 -60.1631661636
303.570145767 -58.9942312792
310.817681143 -56.785878208
316.511553516 -53.7545999491
320.656145215 -50.125084755
323.428597174 -46.0918437889
325.047925576 -41.8104722017
325.712701376 -37.4031258663
325.582350708 -32.9674598775
324.777849028 -28.5846450659
323.388810038 -24.3254172516
321.481633188 -20.2542761386
319.107003404 -16.4321800741
316.306435084 -12.9180194594
313.117947926 -9.76904162354
309.580944464 -7.04032653633
305.740188093 -4.78340362068
301.648592493 -3.04416146549
297.36843696 -1.86032062255
292.970709586 -1.25887355887
288.509446206 -4.27670585818
284.079390133 -4.94025595076
279.791216191 -6.25417309463
275.731888508 -8.18368535612
271.978465609 -10.6801085468
268.597995325 -13.6841052819
265.649946926 -17.1287293104
263.190749202 -20.9416715331
261.279911719 -25.0463168422
259.987301893 -29.3613741754
259.401224908 -33.7988629375
259.636694503 -38.26026628
260.8418951 -42.6306623608
263.197530999 -46.7709154948
266.897008417 -50.5093168426
272.08649234 -53.637391249
278.746161501 -55.9204390698
286.541798198 -57.1367496334
294.776698114 -57.1452696704
302.583782474 -55.9449684894
309.262145519 -53.6753201031
314.472514785 -50.5574395874
318.191750271 -46.826189314
320.564691402 -42.690512942
321.784623113 -38.3225945896
322.032618351 -33.8619388294
321.457331531 -29.4237162467
320.174190774 -25.1065942894
318.271808625 -20.9986467627
315.820229052 -17.1812225861
312.879028885 -13.7309758253
309.504609641 -10.7202678197
305.756334376 -8.21613098775
301.70109286 -6.27803764988
297.415770035 -4.95486329785
292.987182091 -4.28162447742
288.481825826 -7.28329604627
284.015984113 -8.03782227131
279.729953814 -9.52708885555
275.734295288 -11.7036618495
272.12817055 -14.5011879221
269.000439946 -17.8386322076
266.434305215 -21.6238539229
264.514704966 -25.7556321744
263.337414088 -30.1235565729
263.018506059 -34.6054219302
263.701743821 -39.061985295
265.558360922 -43.3294043353
268.767475348 -47.2110750368
273.457542512 -50.4741101963
279.592818239 -52.8615854131
286.835070941 -54.1345349513
294.502895661 -54.1424879766
301.755050652 -52.8844699703
307.906615022 -50.5094405642
312.615074647 -47.2557557601
315.84181282 -43.3804385944
317.714086373 -39.1167722484
318.410849365 -34.661774383
318.103599937 -30.1796092855
316.936453514 -25.8097384749
315.025772497 -21.6745113603
312.467500503 -17.8844394701
309.3466224 -14.5408331522
305.746279139 -11.73594596
301.755191421 -9.55097511872
297.472345902 -8.05250079911
293.008143798 -7.28824846647
288.449648331 -10.2771618477
283.945913637 -11.1499552856
279.680576045 -12.8646052629
275.800781607 -15.3523267823
272.440475389 -18.5168803452
269.723819709 -22.2401408657
267.773415462 -26.3859559578
266.721153515 -30.800929558
266.71812663 -35.3114583244
267.937169934 -39.7172688018
270.555633516 -43.7835071719
274.698194782 -47.2374133516
280.322950805 -49.7822169922
287.080926683 -51.1441689904
294.27386921 -51.1516490085
301.040734064 -49.8036842495
306.680131838 -47.2703794172
310.83927808 -43.8248513199
313.473721198 -39.7639294855
314.707068213 -35.3607227025
314.716495593 -30.85045392
313.675016624 -26.4336877465
311.733944821 -22.284240074
309.025299991 -18.5556748563
305.67168547 -15.3843116883
301.797154612 -12.8884856084
297.535478136 -11.1647184309
293.033627986 -10.2821577644
288.412872372 -13.2623166588
283.874623377 -14.2939141778
279.670276057 -16.3057736416
276.006602047 -19.190125597
273.074657698 -22.7959536913
271.056929617 -26.9363005413
270.138877315 -31.3915688561
270.516440675 -35.9074115937
272.384457097 -40.188814301
275.882105651 -43.8973728722
280.97332633 -46.667406824
287.290303952 -48.1618331297
294.079282209 -48.1689125087
300.404552284 -46.6876122319
305.509358885 -43.9280673854
309.022313092 -40.2266908273
310.905026817 -35.9492042006
311.295718999 -31.4343403317
310.389036476 -26.977467897
308.38097833 -22.8332368157
305.457040373 -19.2215167975
301.799632567 -16.3295621327
297.599637395 -14.3087632506
293.063629303 -13.2673657259
288.371641937 -16.244095529
283.814544195 -17.498198945
279.758616421 -19.9136174265
276.513689715 -23.3036201144
274.367222056 -27.4060479502
273.591959773 -31.893387511
274.442651395 -36.3760799083
277.108206719 -40.4047496531
281.582319707 -43.4915196978
287.471580106 -45.1823471249
293.911200763 -45.1890816092
299.808533064 -43.5105418211
304.295676627 -40.4330669989
306.975654393 -36.4099735033
307.839951758 -31.9291959623
307.076577302 -27.4404734152
304.940000528 -23.3337876645
301.702816153 -19.9371017352
297.652271916 -17.5131081112
293.097951572 -16.2492069455
288.326747633 -19.2309158399
283.797547238 -20.8151512783
280.092476531 -23.7934702965
277.709363644 -27.7954306711
277.0849291 -32.3037019068
278.553499287 -36.6801205481
282.206211514 -40.2071889298
287.632119915 -42.1974480475
293.762602157 -42.2038786488
299.196772002 -40.2249910262
302.862411488 -36.7055888928
304.344719462 -32.3323468231
303.732601151 -27.8229438759
301.359400572 -23.8161288296
297.661311288 -20.8300260083
293.135740238 -19.2360969341
288.281386139 -22.239454177
283.920763828 -24.3530070455
281.097373051 -28.1072150123
280.63169176 -32.6175412087
282.968424092 -36.7181167314
287.781021083 -39.1907066839
293.624676976 -39.196855893
298.446279784 -36.7344047709
300.796170989 -32.6388135732
300.343110899 -28.127634705
297.529235064 -24.3675453952
293.173706503 -22.2447051919
288.250613863 -25.3146594998
284.576702004 -28.3553136703
284.279365318 -32.8187325465
287.940334119 -36.1179431811
293.475685799 -36.1237876241
297.147271733 -32.8323459823
296.862640819 -28.3683816091
293.196613265 -25.3199480799
288.363285075 -28.6539371841
288.254017623 -32.787169953
293.172348253 -32.792382791
293.074963646 -28.6589552001
