188.421907381 32.8357271635
188.317440522 28.7018323775
183.603020641 28.702570659
183.500318756 32.8365082167
188.731600057 36.1672125319
192.399292781 32.8706102169
192.106642728 28.4063706149
188.433864997 25.3621840376
183.485284412 25.3629502513
179.813634551 28.4082906793
179.522868422 32.8726502549
183.192187043 36.1681005637
188.886864882 39.2405066056
193.706672828 36.7715127617
196.049820569 32.67221424
195.588382494 28.1609838025
192.767027199 24.4040663496
188.406319022 22.2865120484
183.511698945 22.2872617584
179.151692011 24.4061631911
176.331688008 28.1639807042
175.872115634 32.6753992676
178.217280072 36.773993751
183.03850085 39.2414525411
189.031480365 42.2477471874
194.465190305 40.2615801286
198.125321706 36.736764825
199.599516838 32.3608659422
198.978823605 27.8516409321
196.59790734 23.8474577577
192.893699851 20.865834835
188.363995947 19.2774975405
183.552973913 19.2782264391
179.023750794 20.8679439385
175.320492248 23.8507171314
172.940974978 27.8556732056
172.322094437 32.365149035
173.798389623 36.7406435653
177.460553705 40.2643295108
182.89558442 42.2487478599
189.187394795 45.2331378027
195.085262644 43.5467472578
199.567768659 40.4627857794
202.240013447 36.4354140542
203.09547245 31.9527807472
202.323430682 27.4644658487
200.179056908 23.3601349069
196.935337378 19.9673666491
192.879759575 17.5484166311
188.322033322 16.290199744
183.593944446 16.2909081205
179.036572031 17.550496061
174.981694837 19.970681843
171.739016848 23.3644643455
169.596029342 27.4695022009
168.825727146 31.9581254242
169.683256738 36.440569506
172.357765628 40.4671624784
176.84236136 43.5497215114
182.741539439 45.2341972008
189.363609063 48.2131161737
195.690255599 46.7234205741
200.790990801 43.956565069
204.296394009 40.2497696461
206.170071303 35.9690129154
206.551559199 31.4529420391
205.636204027 26.9967027762
203.620349876 22.8546888539
200.68968415 19.2465066244
197.026752747 16.359130681
192.822539675 14.3436414789
188.283666217 13.3079437887
183.63136163 13.3086328732
179.092762638 14.3456789538
174.889092096 16.3624286446
171.226964375 19.2509222298
168.297364643 22.8600265074
166.28285459 27.0027124532
165.369151082 31.4593119888
165.752624792 35.9753575763
167.628600134 40.2556188797
171.136455953 43.961371458
176.239403744 46.7266156167
182.567412991 48.2142413013
189.567374583 51.1959509184
196.336393679 49.8390130262
201.972028325 47.2976639236
206.12352948 43.8458153161
208.748567623 39.7805687898
209.972174177 35.3749687692
209.97226808 30.8640389628
208.922188297 26.4481232351
206.97338151 22.3008339222
204.257938076 18.5755477287
200.89852653 15.4083972762
197.019270991 12.9175136785
192.754001834 11.199188013
188.249711075 10.3223130471
183.6643996 10.3229842776
179.160330801 11.2011807474
174.895499168 12.9207662313
171.016887955 15.4128101362
167.658322851 18.5809865347
164.943934014 22.3071305676
162.996411589 26.455073463
161.947884214 30.8713954011
161.949847263 35.3824292015
163.175677089 39.7877612858
165.803267251 43.8522865447
169.957468636 47.3028869165
175.595516943 49.842443048
182.366011425 51.1971512565
189.806924792 54.1868281185
197.061999739 52.9191871201
203.209853234 50.5353890981
207.910241464 47.274598452
211.126923707 43.3941142989
212.988747237 39.1271509367
213.675477316 34.6705198817
213.358936517 30.1881627516
212.183329821 25.819347718
210.265025012 21.6862658089
207.699962173 17.899293911
204.573144085 14.5596150286
200.967755041 11.7593467558
196.972571835 9.57953004067
192.686627157 8.08656400881
188.220332812 7.32797309857
183.69288598 7.32862792772
179.226777511 8.08851280189
174.94119821 9.58272671087
170.946549974 11.7637173994
167.341856776 14.5650610198
164.215893129 17.9056942189
161.6518522 21.6934773725
159.734760433 25.8272029961
158.560598456 30.1964637899
158.245790617 34.679028389
158.934606535 39.1355742712
160.798916816 43.402088855
164.018460354 47.2816766817
168.721880351 50.5410466062
174.872444884 52.9228789146
182.129176685 54.1881159805
190.093007678 57.1895737867
197.903794541 55.9788917666
204.578193929 53.6997080394
209.779645906 50.5739847311
213.487793923 46.8368558629
215.849296405 42.6971714881
217.058330825 38.3268828201
217.29629323 33.8652511826
216.711886826 29.4272426228
215.420486529 25.111366599
213.510635445 21.0055768009
211.052329808 17.191126096
208.105133669 13.7445820703
204.725470262 10.7382158206
200.972749184 8.23895490925
196.913914801 6.30614537515
192.625893517 4.98851388781
188.195508897 4.32091122148
183.716836881 4.32155106257
179.28661273 4.99042103076
174.998906098 6.30928352933
170.940530097 8.24326614208
167.188400063 10.7436235098
163.80945274 13.750993624
160.863097371 17.1984346047
158.40576735 21.0136609907
156.497050152 25.1200886307
155.206981124 29.4364433235
154.624159939 33.8747421981
154.864034905 38.3364350528
156.075391402 42.7064994079
158.43968947 46.8455988168
162.151086426 50.5816913335
167.356014361 53.7058408681
174.033548769 55.9828842356
181.846263472 57.1909651898
190.440621822 60.2073401358
198.905590118 59.0271162876
206.148485618 56.8083775635
211.83202659 53.7685279077
215.963993553 50.1325099671
218.723643339 46.0946934599
220.330963418 41.8103949619
220.984827055 37.4014933473
220.84465422 32.9654172481
220.031304122 28.5831677
218.634257714 24.3253581009
216.719804765 20.2564000362
214.338558031 16.4371851157
211.532000245 12.9265465402
208.338156934 9.78167334254
204.796466499 7.0575769308
200.951746355 4.80570088751
196.8569664 3.07182693503
192.574445964 1.89354841789
188.17517973 1.29771598226
183.736306059 1.29834219923
179.337182188 1.89541685968
175.05494032 3.0749077129
170.960564477 4.80994644155
167.116361628 7.06292476557
163.575290845 9.78804880157
160.382163321 12.933864983
157.576418424 16.4453530255
155.196092034 20.2653147559
153.282688706 24.3349059804
151.886856839 28.5932204043
151.074938454 32.9758258153
150.936486175 37.4120793212
151.592451153 41.8209376542
153.202358685 46.1049124684
155.965172348 50.1420434908
160.10087889 53.7769125752
165.788492305 56.8150481781
173.035123278 59.0314627
181.502418064 60.2088562635
190.871713713 63.2428970552
200.126471677 62.068958148
208.004401922 59.8706522641
214.16741516 56.8717629318
218.670526788 53.2961830918
221.744565646 49.330421048
223.647952966 45.1181860346
224.60421583 40.7683292157
224.787601473 36.3649281936
224.327483173 31.9756471742
223.317642809 27.6578112901
221.82537586 23.462598536
219.899123514 19.4378512616
217.574649557 15.6298810572
214.880118084 12.0844945364
211.840415671 8.8473553502
208.480929698 5.96372841876
204.830822815 3.47762721434
200.925669284 1.43040563099
196.809181993 -0.141099159805
192.533712886 -1.20667044536
188.159305561 -1.74476304271
183.751327722 -1.74414912904
179.377049874 -1.20483745148
175.101833692 -0.138072673392
170.985712064 1.43458498172
167.081023863 3.482906282
163.431469241 5.97004423301
160.072612594 8.85463747537
157.033611684 12.0926667108
154.339855648 15.6388618895
152.016240892 19.4475538694
150.090950969 23.4729290442
148.599780818 27.6686660492
147.591217383 31.9869084091
147.132620513 36.3764575395
147.3178598 40.7799582391
148.276423155 45.1297024222
150.182695524 49.3415489708
153.260337073 53.306557339
157.767810754 56.880901607
163.935702432 59.8779475991
171.818227133 62.0737309382
181.075905841 63.2445666424
191.419931324 66.2987305132
201.652320937 65.1062968716
210.256119686 62.8887205902
216.901563268 59.887558443
221.723430375 56.3334169339
225.030759472 52.4093265708
227.135520921 48.2501439667
228.292994268 43.9539915165
228.695200237 39.5939507547
228.481271733 35.2269148089
227.750227496 30.8996799702
226.571829939 26.6530203085
224.994911875 22.5244064074
223.05361885 18.5498201715
220.772177338 14.7649406615
218.168706343 11.2058509051
215.258446107 7.90933244639
212.056634218 4.91276261175
208.581120962 2.25360445603
204.854680194 -0.0315184993937
200.906847438 -1.90813915388
196.775028613 -3.34557218441
192.504609463 -4.31868737125
188.147891872 -4.80959796875
183.761890934 -4.80899506787
179.405293831 -4.31688641613
175.135109723 -3.34259582769
171.003629783 -1.90402331489
167.05622627 -0.0263100266951
163.330291174 2.25985036601
159.85534785 4.91998480506
156.654161541 7.91746568533
153.744578797 11.2148270383
151.141839332 14.7746890174
148.861192265 18.5602671647
146.920773343 22.5354743466
145.344835322 26.6646253427
144.167562168 30.9117289892
143.437841225 35.2393009223
143.225511267 39.6065466703
143.629696765 43.9666396883
144.789673713 48.2626417717
146.89764566 52.421404197
150.209092566 56.3447060649
155.036108517 59.8975545097
161.687528891 62.8967582919
170.297177179 65.1115958983
180.533401869 66.3005938517
192.139732333 69.3769931598
203.615489406 68.1374194986
213.059486797 65.8573469492
220.181288003 62.8099626465
225.253121875 59.239558185
228.700657976 55.328004183
230.907320339 51.2020753935
232.166633096 46.9498529074
232.689897717 42.6344494176
232.625720649 38.3033977485
232.077708779 33.9947003933
231.11774322 29.7406994813
229.795371647 25.5705915466
228.144392446 21.5121008849
226.187557785 17.5926142792
223.940075396 13.83994703
221.41238107 10.2828268561
218.612499523 6.95112858917
215.548193856 3.87585785647
212.229004048 1.08886183108
208.668178935 -1.37776011396
204.884409679 -3.49256059013
200.903184352 -5.22594515139
196.757525613 -6.55159978398
192.487878035 -7.44801170723
188.141003958 -7.89989426064
183.767924853 -7.89930109621
179.42116531 -7.44623927758
175.151740916 -6.54866873694
171.006403271 -5.22188820164
167.025583156 -3.48742032739
163.242288482 -1.37158653124
159.681993614 1.09601370551
156.363378653 3.88392993069
153.299685143 6.96006111369
150.500450267 10.2925592064
147.973439331 13.8504178793
145.726684751 17.6037612018
143.770636267 21.5238594174
142.120523071 25.5828936897
140.799128396 29.7534715425
139.840294668 34.007859937
139.293631799 38.3168492118
139.231109201 42.6480776074
139.75645947 46.9635130466
141.018466876 51.2155775212
143.228676443 55.3410885422
146.680914713 59.2518574382
151.758877998 62.8209497395
158.888163316 65.866285362
168.339898363 68.1433859558
179.820966343 69.3791092011
193.12543257 72.4792452305
206.231961457 71.1553114283
216.645835526 68.7614953733
224.202231299 65.6212593946
229.415115955 61.9983055052
232.880860646 58.0729312855
235.073228946 53.9624663209
236.327819681 49.7442225629
236.874038151 45.4713800576
236.867629591 41.1827298512
236.414586459 36.9085094481
235.587229923 32.6739481241
234.434790914 28.5014898436
232.990410638 24.4122433168
231.275873586 20.4269673755
229.304925494 16.5667631019
227.085726537 12.8535648807
224.622799933 9.31047418511
221.91871502 5.96194830054
218.975660989 2.83383429459
215.797001491 -0.0467762816335
212.388837267 -2.6519039426
208.761536003 -4.95327876162
204.931116116 -6.92319310952
200.920304443 -8.53559297841
196.759048005 -9.76734582065
192.484273893 -10.5995703812
188.138778774 -11.0188690537
183.769286704 -11.0182843451
179.423902645 -10.5978228609
175.149344754 -9.76445479527
170.988398862 -8.53158902469
166.977977953 -6.91811598913
163.148013636 -4.9471750364
159.521217905 -2.64482463975
156.113596398 -0.0387748815795
152.935507109 2.84270338641
149.993044768 5.97163074314
147.289570987 9.32091617363
144.827277054 12.8647131573
142.608738758 16.5785645669
140.638490577 20.4393683421
138.924709638 24.4251884211
137.481165876 28.5149205657
136.329677794 32.6878007953
135.503434548 36.9227124865
135.051735502 41.1971997559
135.047001061 45.4860153293
135.595369829 49.7588940728
136.852804223 53.9770015185
139.049029718 58.0870877139
142.520093797 62.0117264432
147.740286958 65.6334036287
155.306232312 68.7715476847
165.730783683 71.1621517787
178.845167295 72.4817051264
194.555640707 75.6057274188
209.877188242 74.1433839312
221.370339184 71.570834322
229.229534351 68.287709934
234.397562913 64.578995102
237.709608074 60.6185767923
239.742671355 56.510454458
240.871051924 52.3191914009
241.33609552 48.0873916888
241.295265193 43.84525383
240.852819745 39.6158665029
240.078550848 35.4182552304
239.019321688 31.2692202239
237.706322351 27.1845055667
236.159759382 23.1795861292
234.391992584 19.2702271974
232.40972915 15.4729009813
230.215654646 11.8051036761
227.809746571 8.28559157429
225.190436044 4.93453731919
222.35573112 1.77359410983
219.304375507 -1.17415485258
216.03707811 -3.88439182724
212.557804681 -6.33193771252
208.875069764 -8.4913308027
205.003107841 -10.3376232842
200.962748328 -11.847379149
196.781789455 -12.9998171844
192.494684615 -13.7779977287
188.14143793 -14.1699143474
183.76574858 -14.1693367886
179.412611614 -13.7762713697
175.125720229 -12.9969604883
170.9450675 -11.8434213498
166.905092319 -10.3326023712
163.033576853 -8.48529119239
159.351334709 -6.32492793649
155.872586262 -3.87646249722
152.605834633 -1.16535706109
149.555037359 1.78320989596
146.72089853 4.94492189383
144.102160424 8.29669721898
141.69683299 11.8168840516
139.503352577 15.4853107464
137.521705482 19.2832214037
135.754590188 23.193119417
134.208731985 27.1985311548
132.896515738 31.2836886364
131.83818294 35.4331126305
131.064973238 39.6310523861
130.623821698 43.8606976316
130.584626924 48.1030074977
131.051811029 52.3348692833
132.183092505 56.5260455449
134.220222918 60.6338666213
137.538140691 64.59365469
142.714778338 68.3012065983
150.586280338 71.5822853925
162.094841189 74.1514122587
177.42903068 75.6086829516
196.813338478 78.7532676553
215.251941329 77.0650529041
227.786639566 74.2286219567
235.615466145 70.7522114164
240.420401161 66.9325435465
243.33277539 62.9251800829
245.021884063 58.8142719702
245.882091961 54.6488619425
246.15226533 50.4601131863
245.981793621 46.2696787105
245.46670337 42.0939926858
244.669907354 37.946611037
243.632953357 33.8395728884
242.383087654 29.7842474318
240.937652642 25.7918992464
239.306923418 21.8740939826
237.496011166 18.0430099934
235.506205613 14.3116910589
233.335988286 10.6942574234
230.981869176 7.20608049352
228.439153505 3.86391744885
225.702716746 0.685994091273
222.767844841 -2.30798309822
219.631175771 -5.0969112924
216.291752448 -7.65850232962
212.752161589 -9.96965152474
209.019687388 -12.006989646
205.107356663 -13.7476282599
201.034704746 -15.1700823942
196.828067394 -16.2553184403
192.520224864 -16.9878353947
188.149304331 -17.3566548786
183.756980564 -17.3560831141
179.386170356 -16.9861262655
175.078542322 -16.2524899612
170.872212241 -15.1661630844
166.799945327 -13.7426551602
162.888060532 -12.0010060147
159.156076431 -9.962704527
155.617004581 -7.65064097606
152.278116378 -5.08818478656
149.141988706 -2.29843965547
146.207657755 0.696307972136
143.471757787 3.87495732888
140.929573825 7.21780403196
138.575982995 10.7066241806
136.406294636 14.3246621192
134.417025361 18.0565474532
132.606666136 21.8881603365
130.976519579 25.8064566845
129.531714341 29.7992570297
128.282549415 33.8549936361
127.246400556 37.9623985944
126.450561822 42.1100976636
125.936651539 46.2860441079
125.767690161 50.4766703031
126.039874649 54.6655234397
126.902874723 58.8309193831
128.596035492 62.9416400313
131.514565255 66.9485398259
136.329243957 70.7672642251
144.173723796 74.2418373539
156.731562915 77.07476599
175.192933501 78.7569993107
186.025823778 82.1122541925
214.812659017 80.8575925553
232.409187995 77.8574419801
241.698151789 74.0755599215
246.666390074 69.9580401596
249.34635087 65.6847197045
250.708429268 61.3363006396
251.245546687 56.9545248671
251.22672189 52.5641524947
250.807829309 48.1818805429
250.083285195 43.8203753137
249.11191601 39.490285542
247.930742808 35.2013463813
246.562734061 30.9630450422
245.021374629 26.7850641307
243.313474588 22.677608502
241.440971128 18.6516699563
239.402145063 14.7192579975
237.192502758 10.893610146
234.805484091 7.18938555853
232.23310868 3.62283785965
229.46664599 0.211955490906
226.497378481 -3.02345021281
223.317512403 -6.06173768599
219.921271035 -8.87954547857
216.306173463 -11.452063583
212.47445313 -13.7535099407
208.434503279 -15.757847305
204.202158772 -17.4397521247
199.801555928 -18.7758066675
195.265286776 -19.7458312063
190.633616765 -20.3342159655
185.952683167 -20.5310716954
181.271813401 -20.3330139961
176.640330757 -19.7434417071
172.104360812 -18.772257277
167.704151589 -17.4350814413
163.472274469 -15.7521020537
159.432844443 -13.7467419962
155.60167649 -11.4443272367
151.987146843 -8.87089520762
148.59147555 -6.05222654094
145.4121721 -3.01312881402
142.443453768 0.223039444996
139.677524012 3.63463970065
137.105665246 7.20186347952
134.719149258 10.9067248288
132.510000135 14.732972097
130.471664361 18.6659474985
128.599657312 22.6924142413
126.892271831 26.8003628812
125.351461272 30.9788009754
123.984057891 35.2175222436
122.803577938 39.5068417066
121.833035922 43.8372685011
121.109523192 48.199061902
120.691978447 52.5815644363
120.675006421 56.9720953766
121.214816878 61.3539322064
122.581066179 65.7022658643
125.267981519 69.9752507977
130.248825917 74.0919394409
139.562349638 77.8718469566
157.203641982 80.8671911672
210.97506818 84.5693966875
239.009514877 81.4114658004
249.632254913 77.2687347
254.145111338 72.8478141285
256.140746415 68.3273483738
256.88361401 63.7689990049
256.909119781 59.2007889633
256.477063153 54.6386292395
255.725952436 50.09341222
254.734351098 45.5738229206
253.548362078 41.0876328853
252.195131138 36.6423830453
250.689978474 32.2457978331
249.04038888 27.9060751626
247.248353612 23.6321191751
245.311806567 19.4337489376
243.225550353 15.3219000621
240.981899218 11.308827221
238.571181516 7.40830930616
235.982202628 3.63585331109
233.202749584 0.00888664353731
230.22021013 -3.45308029544
227.022373856 -6.7283491601
223.59847406 -9.79302561007
219.940508082 -12.6211591628
216.044831874 -15.1850908936
211.913953793 -17.4560697638
207.558352314 -19.4051840124
202.998026983 -21.0046173841
198.26339839 -22.2291778897
193.395157644 -23.0579660676
188.442783619 -23.47597121
183.461711001 -23.47533979
178.509482377 -23.0560804235
173.64152196 -22.2260630328
168.907289532 -21.0003123916
164.347451634 -19.3997386852
159.992402323 -17.4495408849
155.862115737 -15.1775386601
151.967048225 -12.6126442022
148.309690444 -9.78360678812
144.886385348 -6.71808220643
141.689121721 -3.44201712955
138.707128156 0.0206980825076
135.928192682 3.64836890857
133.339703936 7.42148838605
130.929451767 11.3226319872
128.686246008 15.3362949418
126.600421032 19.4486999021
124.664298848 23.6475930857
122.872692058 27.9220391581
121.223547695 32.2622187526
119.718874915 36.6592268587
118.366183972 41.1048640784
117.180833048 45.591403736
116.1900276 50.1113015634
115.439969902 54.6567808592
115.009399941 59.2191480246
115.037165414 63.7874948847
115.783785828 68.3458776032
117.786402838 72.8661936688
122.314417869 77.2865463247
132.977514847 81.4273837551
161.122981975 84.5778059932
186.23921774 87.997366777
251.805781005 84.8084720111
261.206377436 80.2262788437
263.601599733 75.5243013899
264.07509867 70.7984418196
263.747557175 66.0721522134
262.999420119 61.3558873446
261.992210937 56.6564749709
260.803841896 51.9795712946
259.474467183 47.3305363688
258.024955482 42.7148348068
256.465289025 38.1382696163
254.79873256 33.6071541101
253.024039516 29.1284638413
251.136674865 24.7099878739
249.129517471 20.360489473
246.993279853 16.0898819148
244.716780088 11.9094223641
242.287152872 7.83192421253
239.690066487 3.87198500626
236.910007159 0.0462223826738
233.930695309 -3.62649643973
230.735704868 -7.12485574157
227.309361614 -10.4249598886
223.637991691 -13.5003220735
219.7115661 -16.3220425011
215.52572737 -18.8592578176
211.084078819 -21.0799437018
206.400465083 -22.9521292344
201.500802913 -24.4455240262
196.423899674 -25.533464109
191.220718838 -26.1949652572
185.951795184 -26.4165707513
180.682955959 -26.1936463211
175.4800215 -25.5308462431
170.403507229 -24.441645128
165.504348438 -22.9470413534
160.821320181 -21.0737084667
156.380307208 -18.8519418545
152.195125737 -16.3137134762
148.269356053 -13.4910457163
144.598623555 -10.414798092
141.172887671 -7.11386563183
137.978467765 -3.61473015385
134.999686643 0.0587175230667
132.220118033 3.88516609095
129.623484043 7.84575213223
127.194273875 11.9238610522
124.918159737 16.1048975556
122.782281042 20.3760497619
120.77546139 24.7260613662
118.888419821 29.1450193966
117.114043196 33.6241604254
115.447806827 38.1556948366
113.888478402 42.7326461929
112.439343743 47.3486999917
111.110418539 51.9980517007
109.922628789 56.6752347075
108.916235565 61.3748860859
108.169372 66.0913447984
107.844083413 70.8177730214
108.322307425 75.5436888001
110.730508879 80.2455359199
120.19175834 84.8266742191
293.307603987 87.4378399724
280.030566706 82.670863419
276.112087269 77.8425017245
273.590698897 73.0119486448
271.524337911 68.1889070132
269.649738962 63.3785028012
267.861579403 58.5849641171
266.107118123 53.8124081319
264.355013555 49.0651186863
262.583751428 44.3476958646
260.776620795 39.6651701776
258.919251603 35.0231111794
256.998276487 30.4277429071
255.000531769 25.8860728718
252.912537716 21.406039263
250.720136456 16.9966800944
248.408231641 12.6683272768
245.960609781 8.43282751265
243.359846787 4.30378997678
240.587322816 0.296857368483
237.623387729 -3.57000869044
234.447739642 -7.27624570177
231.040098744 -10.7984423258
227.381272406 -14.110172403
223.454705421 -17.1819811847
219.248574875 -19.9816176249
214.758400435 -22.4746235466
209.989978939 -24.6253884341
204.96222188 -26.3987400063
199.709228946 -27.7620493676
194.280788927 -28.6876851274
188.740616729 -29.1554851341
183.16210765 -29.1547948824
177.622127729 -28.6856262866
172.194055036 -27.7586562682
166.941573686 -26.394065523
161.914434051 -24.6194985925
157.146696028 -22.4675917471
152.657234891 -19.9735194479
148.451817735 -17.1728903623
144.525941921 -14.1001581669
140.867769279 -10.7875680715
137.46073538 -7.26456869489
134.285643174 -3.55758033905
131.322211842 0.309991069596
128.550140547 4.31758781868
125.949781287 8.44725219991
123.502516872 12.6833444593
121.190925986 17.0122574619
118.998797719 21.4221457639
116.911037829 25.902678062
114.913489812 30.4448164191
112.992674227 35.0406223011
111.135426117 39.6830875272
109.328374421 44.3659871486
107.557141408 49.0837505251
105.805001345 53.8313459331
104.050411334 58.6041719623
102.261971317 63.3979432727
100.386808438 68.2085407632
98.319254381 73.0317330249
95.7948857326 77.8623852795
91.8655773414 82.690751832
78.4654854986 87.4568909424
5.79099609088 86.4849847438
310.06243709 83.9483287216
292.803710605 79.5515718237
285.133144522 74.8398839466
280.436437221 70.0420553092
276.991018847 65.2161513861
274.172066292 60.3848404612
271.69877241 55.5601174133
269.424672204 50.7500371334
267.264108178 45.9610892165
265.161916772 41.199215802
263.07934179 36.4703321604
260.986842288 31.7806462566
258.860121041 27.1368951758
256.677774913 22.5465516033
254.419815055 18.0180274964
252.06668237 13.5608905898
249.59856648 9.1861036528
246.994933465 4.90629276558
244.234225929 0.736047370872
241.293740389 -3.30774994237
238.14972241 -7.20557349312
234.777754107 -10.9349056583
231.153541038 -14.4699273573
227.254228451 -17.7813102767
223.060376213 -20.8362052334
218.5586717 -23.5985538829
213.745322738 -26.0298732887
208.629821633 -28.0906557766
203.238421707 -29.7424613709
197.616322701 -30.9506345565
191.827432072 -31.6873600501
185.950898245 -31.9345480394
180.074476642 -31.6859229901
174.285911354 -30.947787934
168.664319515 -29.7382566691
163.273564287 -28.0851624063
158.158796633 -26.023171476
153.346223987 -23.5907279289
148.845300335 -20.8273380991
144.652204573 -17.7714798845
140.753604197 -14.4592046007
137.130046843 -10.9233539085
133.758671618 -7.19324908781
130.61518243 -3.29470281793
127.675162301 0.749773114905
124.914858698 4.92065794764
122.311570232 9.20107281206
119.843741262 13.5764308354
117.490838771 18.034107526
115.233051861 22.5631408854
113.0508188 27.153963266
110.924144999 31.7981622173
108.831616913 36.488264049
106.748919576 41.2175301782
104.646482169 45.9797505896
102.485497287 50.7690072018
100.210710023 55.5793537856
97.7362896268 60.4042941283
94.9154128576 65.2357610033
91.4664374405 70.06173225
86.7622299623 74.8594651084
79.0719677751 79.5706218838
61.738755027 83.9648356571
343.230039945 83.3432326281
313.443911785 80.3095552085
298.889220665 76.1117980251
290.635226491 71.5328965848
285.129148189 66.8043442185
280.999726408 62.0097000833
277.636055573 57.1865324552
274.728441685 52.3551575494
272.102636707 47.5284893254
269.651726362 42.7160127932
267.304916372 37.9256188344
265.011889664 33.1645632216
262.734357299 28.4400362632
260.441187489 23.7595521153
258.105426016 19.1312568119
255.70236998 14.564206648
253.208258538 10.0686465734
250.599348648 5.65630717757
247.851257196 1.34073227745
244.938521966 -2.86235627471
241.834386852 -6.93465652932
238.510864197 -10.854857209
234.939175492 -14.5982068649
231.090718339 -18.1361290674
226.938740726 -21.4359661549
222.460905079 -24.4609799801
217.642846312 -27.1707818209
212.482610394 -29.522393242
206.99546712 -31.4721213767
201.218062327 -32.9783205594
195.210411741 -34.0048804204
189.054211209 -34.5249605933
182.8466933 -34.5242093819
176.690748593 -34.0026431857
170.683581673 -32.9746441524
164.906839519 -31.4670767842
159.420479159 -29.5160670995
154.261088653 -27.1632677943
149.443888425 -24.4523715407
144.966886839 -21.4263514641
140.815692984 -18.1255880223
136.96795331 -14.5868100974
133.396907421 -10.8426667576
130.073950478 -6.92172708428
126.970305249 -2.84873570856
124.057986414 1.35500221987
121.31024003 5.67118944231
118.701605373 10.0841072898
116.207699557 14.5802138753
113.804777775 19.1477795098
111.469074514 23.7765592656
109.175878023 28.4574960826
106.898219067 33.1824424
104.60494139 37.943881709
102.257716397 42.7346203037
99.8061616553 47.5473974707
97.1793714394 52.3743147763
94.270231734 57.205874721
90.904111761 62.0291405292
86.7705173012 66.8237490807
81.2566717993 71.5520209929
72.9863081152 76.1300831465
58.3918221633 80.3253495088
28.5189653929 83.3509114727
5.88874341967 81.2296885809
334.731680371 79.8849862329
314.329965986 76.6493011409
302.075531137 72.5485387009
294.104192819 68.0682628737
288.394580977 63.4062504175
283.964307184 58.6509718672
280.305060699 53.8474519318
277.132192909 49.0216202077
274.274076775 44.1902555194
271.620057968 39.3654969033
269.094199709 34.5571003649
266.641149194 29.7736807137
264.218066253 25.023467799
261.789754703 20.3148229381
259.325567565 15.6566391288
256.797336811 11.0586924854
254.17792068 6.53198503183
251.440145825 2.08910479208
248.556030053 -2.25537933686
245.49624471 -6.48447724117
242.229835589 -10.5782894826
238.724280642 -14.5134828001
234.946029439 -18.2627598608
230.861731713 -21.7943822281
226.440410984 -25.071860403
221.656844735 -28.053985265
216.496280261 -30.6954344861
210.960266058 -32.9482274583
205.072759007 -34.764258589
198.884876472 -36.0989469953
192.476092653 -36.9156736976
185.949958731 -37.1902205761
179.423975217 -36.9141118299
173.015624094 -36.0958609741
166.828406264 -34.7597180643
160.941727147 -32.9423243436
155.406632014 -30.6882721486
150.247014096 -28.0456689614
145.464372727 -25.0624902583
141.043921462 -21.7840489734
136.960417125 -18.2515429619
133.182872079 -14.5014508177
129.677932085 -10.5655023826
126.412048657 -6.47098767837
123.352703485 -2.24123247461
120.46894522 2.10386984102
117.731447027 6.54733313013
115.112227048 11.0745908329
112.584109967 15.6730559847
110.119948741 20.3317265329
107.6915654 25.0408253333
105.26829633 29.7914573508
102.814918765 34.575258093
100.288550488 39.3839930655
97.6337714963 44.2090406512
94.7745348503 49.0406344906
91.5999986147 53.8666188297
87.9381999488 58.6701857423
83.5038513293 63.4253503295
77.7873386387 68.0869717386
69.8034381282 72.5663067933
57.5246786958 76.6648691281
37.0794266706 79.8952924918
352.610489831 78.3930979989
330.022513623 76.3474284608
314.381510378 72.9841357124
303.836251753 68.9292696415
296.35862614 64.5163159003
290.70746409 59.9087941641
286.182698862 55.1910316029
282.379877617 50.410280516
279.053565603 45.5954583637
276.046648662 40.7659005637
273.253078542 35.9357391356
270.597422371 31.1162581763
268.023107649 26.317261532
265.485343298 21.547937644
262.946652603 16.8174637457
260.37391639 12.1354787037
257.736317713 7.51249881695
255.003844094 2.96032297964
252.146154978 -1.50754132708
249.13171843 -5.87540881059
245.927193052 -10.1248889664
242.497097033 -14.234296013
238.803882578 -18.1780111446
234.808626791 -21.9258297011
230.472624372 -25.4423706731
225.760256973 -28.6867117603
220.643510355 -31.612480407
215.108283012 -34.1687248874
209.162065056 -36.3019356181
202.841579791 -37.9594910054
196.217820197 -39.0944732763
189.395334834 -39.6712263332
182.503633505 -39.6704092015
175.681491868 -39.0920444883
169.058374121 -37.9555144873
162.738751462 -36.2965063608
156.793528182 -34.1619557647
151.259345608 -31.6044896384
146.143629132 -28.6776133053
141.432232628 -25.432268203
137.09711499 -21.9148136294
133.102643738 -18.1661579961
129.410107192 -14.2216709779
125.980584022 -10.1115502375
122.776533195 -5.86140633846
119.7624774 -1.4929168525
116.905077787 2.97553284576
114.172803441 7.52826030573
111.535312422 12.151759322
108.962587373 16.8342309808
106.423801678 21.5651577615
103.885819809 26.3348983517
101.31113908 31.1342716828
98.6549280204 35.9540836982
95.8605512041 40.7845223811
92.852476066 45.6142914304
89.5244920666 50.429239742
85.7192112857 55.210000259
81.1907178286 59.927599443
75.5336782915 64.5346781308
68.0463792549 68.9466901636
57.4847623103 72.9996428303
41.8177084628 76.3590735927
19.2017138009 78.3976724502
5.9128392199 76.1631795507
344.318433962 75.2414737897
326.844424209 72.7771956812
314.083222059 69.3176031317
304.821627834 65.2814559056
297.856046856 60.913082758
292.373014338 56.3477060589
287.864038854 51.6624383559
284.009826422 46.9038452839
280.603585077 42.101964942
277.505963542 37.2775798374
274.618928586 32.4461631225
271.8703225 27.6201417497
269.204440806 22.8102793334
266.576065485 18.0265869299
263.946527403 13.2789798211
261.280987212 8.57780381095
258.546463744 3.93430608552
255.710333833 -0.638899784972
252.739147461 -5.12733903749
249.597686069 -9.51412395117
246.248263042 -13.7793249613
242.650337733 -17.8992594469
238.760627404 -21.845721095
234.534012323 -25.5851658485
229.925627198 -29.0779896316
224.894712727 -32.2781090977
219.41072873 -35.1331575556
213.461866615 -37.5857561547
207.065158746 -39.5763544733
200.275806246 -41.047940553
193.191712815 -41.9523589055
185.948940977 -42.2570995525
178.706373288 -41.9506597645
171.622861671 -41.044594202
164.834387313 -39.5714552286
158.438747278 -37.5794253208
152.491037566 -35.1255272415
147.008204819 -32.2693090964
141.978380612 -29.0681389031
137.370989013 -25.5743682044
133.145253118 -21.8340636126
129.256299853 -17.8868129753
125.659007041 -13.7661519464
122.31010282 -9.50028156056
119.169055431 -5.11287268437
116.198181587 -0.623847659787
113.36226477 3.94990923544
110.627854759 8.59392477556
107.962324665 13.2955854523
105.332684829 18.0436427649
102.704080989 22.8277481904
100.03782018 27.6379821496
97.2886476655 32.4643273091
94.4008028902 37.2960110228
91.3020418561 42.1205931273
87.8941962258 46.9225804596
84.0376980955 51.6811587855
79.525399111 56.3662370301
74.0374071079 60.931156231
67.0642315209 65.2986312092
57.7908826141 69.3331117579
45.0123232179 72.7896764107
27.517826155 75.2487781232
356.302204202 73.4782249405
338.654458963 71.9331016099
324.453436123 69.1886669878
313.626030425 65.6503515153
305.355445939 61.6177874001
298.864272697 57.2782767834
293.590439073 52.7447103291
289.155402532 48.0864548668
285.305589008 43.3479516921
281.867749973 38.5591779381
278.719856464 33.7415464046
275.772799902 28.9113333614
272.95884402 24.0817582758
270.224182725 19.264316419
267.523994891 14.4696932486
264.819030511 9.70844777501
262.073144989 4.99157735593
259.251425801 0.331036448462
256.318695846 -4.25973960179
253.238271843 -8.76526639249
249.970931059 -13.1673654151
246.474111094 -17.4444126051
242.701444819 -21.5704895618
238.602952108 -25.5144462295
234.12620832 -29.23886974
229.219146565 -32.6992246711
223.835307378 -35.8433725283
217.942216125 -38.6119504447
211.532963852 -40.9402513196
204.639460658 -42.7622555228
197.343327627 -44.0170826659
189.778266316 -44.6571811256
182.118573142 -44.656289855
174.553980411 -44.0144402734
167.258709051 -42.7579497197
160.366337163 -40.9344093524
153.958352345 -38.6047187111
148.066550708 -35.8348987448
142.683942026 -32.6896457526
137.778002888 -29.2283055223
133.302250638 -25.5029973177
129.204611559 -21.5582362519
125.432654989 -17.4314170018
121.936406576 -13.1536935189
118.669522273 -8.75097066585
115.589443247 -4.24485963238
112.656949559 0.346465089417
109.835359385 5.00752084332
107.089493642 9.72487248242
104.384433125 14.4865642425
101.684020465 19.2815959113
98.9489847571 24.0994039094
96.1344726834 28.9292961172
93.1866296524 33.7597677871
90.037646523 38.5775858687
86.5983043077 43.3664541164
82.746404458 48.1049292879
78.3084343521 52.7629859397
73.030406389 57.2961029551
66.5331443886 61.6347771294
58.2537008475 65.6658820191
47.4138829916 69.2017267224
33.1977931026 71.9421644758
15.5380839074 73.4815347371
5.92391179337 71.2301940823
349.217511586 70.5198125873
334.495478495 68.5352400058
322.535740926 65.5874998203
313.099663481 61.9822467469
305.615139081 57.9446927901
299.548076779 53.6233331188
294.493173512 49.1135287183
290.161654929 44.4773451456
286.349850704 39.7564903069
282.912250705 34.9801836423
279.742333718 30.1699068364
276.759639092 25.3423288373
273.901116969 20.5111714472
271.115262502 15.6884587907
268.358030185 10.8854100807
265.589879158 6.11313258745
262.773533006 1.38321491108
259.872187147 -3.29171052641
256.847996626 -7.89738361871
253.66075205 -12.4172681511
250.266724293 -16.8317992085
246.617714263 -21.1174684563
242.660481583 -25.2458699817
238.337069192 -29.182450538
233.586267726 -32.8852878023
228.347483027 -36.3040356464
222.567981838 -39.3793896018
216.214532407 -42.0437791368
209.28927511 -44.2241803218
201.846908916 -45.8478854937
194.006361689 -46.8513249371
185.94780074 -47.1904538224
177.88952202 -46.8494689931
170.04976959 -45.8442458701
162.608576815 -44.2188855209
155.684705209 -42.0369892399
149.332702068 -39.3712722996
143.554596152 -36.2947489134
138.317087829 -32.8749705217
133.567411415 -29.1712194087
129.244964969 -25.233819583
125.288544063 -21.1046655678
121.640168247 -16.8183018447
118.246646397 -12.4031508274
115.059788466 -7.88268587083
112.035865913 -3.27646814539
109.134672909 1.39896766465
106.318364797 6.12936178608
103.550132605 10.902080586
100.792689722 15.7055325997
98.0064776915 20.5286058831
95.147423564 25.3600744028
92.1639814064 30.1879044283
88.9930407113 34.9983606403
85.5540513941 39.7747547323
81.7403597277 44.495576525
77.4062583985 49.1315632846
72.3477851936 53.6409392708
66.2757475356 57.9615301278
58.7843047438 61.9977997164
49.3389008356 65.6009829121
37.3677772227 68.5455149546
22.6349980994 70.5254902424
358.295284557 68.6372485191
343.824149041 67.3879240345
331.275345933 65.0800369933
320.936339212 61.976306209
312.5516463 58.3129738507
305.705591755 54.2656785184
300.013663152 49.9552423606
295.173246695 45.4631610498
290.959025671 40.8449566328
287.205251234 36.1394334262
283.78891588 31.3746701383
280.616846912 26.5718478609
277.616448299 21.7477279567
274.729166826 16.9163050044
271.905840045 12.0899608328
269.103298579 7.28032273171
266.281784932 2.49895628501
263.402889505 -2.24201846664
260.427801442 -6.92932188324
257.315742848 -11.5478668586
254.022516666 -16.0800212132
250.499204187 -20.5047284441
246.690851569 -24.7963570657
242.536072945 -28.9237394985
237.967140324 -32.8483328301
232.912127293 -36.5229206254
227.300230861 -39.8902335131
221.071952935 -42.882407466
214.195516211 -45.4222018422
206.688731201 -47.42725171
198.640776429 -48.8183754964
190.222424541 -49.5315437677
181.671993251 -49.5305658589
173.254293483 -48.8154861248
165.207514468 -47.4225726586
157.702228436 -45.4159044667
150.827413018 -42.8746811408
144.600723999 -39.8812608829
138.990288008 -36.5128633919
133.936560359 -32.8373266428
129.368725413 -28.911894735
125.214868054 -24.7837616245
121.407264212 -20.4913985073
117.88449115 -16.0660847396
114.591703757 -11.5333576408
111.479953148 -6.91427378571
108.505049085 -2.22646590656
105.626216962 2.51497925225
102.804644273 7.29678101091
100.001914093 12.106816566
97.1782547827 16.9335156935
94.2904741838 21.765244301
91.2893756138 26.5896110508
88.1163558882 31.3926081965
84.6987468314 36.1574559546
80.9432719663 40.8629469303
76.7267750696 45.4809639198
71.8832969931 49.9726449182
66.1872352491 54.2823799919
59.3356281452 58.3285396936
50.9436676505 61.9901060753
40.5958134967 65.091188535
28.0379308015 67.395327152
13.5606118531 68.6398655344
5.93036843638 66.3863656516
352.205257374 65.8037455236
339.58704074 64.1394622874
328.685608843 61.5845551604
319.569961585 58.3564665122
312.009561928 54.6422379081
305.69278293 50.5827995864
300.33246358 46.2785022005
295.696064591 41.7997434137
291.604181918 37.1963032602
287.920105821 32.5041336806
284.538974783 27.7499837989
281.378887897 22.9544996114
278.374164385 18.1343205125
275.470342165 13.303536251
272.620441615 8.47474514471
269.782098868 3.65987287487
266.915268785 -1.12913928451
263.980277512 -5.87969742964
260.936065823 -10.5779055119
257.738514392 -15.2078466599
254.338787938 -19.7507471547
250.681841824 -24.1838106952
246.704623184 -28.4793941628
242.335730006 -32.6027959016
237.495332976 -36.5109545152
232.098222406 -40.1503394058
226.061257941 -43.4553352325
219.317968981 -46.3477533966
211.84206169 -48.738930982
203.677600942 -50.5362257118
194.965356051 -51.6550138062
185.946476431 -52.0346506415
176.927997233 -51.6529718588
168.216862342 -50.5322442238
160.053994102 -48.7331870875
152.579899218 -46.3404589138
145.838426598 -43.4467015567
139.803144221 -40.1405558416
134.407513309 -36.5001796004
129.568373254 -32.5911575137
125.20052204 -28.4669951466
121.224168603 -24.1707561531
117.567815362 -19.7369879277
114.168602747 -15.1935293721
110.971408422 -10.5630566054
107.927418651 -5.86435132543
104.992521839 -1.11333005918
102.125660379 3.67611037599
99.2871562217 8.49137352191
96.4369535875 13.3205136137
93.5326702749 18.1515983191
90.527298609 22.9720200643
87.3663356826 27.7676764549
83.9840426499 32.5219107635
80.2984370267 37.2140528945
76.2045439426 41.8173195767
71.5654992498 46.2957096004
66.2016977819 50.59937101
59.8803653786 54.6578015202
52.3141431996 58.3705035046
43.1914510721 61.5963604352
32.2824630671 64.1481527169
19.6579842221 65.8084031474
359.562885059 63.8504113845
347.278834727 62.7974474321
336.168475628 60.8081294373
326.54618051 58.0586770923
318.386012534 54.7288239788
311.490744653 50.9698373718
305.620519867 46.8973697426
300.554472656 42.5961716996
296.109550239 38.1276420537
292.140299108 33.5365616836
288.532481583 28.8561849976
285.195875381 24.111859239
282.058011283 19.3235522424
279.059171947 14.507630446
276.148496454 9.67814222801
273.280924117 4.84778619977
270.414722948 0.0286906676002
267.509390573 -4.76690361852
264.523757864 -9.52598484882
261.414161843 -14.2340719725
258.132587554 -18.8744138861
254.624720662 -23.4269810167
250.828117773 -27.8673934571
246.669928447 -32.1651973501
242.066145439 -36.2820321531
236.921751056 -40.1693833839
231.134784258 -43.766100393
224.607089954 -46.9963763362
217.265707199 -49.7694416408
209.097059021 -51.9831502161
200.188394867 -53.5339964927
190.756620143 -54.3344057684
181.134938295 -54.3333224987
171.704097704 -53.5308108816
162.797073818 -51.9780346305
154.630438259 -49.7626290107
147.291138241 -46.9881111357
140.765394774 -43.7566055588
134.980145112 -40.1588457014
129.837202371 -36.2706006464
125.23461241 -32.1529887545
121.077379177 -27.8545038124
117.281465759 -23.4134642586
113.774202837 -18.8602920828
110.493045669 -14.2194247799
107.383716081 -9.51084877229
104.398214105 -4.75131293396
101.492882384 0.0447014882991
98.6265510045 4.86418047157
95.7587104877 9.6948790272
92.8476147104 14.5246624499
89.8481804574 19.3408232298
86.7095137624 24.1293009603
83.3718506545 28.8737130052
79.7626575497 33.5540695255
75.7916249285 38.1449929667
71.344399844 42.6131865886
66.2753836832 46.9138099093
60.4013595795 50.9853806116
53.5013242719 54.7430346566
45.3354298614 58.0709778986
35.7068423016 60.8177997114
24.5906871406 62.8036980764
12.3030216804 63.8525829319
5.93466073553 61.5937752774
354.244495968 61.0979874302
343.234579057 59.6633737937
333.351596178 57.414853123
324.745822821 54.5085697194
317.352872104 51.0939878292
311.006976158 47.2956931257
305.519381762 43.2103323527
300.716061884 38.9104731218
296.449940457 34.4501235441
292.601174034 29.8697176075
289.073115156 25.2000079418
285.787396044 20.4649352656
282.679410745 15.6837064309
279.694524469 10.8723090228
276.784973813 6.04464424301
273.9073064 1.21341400392
271.020189073 -3.60913608426
268.082425116 -8.41053804822
265.051038548 -13.1774186666
261.87930085 -17.8947458557
258.514598078 -22.5449282613
254.896116791 -27.1066994912
250.952216763 -31.5537338309
246.597987408 -35.8526422604
241.733495921 -39.9606884413
236.244207683 -43.8228477511
230.006676072 -47.3686462437
222.904401039 -50.5096497934
214.85992612 -53.139600031
205.885316924 -55.1405399873
196.13800149 -56.398392596
185.944874003 -56.8276092017
175.752335718 -56.3961209676
166.00661827 -55.1361459515
157.034214679 -53.1333321401
148.992132148 -50.5017895754
141.892136392 -47.3594577879
135.656615367 -43.8125532301
130.169018464 -39.9494633646
125.305906143 -35.8406210244
120.952773931 -31.5410192854
117.009715169 -27.0933690419
113.391871494 -22.5310098961
110.027650717 -17.8803015148
106.856230177 -13.1624939724
103.825015139 -8.39516839559
100.887287338 -3.59335560571
98.0000737378 1.22956952468
95.1221741043 6.06113514202
92.2122451224 10.8890895687
89.2268168268 15.7007224177
86.1180993925 20.4821211215
82.831420722 25.2172830165
79.3021239496 29.8869811788
75.4517736049 34.4672479158
71.1836349574 38.9272939785
66.3777576864 43.2266353936
60.8869478836 47.3111962106
54.5370796291 51.1083192376
47.1393930737 54.5212474002
38.5283459861 57.4252795484
28.6401932357 59.6708759004
17.6263275407 61.101935922
0.455411825943 59.0893178166
349.779615331 58.1779741589
339.869215672 56.4318047154
330.993466792 53.9732466739
323.212732289 50.9383474709
316.450157515 47.4524809567
310.56696368 43.619862857
305.411799601 39.5224694164
300.844754917 35.2231550155
296.745567584 30.7697834614
293.014065144 26.1990004247
289.567529519 21.5392606868
286.337246121 16.813131089
283.265162595 12.0390132425
280.300945445 7.2324409839
277.399449095 2.40708438817
274.518507145 -2.42443483948
271.616921719 -7.24983270787
268.65251886 -12.0564857045
265.580136861 -16.8307196567
262.349415758 -21.5569923654
258.902271309 -26.2168868215
255.169946279 -30.7878366953
251.069625844 -35.2413693613
246.501034352 -39.5407984323
241.343776656 -43.6382143726
235.457777517 -47.4706972696
228.691515429 -50.9561781754
220.906105717 -53.9903194723
212.024788539 -56.4476082789
202.108396467 -58.19188087
191.427081876 -59.1006758696
180.460951014 -59.0994586508
169.781029489 -58.1883256703
159.866994363 -56.441966034
150.98842313 -53.9829109777
143.205697403 -50.947317895
136.44181352 -47.4606522986
130.557804363 -43.6271939351
125.402154816 -39.5289596062
120.834831785 -35.228828248
116.735487806 -30.7746785242
113.003892993 -26.203165526
109.557291117 -21.542750615
106.326942117 -16.8160058649
103.254776275 -12.0413376022
100.290447787 -7.23428431862
97.3888018482 -2.40852093935
94.507664637 2.42332562659
91.6058319257 7.24896571928
88.6411241725 12.0557696251
85.5683750572 16.8300565772
82.3372214262 21.5562787303
78.8895706286 26.2160161533
75.1566552203 30.7866779145
71.0556902867 35.2397773315
66.4864233084 39.5386263478
61.3285057161 43.6353051862
55.4419544482 47.466887337
48.6754058349 50.9513088892
40.8902147798 53.9842604912
32.0099249107 56.4402961991
22.0956372311 58.1833689952
11.4175458212 59.0911725606
5.9377665708 56.8179286186
355.748853777 56.3860450266
346.006629502 55.1260520894
337.037194326 53.1235491586
328.997396387 50.4925600025
321.899034123 47.3509356023
315.664621143 43.8048208538
310.177749067 39.9425525544
305.315100836 35.8345301263
300.962265344 31.5357251988
297.019402906 27.0888347306
293.401701865 22.5271887972
290.03760239 17.8771399766
286.866304475 13.1599324993
283.835229707 8.3931421896
280.897672147 3.5917946883
278.010668677 -1.23074045022
275.133027623 -6.06199700716
272.223413525 -10.8897293845
269.238363847 -15.7012337546
266.130095869 -20.4826042865
262.843945765 -25.2178446945
259.315268703 -29.8877401893
255.465626398 -34.4683432163
251.198267905 -38.9288743219
246.393216074 -43.2288611042
240.903214692 -47.3142413072
234.554012929 -51.1123663619
227.156629799 -54.5264723391
218.545182945 -57.4318183232
208.655512663 -59.6787695198
197.638715412 -61.1110644306
185.942836797 -61.6038239225
174.247871178 -61.1084959502
163.233472062 -59.673859036
153.346935573 -57.4249232594
144.738675097 -54.517968408
137.344138458 -51.1025784839
130.997304861 -47.3034223023
125.509196346 -43.2171971371
120.705620776 -38.9164992311
116.43939097 -34.4553525729
112.590591744 -29.8742002546
109.062530088 -25.203800705
105.77680932 -20.4680990207
102.6688049 -15.6863059902
99.6838697391 -10.8744131852
96.7742318981 -6.0463260882
93.8964326872 -1.21475131175
91.0091339642 3.60806033525
88.071134966 8.40963511623
85.0394567373 13.1765934497
81.8673700216 17.8938966886
78.5022645781 22.5439522603
74.8832989719 27.1054943297
70.9388617242 31.5521423322
66.5840803929 35.8505298814
61.7190506321 39.9579132066
56.2293069096 43.8192616286
49.9915183192 47.3641048561
42.8893578295 50.5040295149
34.8455927353 53.1328257473
25.872511603 55.1326222997
16.1276506954 56.3894627943
1.12983643478 54.3236267868
351.702200777 53.5209197925
342.798122438 51.9682732977
334.633935861 49.7532665024
327.296519921 46.9793412688
320.772146486 43.748550636
314.987855928 40.1515710521
309.845570363 36.2641305213
305.243429103 32.1473192615
301.086508604 27.8496120401
297.290825443 23.4093141874
293.783748907 18.8568381978
290.502762089 14.216614165
287.393607233 9.50862224416
284.408299893 4.74960557539
281.503195175 -0.0459601779164
278.637133871 -4.86506668579
275.76961637 -9.69547495454
272.858906197 -14.5250567146
269.859930005 -19.3411113707
266.721804603 -24.129585915
263.384779069 -28.8741073087
259.77633048 -33.5547015039
255.806148817 -38.1460068494
251.359871333 -42.6147408819
246.291867374 -46.9160807873
240.418838305 -50.9885627439
233.519607698 -54.7473346481
225.354008112 -58.0765926639
215.724709154 -60.8248680011
204.606271506 -62.8122196911
192.31449854 -63.8623345009
179.568949943 -63.8609376657
167.279375869 -62.8081823279
156.164458901 -60.8185701938
146.538972481 -58.0684829696
138.376827892 -54.737813533
131.480454281 -50.9779405157
125.609677893 -46.9045812895
120.543405113 -42.6025205694
116.098435476 -38.1331741482
112.129224428 -33.5413313567
108.521479349 -28.8602512338
105.184945002 -24.1152842227
102.047132313 -19.3264010737
99.0483117844 -14.5099713748
96.1376148141 -9.680047101
93.2699756093 -4.84933098593
90.4036585828 -0.029956013781
87.4981587598 4.76583180421
84.5123053874 9.52501475226
81.402435558 14.2331050876
78.1205398336 18.8733443231
74.6123279457 23.4257328411
70.815242835 27.8658158272
66.6566071587 32.1631493848
62.0523885109 36.2793885539
56.9076220424 40.166009522
51.1204338777 43.7618639173
44.5927967969 46.9911605116
37.2519167689 49.7631658134
29.0843955308 51.9757977156
20.1776059895 53.5256440051
10.7484283322 54.3252398934
5.94015409796 52.025406932
356.924519366 51.6433917953
348.216179465 50.5226304479
340.055799778 48.7238159321
332.583750098 46.3315511325
325.843859317 43.4384137236
319.809749512 40.1329863049
314.414965692 36.4933804829
309.576431986 32.5851469145
305.209019044 28.4617670068
301.232993188 24.166287334
297.576900319 19.7332429314
294.177913317 15.1904633306
290.98093418 10.5606170857
287.937167873 5.86247935305
285.002517805 1.11196062555
282.135939156 -3.67704815748
279.297765572 -8.49195651858
276.447952733 -13.3208249833
273.544130363 -18.1517279921
270.539303888 -22.9720654254
267.378985594 -27.7677437767
263.997453327 -32.5221188243
260.312737805 -37.2145365673
256.219870945 -41.818230537
251.581983449 -46.2972192429
246.219433054 -50.601674814
239.899337496 -54.6611203332
232.334090779 -58.3750751587
223.211633656 -61.6024082171
212.301393717 -64.1558109251
199.673426591 -65.8175967493
185.940077112 -66.3967135739
172.208253062 -65.8146227121
159.584096424 -64.150227483
148.678445558 -61.5947456215
139.560252788 -58.3658340193
131.998511179 -54.6506886534
125.681132491 -50.5903261558
120.320630588 -46.2851388407
115.6842651 -41.8055424706
111.592514593 -37.2013243289
107.908602565 -32.5084392521
104.527629999 -27.753637947
101.367675069 -22.9575679992
98.3630453698 -18.1368709127
95.4592723531 -13.3056392203
92.6093727703 -8.47647470752
89.7709807065 -3.66130717032
86.9040499375 1.12791738822
83.9689063488 5.87859971112
80.9244915958 10.5768376276
77.7266896672 15.2067065413
74.326680066 19.7494136827
70.6693334694 24.182268517
66.6917867254 28.4774141177
62.3225482511 32.6002815335
57.4818527201 36.5077829356
52.0845590842 40.1463885662
46.0476237261 43.4504950795
39.3047022711 46.3419413549
31.8296421681 48.7321130768
23.6666251335 50.5284403663
14.9564502362 51.6463897916
1.66725071987 49.5213784788
353.252114809 48.806126736
345.207759475 47.413308714
337.704587784 45.4069694472
330.831502683 42.8662570581
324.606164544 39.8734754734
318.996750966 36.5057964814
313.943785224 32.8310198886
309.376518477 28.906361085
305.223093104 24.7789929573
301.415831266 20.4873712096
297.893346202 16.062763526
294.600820552 11.5306980509
291.489327099 6.91222374737
288.514693056 2.22496665581
285.636158602 -2.51599269868
282.814924597 -7.29737970909
280.012587086 -12.1070777585
277.189387902 -16.9335231583
274.302149732 -21.7650889675
271.301693071 -26.5893921243
268.129434867 -31.3924354781
264.712728682 -36.1574533517
260.958318807 -40.8632553275
256.743065958 -45.4817444744
251.901013207 -49.9740847666
246.20651725 -54.2846987327
239.356471606 -58.3319924538
230.965702638 -61.9949727754
220.617918803 -65.0977256581
208.057826804 -67.403647887
193.575113028 -68.6497595025
178.301946159 -68.6481045441
163.823000368 -67.398947105
151.268433609 -65.0905867693
140.926019905 -61.9860305635
132.539642807 -58.3217432061
125.69292825 -54.2734833116
120.000882566 -49.9621254264
115.160610554 -45.4691842557
110.946641782 -40.8501869632
107.193146053 -36.1439381826
103.777073707 -31.3785159869
100.60523075 -26.5751013405
97.6050108465 -21.750456434
94.7178562058 -16.9185776747
91.8946027339 -12.0918496259
89.0920808969 -7.28190309379
86.2705338443 -2.50030785266
83.3915532244 2.24081125844
80.4163301901 6.92816916773
77.3040900836 11.5466723473
74.0106402922 16.0786787418
70.4870291533 20.5031197202
66.6784113397 24.7944430458
62.5233712084 28.9213517226
57.9542065196 32.8453549535
52.8990497055 36.5192391825
47.2871729287 39.8857447155
41.0591750016 42.8770289569
34.1833899867 45.415888839
26.6777308456 47.4200159888
18.631428792 48.8103021591
10.2152144976 49.5227974056
5.94207677009 47.1817172863
357.886092153 46.8404501824
350.048622728 45.8351919251
342.609530534 44.2100295375
335.687469477 42.0285282171
329.336949698 39.3633571835
323.560016147 36.2874847942
318.323414684 32.8684226107
313.57443491 29.1654208952
309.252528253 25.2287790401
305.296536528 21.1003729522
301.648517182 16.8147329538
298.255309384 12.4002704289
295.068747271 7.88044981007
292.045121973 3.27482470745
289.144244298 -1.40007692825
286.32828447 -6.13000162281
283.56044776 -10.9023219147
280.803462188 -15.7054526536
278.017785324 -20.5282886407
275.159362755 -25.3596114364
272.176670732 -30.1873965216
269.006625158 -34.9979205124
265.568706154 -39.7745103967
261.756293237 -44.4956751548
257.423711512 -49.1321771539
252.367015438 -53.6422745201
246.296972497 -57.9638371331
238.807545683 -62.0013799699
229.363613744 -65.6061752796
217.39217222 -68.5526174472
202.655437667 -70.5345564222
185.935995647 -71.2407710781
169.219412522 -70.5309868018
154.489227921 -68.5461181754
142.524712908 -65.5975603667
133.086435028 -61.9913024845
125.601177757 -57.952732131
119.534103841 -53.6304126707
114.479503774 -49.1197243777
110.148399063 -44.4827341852
106.337020784 -39.7611464577
102.899812871 -34.9841769553
99.7302340502 -30.1733050267
96.7478161679 -25.3451988872
93.8895078245 -20.513581061
91.1038053383 -15.6904776003
88.3466655014 -10.887110611
85.5785502044 -6.11459102452
82.7621860457 -1.38451172383
79.8607718468 3.29049004719
76.8364667818 7.89614878114
73.6490663657 12.4159218962
70.2548426932 16.8302380774
66.605608152 21.115611546
62.6481795687 25.2436053601
58.3245955151 29.1796590453
53.5736896018 32.8818621314
48.3349272868 36.2998776583
42.55565087 39.3744184079
36.2027166346 42.0379434334
29.2783515732 44.2174734335
21.837313535 45.8403600221
13.9985282724 46.8431014473
2.11412538978 44.6476780152
354.551628624 44.0056835637
347.258377949 42.7492704065
340.367831778 40.9260090333
333.961411561 38.5967637941
328.070898316 35.8275151472
322.689322608 32.6829205274
317.784200567 29.2222921455
313.309094751 25.4977220166
309.211974654 21.5537038604
305.440447401 17.4276157342
301.944570239 13.1505985782
298.678025104 8.74854684021
295.59827465 4.24306309242
292.666117188 -0.347685593819
289.844887105 -5.00822323645
287.099420625 -9.72512096454
284.394814021 -14.4864291867
281.694926675 -19.2811540523
278.960506923 -24.098738895
276.146724594 -28.9284996201
273.199753636 -33.7589414717
270.051820159 -38.5768442973
266.61374851 -43.365928562
262.763392509 -48.1047733137
258.327297491 -52.7633842462
253.051521468 -57.2972845249
246.556862324 -61.6370323561
238.280105015 -65.6695773935
227.442132537 -69.2072875927
213.224829348 -71.949938365
195.557881795 -73.4914249087
176.309367133 -73.4893606285
158.649721631 -71.9442634729
144.441600898 -69.1990445035
133.611172551 -65.65965712
125.339774537 -61.6260076752
118.848768905 -57.2854907348
113.575475123 -52.7510146162
109.141076893 -48.0919409287
105.291883249 -43.3527016061
101.854599134 -38.5632659303
98.707180123 -33.7450415565
95.7605155762 -28.9143021582
92.9468726072 -24.0842666763
90.2124503902 -19.2664314484
87.5124334273 -14.4714841971
84.8075771433 -9.70998709213
82.0617421019 -4.99294131649
79.2400208689 -0.332305650901
76.3072417328 4.25847984922
73.2267274403 8.76392577039
69.9592615424 13.1658490119
66.4622897861 17.4426279584
62.6894767874 21.5683456982
58.5908651891 25.5118351513
54.1140555112 29.2356886145
49.2070269103 32.6953802635
43.8233794962 35.8387861172
37.9307086186 38.6065670719
31.5221772537 40.9340516503
24.629752456 42.7552682049
17.3350737302 44.0093935059
9.77180124639 44.6489343497
5.94368500901 42.2489436095
358.703005169 41.9422714435
351.621388019 41.0361777708
344.834698929 39.5632078698
338.440653697 37.5715207365
332.494309339 35.1181063447
327.012609975 32.2624774955
321.983708927 29.0619690934
317.377064181 25.5689041027
313.151936078 21.8293256619
309.263486988 17.882802821
305.666626101 13.7628562807
302.318108363 9.49767508266
299.177424724 5.11092028119
296.206911389 0.622505958282
293.371369141 -3.95069080489
290.637363915 -8.59420329727
287.972284896 -13.2954241572
285.343159534 -18.0431109518
282.715152975 -22.8269214684
280.049595485 -27.636943113
277.30126126 -32.4631668518
274.414426662 -37.2948305021
271.316895535 -42.1195075378
267.910562307 -46.9217231601
264.055941034 -51.6806891276
259.545984969 -56.3663528339
254.060905889 -60.9321135415
247.091236673 -65.3007732298
237.821629721 -69.336899975
225.045422056 -72.7956708158
207.5475618 -75.2573737679
185.9290915 -76.173912441
164.317086842 -75.2528372685
146.831730984 -72.7878739176
134.066094573 -69.3271158115
124.803620043 -65.2897880498
117.838528448 -60.9203509539
112.356403785 -56.3540379787
107.848388165 -51.6679446598
103.995057249 -46.9086184481
100.589580282 -42.1060839342
97.4926017946 -37.2811149949
94.6060965335 -32.4491800416
91.8579181256 -27.6227041588
89.1923734424 -22.8124511606
86.5642547098 -18.0284337761
83.9349017405 -13.2805700027
81.2694830424 -8.57920908914
78.5350245949 -3.93560215933
75.6989101555 0.637632976897
72.7276969247 5.12601721793
69.5861743009 9.51265889097
66.2366653533 13.7776268185
62.6386476019 17.8972400588
58.7488647034 21.8432867276
54.5222206498 25.5822204864
49.9138847086 29.0744446529
44.8831445513 32.2738883677
39.3995159323 35.1282044172
33.4512494989 37.5800427405
27.0554291615 39.5698919285
20.2672835772 41.0407877011
13.1847027615 41.9446259422
2.4994273372 39.6624452786
355.679026679 39.0839644466
349.057611119 37.9475042015
342.739567479 36.2887392637
336.795746237 34.1545813243
331.262767158 31.5976275394
326.148059967 28.6713525437
321.437499426 25.4266693892
317.103073361 21.9099128109
313.109180227 18.1619707908
309.417137802 14.2181963453
305.988051208 10.1087736129
302.784402558 5.85930209359
299.770734775 1.4914501531
296.913727065 -2.97640467981
294.181865275 -7.52858683975
291.544823905 -12.1515963713
288.972602783 -16.8336402603
286.434394452 -21.5642068212
283.897086048 -26.3336608557
281.323203012 -31.1328281596
278.667950118 -35.9525229478
275.874739996 -40.7829437523
272.868105516 -45.6128083725
269.541927266 -50.4279856119
265.738945614 -55.2091382258
261.213422235 -59.9273396093
255.56024678 -64.5353072214
248.077873879 -68.9486213987
237.521813017 -73.0034835666
221.857782676 -76.3656107726
199.232812878 -78.4072920751
172.616995058 -78.4044685425
150.009148776 -76.3583961162
134.361009681 -72.993802164
123.814897473 -68.9376183752
116.338375833 -64.523529706
110.688720128 -59.9150474564
106.16538982 -55.1964603677
102.3638109 -50.4149892632
99.0385372456 -45.5995306503
96.0324746254 -40.76940721
93.239600693 -35.9387439312
90.5845066705 -31.1188217376
88.0106404458 -26.3194439055
85.4732276455 -21.5498000676
82.9348051891 -16.8190698407
80.3622652048 -12.1368952664
77.7248004443 -7.51379631777
74.9924072135 -2.96157582426
72.1347535175 1.50625477255
69.1203164298 5.87400655725
65.9157649402 10.1232865669
62.4856315419 14.2324087162
58.7923896307 18.1757534033
54.7971403183 21.9231141568
50.4612065062 25.4391140243
45.7490069592 28.682840911
40.6325723094 31.6079384047
35.0978496625 34.1634783195
29.1523741652 36.2959829829
22.8328993549 37.9528704465
16.2104205681 39.0872672711
9.38945102903 39.6635607579
5.94507519132 37.1827237705
359.420667842 36.9064289924
353.013907047 36.0881620947
346.828214815 34.7521700558
340.942936604 32.9350789534
335.409082966 30.6814580067
330.250536523 28.0393880408
325.468804395 25.0568178606
321.049119353 21.7790359182
316.966262877 18.24721878
313.189273257 14.4978271157
309.684821065 10.5625759151
306.419380474 6.46874293607
303.360453516 2.239643759
300.477107225 -2.10483680989
297.740031835 -6.54771999975
295.121262053 -11.0744457302
292.593639586 -15.6724329052
290.130036011 -20.3306849859
287.702294992 -25.0394302633
285.27977946 -29.7897794016
282.8273007 -34.5733743384
280.302021885 -39.3819883783
277.648585636 -44.2070100018
274.791034451 -49.0386868056
271.618658444 -53.8648837268
267.959695533 -58.6688256727
263.52916892 -63.4245832063
257.817934646 -68.0871148297
249.841346112 -72.5678638299
237.571659255 -76.6686847408
217.130095714 -79.9025811567
185.914216843 -81.2404995281
154.718912553 -79.8962356224
134.303943258 -76.6590470621
122.04907431 -72.5567593668
114.080104082 -68.0752657884
108.373018681 -63.4122801246
103.944902071 -58.6561953463
100.287404621 -53.8519853949
97.1159380156 -49.0255498622
94.2589434889 -44.1936505633
91.6058237968 -39.3684174609
89.0806864584 -34.5596024034
86.6282123977 -29.7758191534
84.2055871847 -25.0252985158
81.7776345377 -20.3164040584
79.3137232168 -15.6580318527
76.7856980747 -11.0599615747
74.1664284174 -6.53319903528
71.4287510473 -2.09033602659
68.5446938252 2.25405510253
65.4849389642 6.48298157877
62.2185453445 10.5765427213
58.7130082474 14.5114051525
54.9347987946 18.260271539
50.8505915112 21.7914060396
46.4294400838 25.0683269465
41.6461582017 28.0498384141
36.4860330271 30.690637508
30.950651622 32.942769882
25.0640004092 34.7581629009
18.8772076562 36.0922735105
12.4697311909 36.9085216301
2.84268402114 34.5169728395
356.688201703 33.9953197084
350.682479188 32.9673895336
344.907104273 31.4600395507
339.421992252 29.509379623
334.263709472 27.1570408737
329.447472481 24.4466923215
324.971298897 21.421283884
320.820815072 18.1211747875
316.973688509 14.5830753402
313.403180751 10.8396187928
310.080708135 6.91936093996
306.977513141 2.84703529263
304.065628638 -1.35606234199
301.318317695 -5.6716426292
298.710136016 -10.0839937148
296.216717359 -14.5795796797
293.814334768 -19.1466761866
291.479243051 -23.7750432656
289.186754931 -28.4556286674
286.909932168 -33.1802898037
284.617659513 -37.9415157113
282.27166484 -42.7321193884
279.821646666 -47.5448489192
277.196820289 -52.3718184491
274.290261068 -57.2035500668
270.927649788 -62.0271400761
266.799033394 -66.8222859738
261.292621012 -71.5514301172
253.033898656 -76.1309706998
238.456625736 -80.3289688149
208.585681939 -83.3594214451
163.225203019 -83.3547120874
133.407314562 -80.3192528679
118.854307778 -76.1196402771
110.605527945 -71.5394459617
105.10379636 -66.8099438764
100.9776546 -62.0145469212
97.6164518954 -57.1907480804
94.710721909 -52.3588248851
92.0863773714 -47.5316713039
89.6366137826 -42.7187624003
87.2907124586 -37.9279848039
84.9984094402 -33.1665934102
82.7214539966 -28.4417797134
80.428742542 -23.7610603289
78.0933422793 -19.1325845212
75.6905671576 -14.5654122398
73.1966701905 -10.0697922496
70.5879204083 -5.65745888179
67.8399459845 -1.34195936762
64.9272961464 2.8609816874
61.8232274591 6.93306066495
58.4997674916 10.8529659242
54.9281563965 14.5959467073
51.079813643 18.1334289709
46.9280126511 21.432761058
42.4504455063 24.4572155705
37.6327799071 27.1664197771
32.4730944856 29.5174169498
26.986686256 31.4665416469
21.2102158882 32.9721802611
15.2036945796 33.9982565828
9.04878999072 34.5179626285
5.94631379385 31.9277967387
0.071220961057 31.6790289193
354.284000924 30.9408928354
348.663717061 29.7315014971
343.274189133 28.0786785005
338.16053961 26.0170741175
333.348962926 23.5851126852
328.848913208 20.8222796588
324.656578933 17.7670327101
320.758642905 14.4554046623
317.135670798 10.9202208952
313.764820466 7.19078868362
310.621814121 3.29290881255
307.682252191 -0.75091698397
304.922398666 -4.92117644312
302.319568145 -9.20099791622
299.852221028 -13.5758007063
297.499841198 -18.0329656573
295.242636578 -22.5615354463
293.061067601 -27.151946616
290.935167191 -31.7957906107
288.843557603 -36.4855975677
286.761972532 -41.2146329633
284.660910181 -45.9766915149
282.50166555 -50.7658613031
280.229143449 -55.5762051171
277.757777263 -60.4012414791
274.941213299 -65.2329298083
271.4987252 -70.0593015884
266.805198277 -74.8577378502
259.134983518 -79.5702489785
241.84409478 -83.9677638722
185.8541623 -86.4957913968
129.998682521 -83.9576513176
112.753212675 -79.5585206487
105.09495862 -74.8455718826
100.405949473 -70.0469183431
96.9655642727 -65.2203864181
94.150094234 -60.3885525582
91.6793203505 -55.5633719883
89.4071057714 -50.7528816397
87.2479879081 -45.963563387
85.146925483 -41.2013569568
83.0652426598 -36.4721781503
80.9734534467 -31.7822371634
78.8472995594 -27.1382743038
76.6654064184 -22.5477660336
74.4078068893 -18.0191283441
72.0549590934 -13.5619330356
69.5870670285 -9.18714677435
66.9836095589 -4.90739916035
64.2230415171 -0.737282525387
61.2826720764 3.30631859463
58.1387609101 7.20387780247
54.7669065925 10.9328781126
51.1428338276 14.4675027131
47.2437097433 17.7784281937
43.0501190035 20.8328140617
38.5487761587 23.5946151173
33.7359165664 26.0253663937
28.621056793 28.0855830543
23.2304662048 29.7368521734
17.6093469945 30.944547818
11.8215913416 31.6808840577
3.1582563524 29.1483752529
357.619513224 28.6791486121
352.192671089 27.7522508577
346.941372966 26.3878586948
341.91533799 24.6136059797
337.148606988 22.4621136704
332.660047973 19.9685384644
328.455430464 17.1684706647
324.530261106 14.0963463005
320.872715197 10.7843944309
317.466243832 7.26204936821
314.291666122 3.55571900644
311.328717258 -0.311201350885
308.557111964 -4.31816301982
305.957217437 -8.44721593541
303.510431683 -12.682726799
301.19934917 -17.0110939143
299.007776186 -21.4204764037
296.920638254 -25.9005467785
294.923802779 -30.4422702708
293.003820704 -35.0377109666
291.147567455 -39.6798628494
289.341728035 -44.3625027769
287.572006087 -49.0800616915
285.821799883 -53.8275094639
284.069766493 -58.6002467537
282.284851624 -63.3939917349
280.414837495 -68.2046324979
278.35546606 -73.0279545298
275.846003372 -77.8588701408
271.951929994 -82.6878134428
258.722670122 -87.4564379303
113.103684342 -87.4447910329
99.9486996281 -82.6756238347
96.061120472 -77.8465954221
93.5534111573 -73.0156082114
91.494702673 -68.1922043996
89.6249576972 -63.3814687968
87.8401254525 -58.5876168773
86.0880664425 -53.8147628913
84.3377603505 -49.067191824
82.5678800105 -44.349506843
80.7618308571 -39.6667425381
78.9053191124 -35.0244730581
76.9850296275 -30.4289272746
74.9878358935 -25.8871175897
72.9002856564 -21.4069870025
70.7082421932 -16.997578131
68.3966262155 -12.6692271576
65.9492387805 -8.43378457689
63.3486690397 -4.30486269069
60.5763100888 -0.298106428544
57.6125253397 3.56852151108
54.4370278768 7.27445893216
51.029554795 10.7962964293
47.3709324732 14.1076119526
43.4446267933 17.1789578585
39.2388376314 19.9780938908
34.7491078719 22.4705767354
29.9812555717 24.6208148845
24.9542079599 26.3936588017
19.7020709654 27.7565049496
14.2746265906 28.681747964
8.73556824764 29.1492497813
5.94745076496 26.4106631091
0.679737513777 26.1876363767
355.47794505 25.5248518091
350.402552486 24.4357844776
345.50446437 22.9414268705
340.822433643 21.0684416362
336.382332577 18.8471099557
332.197973837 16.3093879472
328.272941313 13.4872818929
324.602869066 10.4116359119
321.177728311 7.111330916
317.983851823 3.6128361536
315.005576443 -0.0599685239011
312.22649002 -3.88578124163
309.630328698 -7.84574660683
307.20159576 -11.9232567824
304.925977904 -16.103722095
302.79063004 -20.374335259
300.784393113 -24.7238436179
298.89800655 -29.142336951
297.124382341 -33.6210536964
295.45902819 -38.1522051837
293.900755363 -42.7288148931
292.452910814 -47.3445669964
291.125599848 -51.9936539946
289.939886379 -56.6706039285
288.936256175 -61.3700446813
288.193235159 -66.0862989997
287.873620714 -70.8124980456
288.360977654 -75.538091714
290.785911806 -80.2393368949
300.282519732 -84.8188562459
6.12693369493 -87.9866924422
71.6798928185 -84.807733791
81.1393474876 -80.2275001606
83.5562906506 -75.5260678075
84.0407019047 -70.8003612733
83.7196431068 -66.0740615227
82.9757631123 -61.3577045055
81.9715383809 -56.6581560167
80.7853583179 -51.9810940455
79.4576418749 -47.3318932048
78.0094163297 -42.7160290337
76.4507647343 -38.1393134395
74.7850191273 -33.6080673833
73.0109797693 -29.1292732034
71.1241455147 -24.7107260735
69.1174207219 -20.3611947704
66.9815379283 -16.0905974842
64.7053317327 -11.9101956424
62.275951266 -7.8328061401
59.6790782532 -3.87302911027
56.8992122677 -0.0474836607118
53.9200877333 3.6249628545
50.7252937865 7.12299615799
47.2991728912 10.4227239919
43.6280693582 13.4976653897
39.7019735249 16.3189294203
35.5165475888 18.8556649996
31.0754132372 21.0758635946
26.3924297599 22.9475733394
21.4935219194 24.4405254026
16.4174956317 25.5280785111
11.2153016347 26.1892703491
3.45798194675 23.469841455
358.506801593 23.0505520891
353.639889495 22.220612895
348.906677421 20.9950467073
344.347809326 19.3947568675
339.993663848 17.4449317874
335.864207189 15.1733782188
331.969894475 12.6089943489
328.313220454 9.78051538615
324.890535953 6.71558370689
321.693840021 3.44013366449
318.712372854 -0.0219553916005
315.933934712 -3.64899857979
313.345926732 -7.42149723423
310.936151444 -11.3220338524
308.693431695 -15.3351094999
306.608115564 -19.4469515463
304.672540023 -23.6453098552
302.881534708 -27.919251679
301.233066901 -32.2589591429
299.729170864 -36.6555275315
298.377389224 -41.1007563439
297.193123502 -45.5869160424
296.203639272 -50.1064571123
295.455225209 -54.6515941154
295.026749904 -59.2136191928
295.057258786 -63.7816004097
295.807580987 -68.3395523131
297.815320225 -72.8592939389
302.350273019 -77.2787680654
313.019276693 -81.4181023185
341.133319605 -84.5665943125
30.8899347948 -84.56145953
58.9363992111 -81.40833901
69.5807454179 -77.267764025
74.1063959617 -72.8478213288
76.1098123114 -68.3278297887
76.8577698377 -63.7697048501
76.8868109678 -59.2015815334
76.4573238724 -54.6394285138
75.7081454551 -50.0941719356
74.7180351335 -45.5745188101
73.5332193825 -41.088256344
72.1809255997 -36.6429374381
70.6765301855 -32.246296168
69.0275581133 -27.9065385003
67.2360304468 -23.6325754364
65.2999040735 -19.4342319148
63.2140001331 -15.3224485094
60.970648572 -11.3094839376
58.5601918129 -7.4091201429
55.9714485967 -3.63686604669
53.1922193367 -0.0101496887649
50.2099057316 3.45151939888
47.0123122192 6.72644550355
43.5886879159 9.79073903352
39.9310467435 12.6184567687
36.0357614091 15.1819498834
31.9053561016 17.452480405
27.5503225346 19.401152457
22.990668808 21.0001679682
18.2568172305 22.2243544685
13.3894521532 23.0528319489
8.43803670856 23.4706073871
5.94852832011 20.5261240248
1.26861259067 20.328001792
356.638098018 19.7384619625
352.10308615 18.767408039
347.703803862 17.4304573565
343.472806202 15.7477906336
339.434197566 13.7428208768
335.603788067 11.4408624977
331.989954103 8.86794065253
328.594919863 6.04982374408
325.416201831 3.01130771278
322.44802616 -0.224259615429
319.682606299 -3.63524928952
317.111235291 -7.20186122983
314.725195929 -10.9061166802
312.51652364 -14.7317700131
310.478676737 -18.6641683245
308.607183215 -22.6900785771
306.90034981 -26.7974939426
305.360145711 -30.9754233965
303.993421875 -35.2136607569
302.813717359 -39.5025196028
301.844075276 -43.8325057194
301.121623626 -48.1938725138
300.705348603 -52.5759531268
300.689915955 -56.9660522443
301.231609327 -61.3474246777
302.600154692 -65.6952256299
305.289757666 -69.9675526826
310.273185493 -74.0833720248
319.586570338 -77.8621135448
337.214682684 -80.8562461692
5.99740845468 -82.1017922226
34.7586269202 -80.8503558514
52.3594494064 -77.8532261317
61.6578188766 -74.0731809638
66.6335034511 -69.9567212684
69.3187967679 -65.6840229193
70.6847165008 -61.3359719731
71.2246706669 -56.9544103867
71.207995092 -52.564156489
70.7907675937 -48.1819438693
70.0675375772 -43.8204635176
69.0972212815 -39.490381933
67.9169022019 -35.2014477505
66.5495936133 -30.9631588426
65.0088135653 -26.7852064902
63.3013975621 -22.6778027093
61.429303032 -18.6519452037
59.390827599 -14.719648241
57.1814922782 -10.8941529829
54.7947503894 -7.1901210527
52.2226345047 -3.6238072577
49.4564270895 -0.21319978836
46.487423998 3.02189189837
43.3078454006 6.05982998175
39.9119289127 8.87725889393
36.2972079766 11.4493768846
32.4659296541 13.7504126447
28.4264989253 15.7543420837
24.194759035 17.4358568574
19.7948497439 18.771555808
15.2593602389 19.7412761342
10.6285461537 20.329424058
3.75333821586 17.3516335429
359.383413064 16.9816733319
355.07667298 16.2481221882
350.87121523 15.1619682915
346.799789363 13.7387170057
342.888702674 11.9974011839
339.157466562 9.95950071912
335.619089736 7.64789570559
332.280844499 5.08594490893
329.145311626 2.29674147241
326.21153338 -0.697438186955
323.476151577 -3.87550252775
320.934459737 -7.21775542828
318.581344075 -10.7059802005
316.412123415 -14.3234273175
314.423324225 -18.0547314147
312.613447781 -21.8857765635
310.983807663 -25.8035214531
309.539544427 -29.7957881814
308.290970282 -33.8510092536
307.255475901 -37.9579154858
306.460372307 -42.1051295447
305.947296864 -46.280599321
305.779290205 -50.4707488361
306.052566967 -54.6591129099
306.916801109 -58.8239895612
308.611297565 -62.9341356125
311.531093216 -66.9403724137
316.346422275 -70.7583106022
324.189378874 -74.2319759117
336.739815473 -77.0640603837
355.18362115 -78.7461833556
16.7833944896 -78.743885473
35.2133224003 -77.0580590608
47.749628208 -74.2237574676
55.5829966123 -70.748860452
60.3923246718 -66.9302051644
63.3082929271 -62.9235143482
65.0002300274 -58.8130552873
65.8626576379 -54.6479467666
66.1345876369 -50.45940193
65.9655219121 -46.2691077739
65.4515699249 -42.0935226033
64.6557052948 -37.9462202134
63.6195209321 -33.839253453
62.370297222 -29.7840023566
60.9254029763 -25.7917402258
59.2951343548 -21.8740397642
57.4846199282 -18.0430849645
55.4951643593 -14.3119239543
53.3252625686 -10.6946800637
50.9714370839 -7.20672648521
48.429005322 -3.86482079536
45.6928549423 -0.68718767653
42.7582842364 2.30646918613
39.6219436569 5.09505161452
36.2828884619 7.65627810772
32.743717066 9.96705273595
29.011723932 12.0040170621
25.099943696 13.7442952364
21.0279159194 15.1664161732
16.8219759613 16.2513607177
12.5148983961 16.9836419397
8.14479940329 17.3522940884
3.76216128823 14.165450684
359.40989124 13.7724002871
355.12386889 12.9931951136
350.944069511 11.8398515
346.904917029 10.3293133789
343.034182633 8.48236097792
339.352673376 6.32242493089
335.874607344 3.8744444292
332.608489039 1.16387051425
329.558280281 -1.78412930887
326.724691551 -4.94524890513
324.106472946 -8.29641597634
321.701643137 -11.8159869985
319.508647757 -15.4837973896
317.527482746 -19.2810970097
315.760856522 -23.1903936496
314.215504592 -27.1952166417
312.903822322 -31.2797994286
311.846061872 -35.4286624969
311.07347329 -39.6260528605
310.633000577 -43.8551557016
310.594546865 -48.0969228076
311.062527537 -52.3282307434
312.194627307 -56.5188274248
314.232500436 -60.6260249186
317.550840753 -64.5851269581
322.727005637 -68.291925732
330.595908389 -71.5722369981
342.097716263 -74.140793389
357.419960425 -75.5981490245
14.5337166001 -75.5963172703
29.8482440633 -74.1358001177
41.3406286349 -71.5650656017
49.2019798202 -68.2833871075
54.3728299177 -64.5757289879
57.6875071918 -60.616062999
59.7228011468 -56.5084751157
60.8530150243 -52.3175951531
61.3195545641 -48.0860752162
61.2799475007 -43.8441484874
60.8385083138 -39.6149291891
60.0650735299 -35.4174621509
59.0065418822 -31.268562517
57.6941317879 -27.1839861023
56.1480728023 -23.17921703
54.380743955 -19.2700277868
52.3988690824 -15.4728959581
50.2051487337 -11.8053213803
47.7995744322 -8.28606224476
45.1805908512 -4.93529127664
42.3462194239 -1.77465981603
39.2952171294 1.17275288224
36.0283058555 3.88263524823
32.5494636032 6.32981664757
28.867215695 8.48884607751
24.9958049432 10.334788402
20.9560655378 11.8442217538
16.775795899 12.996379746
12.4894443654 13.7743372196
8.13700472195 14.1661007861
3.76574257081 11.0149671027
359.42121247 10.5945396526
355.147509625 9.76129929983
350.987402501 8.52865379743
346.977789616 6.91548862469
343.148592162 4.94493508707
339.522516165 2.64304146383
336.115565539 0.0375064334412
332.938100173 -2.84341092994
329.996219495 -5.9717426858
327.293291809 -9.3204085084
324.831516377 -12.8635714343
322.613477683 -16.5767825361
320.643719206 -20.4369464436
318.930427038 -24.4221321587
317.487379695 -28.5112387662
316.33640336 -32.6835037298
315.510693002 -36.9178098124
315.059550004 -41.1916982334
315.055389069 -45.4799162934
315.604327339 -49.7521907655
316.862273543 -53.9696767435
319.058833667 -58.0791132846
322.529803856 -62.0030684953
327.748976484 -65.6240439824
335.312104583 -68.7615421857
345.730973824 -71.1517475377
358.836760433 -72.4714617975
13.1081640558 -72.4699252637
26.2091467807 -71.1474587706
36.6214723286 -68.7551927815
44.1787241334 -65.6162891779
49.3933673859 -61.9943756078
52.8610018423 -58.0697834599
55.055098207 -53.9599014044
56.3111782096 -49.742095732
56.8586514962 -45.4695898289
56.8532931071 -41.1812080198
56.4011297359 -36.9072132895
55.5745142282 -32.6728545826
54.4227049735 -28.5005911591
52.9788666367 -24.4115436085
51.264803962 -20.4264798228
49.2942805971 -16.5665074664
47.0754730589 -12.8535651854
44.6129199378 -9.31075642537
41.9092053864 -5.96253810051
38.9665330293 -2.83475446278
35.788280488 0.0455083028656
32.3805616283 2.65027868044
28.7537557361 4.95129724275
24.9238903509 6.92086911156
20.9136978502 8.5329547353
16.7531261725 9.76443688935
12.4790980086 10.5964494139
8.13440025196 11.0156083308
3.76441301487 7.89655674636
359.418499093 7.44354881224
355.149920038 6.54612977271
351.005410252 5.21959685691
347.025386347 3.48546708796
343.242846245 1.37005297248
339.68325887 -1.09705715014
336.365303132 -3.88442514851
333.302222932 -6.95996256245
330.503560446 -10.2918334205
327.977087705 -13.8490424258
325.730844759 -17.6017232489
323.775289149 -21.5211540374
322.125657305 -25.5795219695
320.804738258 -29.7494385411
319.846377451 -34.003172508
319.300182725 -38.3115137127
319.238112095 -42.6420975795
319.763869437 -46.956887124
321.026177951 -51.2082982751
323.236461567 -55.3331440256
326.688318399 -59.2432395134
331.76504439 -62.8116775877
338.891639699 -65.8564571079
348.338667055 -68.1332616775
359.813243019 -69.3691693576
12.1254699135 -69.3678354804
23.5967889761 -68.129485414
33.0390591619 -65.85075451
40.1610302544 -62.8045850017
45.2339363555 -59.235177147
48.6828217245 -55.3244054656
50.8908157046 -51.1990830988
52.1513310818 -46.9473343085
52.6756421328 -42.6323097775
52.612362396 -38.3015732563
52.0651178779 -33.9931517412
51.1058116716 -29.7394065567
49.7840128981 -25.569549087
48.1335398933 -21.5113148138
46.177163291 -17.5920984618
43.9301081347 -13.8397202456
41.4028267169 -10.2829098384
38.6033596514 -6.95154104598
35.5394853129 -3.87661543282
32.2207580105 -1.08997305175
28.6604393237 1.37629680598
24.8772306292 3.49075948955
20.8966265586 5.22383535189
16.7516515794 6.54922631757
12.4827465749 7.44543546735
8.13666459812 7.89719053631
3.75840131007 4.80682635124
359.402645688 4.31479253573
355.133300941 3.34067944881
351.002640905 1.90238506093
347.056023726 0.0250439534971
343.330831675 -2.26066029227
339.856583064 -4.92026701687
336.656042342 -7.91716211562
333.747058625 -11.213893167
331.144876461 -14.7730930813
328.864750925 -18.5579887503
326.924823668 -22.5325025538
325.349352015 -26.6609566605
324.1725215 -30.9073649951
323.443215512 -35.234245915
323.231259125 -39.6008054128
323.635745998 -43.9602156332
324.795891303 -48.2555366029
326.903786073 -52.4136205023
330.214713626 -56.3362568381
335.040454101 -59.8884859459
341.689430646 -62.8871932143
350.295162651 -65.1017927099
0.526291618924 -66.2909733792
11.4077548476 -66.2897865186
21.636523183 -65.0984026439
30.2386429831 -62.8820063241
36.8839056703 -59.8819524612
41.7064127067 -56.3287547433
45.0147106425 -52.4054313961
47.1205034416 -48.2468633127
48.2789512427 -43.9512071947
48.6820325132 -39.591577655
48.4688741314 -35.2248961042
47.7385044521 -30.8979817682
46.5607015916 -26.6516266747
44.9843160056 -22.5233148917
43.0435111869 -18.5490377221
40.7625313159 -14.7644797636
38.1595126865 -11.2057258127
35.2497122536 -7.90955543523
32.0483833826 -4.91334025966
28.5733905439 -2.25453405485
24.8475192119 0.0302521865772
20.9003127678 1.9065664742
16.7691800366 3.34374014122
12.4995038624 4.31665978518
8.14357726651 4.80745403851
3.74785081008 1.74255756742
359.374414165 1.20334311918
355.100034553 0.136784629295
350.984726994 -1.43556051276
347.080815999 -3.48347094879
343.431992006 -5.97011137972
340.0738145 -8.85413451346
337.03544044 -12.0915360718
334.342261059 -15.6370607599
332.019176237 -19.4450529828
330.094372659 -23.4697108078
328.60364599 -27.664722257
327.595478749 -31.982237783
327.137217076 -36.3710633901
327.322700929 -40.7738467201
328.281361825 -45.1228822777
330.187484788 -49.3340345358
333.264564502 -53.2983780152
337.770817607 -56.8721227074
343.936537661 -59.8687064203
351.815772009 -62.0642796809
1.06932502028 -63.2352830511
10.8610612401 -63.2342071823
20.1128073354 -62.0611893516
27.9891875742 -59.8639378444
34.1518530598 -56.8660655895
38.655338663 -53.2913769208
41.7300855032 -49.3263598568
43.6342839953 -45.1147389648
44.5913467856 -40.7653932562
44.7754741127 -36.3624292984
44.3160270895 -31.9735368734
43.306792279 -27.6560619045
41.8150776293 -23.4611981567
39.889340228 -19.4367988213
37.5653611474 -15.6291815188
34.8713220765 -12.084154158
31.8321267096 -8.84737702531
28.473178193 -5.96410718957
24.8236524573 -3.47834617935
20.9191332119 -1.43143260104
16.8033375825 0.139813817092
12.5286155098 1.20519434311
8.15500208425 1.74318041339
3.73283275212 -1.29935623463
359.334553383 -1.89630937439
355.053147858 -3.0755615831
350.959581262 -4.81024855144
347.116145468 -7.06277172819
343.575789383 -9.78735114598
340.383318809 -12.9325495567
337.578171327 -16.443363696
335.198382755 -20.2626117083
333.285456875 -24.3314640014
331.890037521 -28.5890265768
331.078454175 -32.9708770891
330.940232821 -37.4063805746
331.596274651 -41.8145012225
333.206018465 -46.0977608376
335.968289468 -50.1342179848
340.10287835 -53.7684918282
345.788583655 -56.8061782604
353.032420269 -59.0223895454
1.49628992269 -60.1999277916
10.4311264349 -60.1989382592
18.8935471483 -59.0195377364
26.1350448677 -56.8017556511
31.8181744266 -53.7628473873
35.9503586001 -50.1276727201
38.7105434004 -46.0905778032
40.3185193079 -41.8068893037
40.9730559475 -37.3985094769
40.8335278167 -32.962892473
40.0207807775 -28.5810619411
38.6242991454 -24.3236489849
36.7103844421 -20.2550772715
34.3296651611 -16.4362446392
31.5236412495 -12.9259846376
28.3303551487 -9.78148091866
24.7892602081 -7.05773420235
20.9451850843 -4.80617291944
16.8511054726 -3.07256056268
12.5693397159 -1.8944711082
8.17087425446 -1.29873702087
3.71335830785 -4.32198828073
359.283985242 -4.99070990111
354.99711643 -6.30929673668
350.939544148 -8.2428821691
347.188167102 -10.7427332791
343.809910489 -13.7495051354
340.864176318 -17.1962753189
338.407392915 -21.0107781704
336.499141591 -25.1164481439
335.209446024 -29.4320275868
334.626882728 -33.8695480996
334.866857073 -38.3304730007
336.07808074 -42.6997952352
338.441897834 -46.838201153
342.152306103 -50.5736875952
347.355571077 -53.6973827332
354.030709838 -55.9742132428
1.84052230371 -57.1824102626
10.0844171686 -57.1814894538
17.8930184715 -55.9715555065
24.5661739849 -53.693252736
29.7672113633 -50.5684096625
33.4754935584 -46.832082997
35.8374237363 -42.6930986582
37.0470118147 -38.3234152148
37.2855633652 -33.8623142256
36.7017415618 -29.4247839112
35.4109103741 -25.1093524343
33.5016176613 -21.003986278
31.0438723189 -17.1899441724
28.0972542589 -13.7437923484
24.7182024737 -10.7377935916
20.9661394238 -8.23886106739
16.9080169333 -6.30632193681
12.6207614985 -4.98888188234
8.19118853453 -4.32137152495
3.68939334923 -7.32849003815
359.22414544 -8.08819627568
354.939405754 -9.58209128064
350.945552066 -11.7626314358
347.341588697 -14.5634094633
344.21627528 -17.903383797
341.652792805 -21.6904389411
339.736154091 -25.8233915402
338.562318651 -30.1918571095
338.247674142 -34.6736259099
338.936427859 -39.1293979488
340.800352669 -43.39518885
344.019054108 -47.2741447893
348.721039376 -50.5330380335
354.869536132 -52.9146334444
2.12376741964 -54.1799529003
9.79905860526 -54.1790878047
17.052237308 -52.9121370897
23.1989961588 -50.5291626142
27.8990051888 -47.2692044561
31.1157915112 -43.3894891401
32.9779871354 -39.1232077681
33.6652149226 -34.6671779174
33.3492212395 -30.1853585994
32.1741791583 -25.8170357333
30.2564503888 -21.6844127657
27.6919824873 -17.897871067
24.5657913054 -14.5585893703
20.9610742011 -11.758672718
16.9666166539 -9.57914292267
12.6814523551 -8.08637628969
8.21598467645 -7.32787458851
3.66088404304 -10.3222738883
359.157687488 -11.2002565639
354.893695064 -12.9194713993
351.015860078 -15.4110011958
347.657982578 -18.5785432638
344.944170228 -22.3039620529
342.997089015 -26.4511206153
341.948833825 -30.8666313294
341.950846452 -35.376859804
343.176419788 -39.7814292163
345.803332622 -43.8452819788
349.956317909 -47.2953661811
355.592576972 -49.8346468707
2.36088808366 -51.1893980509
9.56009915006 -51.1885788089
16.3274596919 -49.8322880955
21.9621451513 -47.2917212301
26.1133315002 -43.8406698809
28.7384861628 -39.7761665828
29.9624544578 -35.3712340899
29.9630351242 -30.8609009759
28.9135061089 -26.4455241348
26.9652920004 -22.2987258588
24.2504824175 -18.5738841629
20.8917539 -15.4071225327
17.0132382761 -12.9165534646
12.7487668586 -11.1984432168
8.24532204022 -10.3216586106
3.62781401847 -13.3073533388
359.090099794 -14.3441433468
354.887260782 -16.3604587512
351.225870596 -19.2483617947
348.296876434 -22.8567541852
346.282800286 -26.9986495297
345.369307869 -31.4544263828
345.75269557 -35.9696677731
347.628185208 -40.249202446
351.135046385 -43.9543808101
356.236453347 -46.7192942513
2.56253704347 -48.2069157098
9.35682290929 -48.2061347253
15.6820131196 -46.7170569034
20.7819464509 -43.9509576296
24.2871274484 -40.2449359466
26.160974646 -35.9649032841
26.5428607328 -31.4494858628
25.6280327932 -26.9938306124
23.6127895411 -22.8523347541
20.682804782 -19.2445995387
17.0206233594 -16.3575824017
12.8172266211 -14.3423368104
8.2792226746 -13.3067371274
3.59035514541 -16.2890632755
359.033877745 -17.5483419141
354.979805883 -19.968012904
351.7377813 -23.3611141069
349.595230898 -27.465361918
348.82507288 -31.9531561677
349.682354553 -36.4348124271
352.356113542 -40.4607530497
356.839407832 -43.5429044726
2.73687834545 -45.2273168387
9.18101921396 -45.2265682596
15.0776118919 -43.5407807017
19.5594763831 -40.4575651136
22.231628085 -36.4309535056
23.087360013 -31.9490259445
22.3158121006 -27.461337796
20.1720737638 -23.357543611
16.9290967174 -19.9652044843
12.8743502908 -17.5465457351
8.3175209109 -16.2884451051
3.54933235293 -19.2758200441
359.02100428 -20.8651570764
355.318478215 -23.8473118339
352.93942272 -27.8514892951
352.320614753 -32.3601358699
353.796465504 -36.7348833246
357.457589889 -40.2580548943
2.89111036308 -42.2423307364
9.02545355608 -42.2416102712
14.4580653587 -40.2560496097
18.1177506387 -36.7319860851
19.5920413264 -32.356835809
18.9717986936 -27.8482768747
16.5915576496 -23.8446340259
12.8881777328 -20.8633831203
8.35939927033 -19.2751991418
3.50799257851 -22.2842961027
359.148846568 -24.4027144141
356.32937327 -28.1597874022
355.869798493 -32.6703841141
358.214272221 -36.7683190261
3.03418941898 -39.2355185573
8.88113881341 -39.2348239244
13.7000517377 -36.7664662811
16.0430337056 -32.6679356189
15.581992865 -28.1574054041
12.7613858261 -24.4009991491
8.40162140637 -22.2836725733
3.48149471643 -25.3594215661
359.810542746 -28.4041214485
359.519697596 -32.8676799566
3.18801445887 -36.1626768145
8.72614191424 -36.1620108644
12.3932544732 -32.8661139157
12.100936338 -28.4025981568
8.42904910831 -25.358799414
3.59909102918 -28.6984462317
3.49623985828 -32.8316588869
8.41673095005 -32.8310591558
8.31250374945 -28.6978618101
