158.313590095 32.8323228125
158.212714279 28.6983364702
153.498499003 28.6960795187
153.392257022 32.8299613755
158.62011496 36.1640268558
162.290877651 32.8697652525
162.002107906 28.4052975931
158.331819597 25.3587415496
153.38342198 25.3563770865
149.709625214 28.3994231158
149.415121663 32.8635979691
153.081030802 36.1613645308
158.772201506 39.23743883
163.594520533 36.7715477855
165.941636983 32.6737197702
165.484088113 28.1621402466
162.665686268 24.4033776295
158.306607946 22.2830322517
153.412141313 22.2806977861
149.050829287 24.3968890393
146.228205238 28.1529649493
145.764967624 32.6640860935
148.106066761 36.7641207997
152.924228143 39.2346237832
158.913413764 42.2447898238
164.349347044 40.2621396943
168.013336742 36.739657391
169.491764725 32.364648596
168.874897909 27.8549620852
166.4970523 23.849205585
162.795004749 20.8651909089
158.266462496 19.2739712089
153.45556588 19.2716807499
148.925454735 20.8585954517
145.220360354 23.8391032204
142.838126767 27.8426063095
142.21571827 32.3516831231
143.687870784 36.7280451909
147.345886935 40.2539770744
152.77797627 42.2418322216
159.065599985 45.2302977451
164.965569302 43.5477408104
169.451924741 40.4666569437
172.128610602 36.4409482349
172.988325684 31.9587886581
172.220005433 27.4699081455
170.078701176 23.3641510502
166.837356407 19.9692769044
162.783422807 17.5477292803
158.226575348 16.2866270654
153.498585772 16.2843802
148.940554596 17.541159784
144.884308895 19.9588814869
141.63959829 23.3507128688
139.493927278 27.4544589994
138.720270284 31.9425923377
139.573781508 36.4255024379
142.243807553 40.4536690121
146.724092319 43.5389750366
152.620281843 45.2271866343
159.237666652 48.2104062428
165.566409865 46.724837893
170.671121782 43.9612717502
174.181231309 40.2566778706
176.059529945 35.9770389684
176.445175349 31.4611240263
175.533404987 27.0042242231
173.520561137 22.8608667845
170.592345713 19.250777826
166.931301412 16.361048563
162.728390454 14.3428840581
158.190209531 13.304326931
153.537979765 13.3021201822
148.998856984 14.3363810982
144.794105474 16.3505902765
141.130384196 19.2369012444
138.198701531 22.8442745075
136.181602031 26.9857652046
135.264742088 31.4417953046
135.644415875 35.9580084575
137.515939125 40.2393116995
141.018920773 43.9471187782
146.117262172 46.7154838196
152.442101886 48.2071219861
159.436752084 51.1933887144
166.207965856 49.8408807416
171.84785501 47.3031771443
176.004449106 43.8539456474
178.634530623 39.7902877742
179.862708996 35.3853644891
179.866788987 30.8743390487
178.820131947 26.4576780865
176.874240785 22.309092938
174.161249325 18.5820422391
170.80384201 15.4127339902
166.926133302 12.9193779753
162.661929689 11.1983538732
158.158200762 10.3186546666
153.57294094 10.3164837964
149.068430539 11.1919278601
144.802701199 12.9089486755
140.922780692 15.3986978377
137.562528879 18.5649147081
134.846082797 22.2894874454
132.896100043 26.4362970695
131.844632924 30.8519820081
131.843065765 35.3629542502
133.064666417 39.768910377
135.68731707 43.8348858407
139.836135834 47.2879035433
145.469123721 49.8308997778
152.236135085 51.189904669
159.670942245 54.1844366701
166.928420723 52.9215570498
173.080984626 50.5417435708
177.787018303 47.2839184167
181.009281023 43.405386376
182.876146736 39.139485736
183.567260605 34.6831740054
183.254487442 30.2005187292
182.082121491 25.8308849093
180.166613358 21.6965359166
177.603959674 17.9079050648
174.479189386 14.5662247406
170.875486081 11.7636627384
166.881607089 9.58131708173
162.596558199 8.08565420634
158.130729459 7.32427594484
153.603312105 7.32213657328
149.136812115 8.07930383022
144.850454217 9.57095283872
140.8546839 11.7495948947
137.248565448 14.5488552724
134.120897237 17.8877072642
131.55486889 21.67404049
129.635467873 25.8066764738
128.458595442 30.1752451858
128.140555979 34.6575702711
128.825470167 39.1144119092
130.685072333 43.3818758927
133.899083275 47.2632185807
138.596448799 50.5253023431
144.74130316 52.910874449
151.994083518 54.1807182401
159.950784065 57.1873832145
167.764323695 55.981839825
174.444119364 53.7069853943
179.651988411 50.5845382477
183.366415169 46.8496530869
185.733528755 42.7113221885
186.947389759 38.3416575065
187.189463331 33.8800561186
186.608575598 29.441586024
185.320219151 25.1248294806
183.413028467 21.0177918185
180.957060072 17.2017642438
178.011908692 13.7533463217
174.634002708 10.7448407609
170.882737208 8.24321133043
166.825030183 6.30784843036
162.537779254 4.98753280157
158.107786682 4.31717802793
153.629122675 4.31506581052
149.198536195 4.98125164625
144.910128279 6.29755996932
140.850754211 8.22917009099
137.097372411 10.7273760194
133.716953346 13.7328434074
130.768921778 17.1786492675
128.309701563 20.9925227299
126.398840129 25.0978953052
125.10629738 29.4135155609
124.520557732 33.8514373914
124.756913081 38.3131695106
125.963961811 42.6837798779
128.322990653 46.8240623303
132.028116504 50.5621437356
137.226101615 53.6892633945
143.897019622 55.9703465668
151.705112045 57.183385429
160.290991983 60.2053904652
168.759261704 59.0307470045
176.008558778 56.8167039635
181.699583777 53.7804187221
185.83873949 50.1468818395
188.604699711 46.1106356485
190.217358814 41.8271800198
190.875703484 37.4185438425
190.739319508 32.9822659652
189.9292206 28.5994243292
188.535010998 24.3406847048
186.623069928 20.2704942868
184.244068633 16.4497698347
181.439521342 12.9373644142
178.2474621 9.79048606856
174.707319121 7.06416822208
170.863886133 4.80988266196
166.770102424 3.07344764598
162.488257597 1.8925019916
158.089325463 1.29394944718
153.650438763 1.29186010971
149.250967335 1.8862812042
144.968072773 3.06323306117
140.872779782 4.79589126435
137.027439395 7.0466807157
133.485049802 9.76983000956
130.290449164 12.9138991335
127.483086173 16.4238754033
125.100984248 20.2425658892
123.185609969 24.3111331842
121.787543878 28.5686835227
120.973024471 32.950807789
120.83145824 37.3869028096
121.483602567 41.7959896613
123.088748289 46.0806791863
125.845628597 50.1191555951
129.974139036 53.7561923789
135.653632429 56.7975263945
142.892385921 59.018293668
151.354100081 60.2010538901
160.713095812 63.2412428171
169.972012504 62.0734143753
177.857820178 59.8802046097
184.029793179 56.8851510551
188.541277386 53.3122407281
191.622484179 49.34820068
193.531804359 45.1369545172
194.49295258 40.7875212809
194.680401948 36.3840984199
194.223724589 31.9944320577
193.216858757 27.6759019892
191.727215833 23.4797220761
189.803318693 19.4537579824
187.480984628 15.6443367241
184.788407738 12.0972761599
181.750484666 8.858250199
178.392596001 5.97253593889
174.743884083 3.48416358361
170.839893661 1.43451048328
166.72430448 -0.139554665259
162.449438327 -1.20777545059
158.075318307 -1.74856024087
153.667306567 -1.75063092117
149.292685391 -1.21394601496
145.016844331 -0.149704117493
140.899855651 1.42057310885
136.994102469 3.46668554172
133.34332699 5.9518055382
129.983127376 8.83458246467
126.942682309 12.0710012396
124.247385879 15.6157921345
121.922121129 19.4232851916
119.995037441 23.4476676134
118.501871163 27.6426233226
117.491020581 31.9603088624
117.029718387 36.3495505875
117.211657415 40.7530360637
118.166088176 45.1031264055
120.067097136 49.3157881741
123.138025191 53.2822412008
127.637145342 56.8588804614
133.795348441 59.8593276071
141.668220216 62.0597977887
150.918924178 63.2364868838
161.250105978 66.2974484919
171.488025805 65.1117766224
180.1019071 62.8997402786
186.758364294 59.902664132
191.590136667 56.3513262846
194.905670485 52.4290434785
197.01703877 48.2709271551
198.179829329 43.975288163
198.586373921 39.6153375505
198.376060315 35.2480547461
197.648100676 30.9202926281
196.472399277 26.6728617978
194.897890711 22.5432558746
192.95879153 18.5674707954
190.679375079 14.7811938903
188.07778752 11.2205132531
185.169279465 7.92221453386
181.969084209 4.92368033978
178.495035123 2.26238226526
174.769879123 -0.0250424202683
170.82311844 -1.90410607343
166.692124247 -3.34409514811
162.422251895 -4.3198436884
158.065783034 -4.81342314142
153.679727225 -4.81547937838
149.32278284 -4.32597498378
145.051985832 -3.35419226714
140.919665772 -1.9179963897
136.971239101 -0.0425021386926
133.244141572 2.24161421725
129.767934473 4.89988881573
126.565411178 7.89569665082
123.654434048 11.1915698028
121.050244782 14.7501240653
118.7680795 18.5345702549
116.826044394 22.5088180565
115.248343339 26.6371824943
114.069087298 30.8836781773
113.33705866 35.2108347581
113.121947368 39.5778839698
113.522668416 43.9380437611
114.678207528 48.2344482937
116.780383147 52.3940636556
120.084220735 56.3188459008
124.901446074 59.874058926
131.541073557 62.8768336246
140.138515995 65.0967167803
150.365669225 66.2921602867
161.955453252 69.3761961675
173.439034562 68.1442045944
182.89650397 65.8701623614
190.032198664 62.8270750255
195.115898702 59.2595366658
198.572857387 55.3498001467
200.786858147 51.2249445812
202.051922479 46.9732608239
202.579780572 42.6579990104
202.519363659 38.3267806476
201.974513917 34.0176651742
201.01728057 29.7630309964
199.697331017 25.5920972571
198.04854856 21.5326016631
196.093744653 17.6119381778
193.848166639 13.8579251752
191.322273937 10.299291036
188.524101127 6.96591037652
185.461408791 3.88878926199
182.143723109 1.09977755372
178.584269216 -1.36901879665
174.801706816 -3.48614037476
170.821488048 -5.22197402179
166.676599632 -6.55017971114
162.407455477 -7.44921166619
158.060797784 -7.9037446709
153.687642465 -7.90579072534
149.340524909 -7.45531529175
145.070486822 -6.56024000397
140.924317614 -5.23583132589
136.942492287 -3.5035874221
133.158063707 -1.38981354544
129.596546953 1.07589918322
126.276654956 3.86210216468
123.21165201 6.93669141686
120.411086906 10.2678129282
117.882724982 13.8244530684
115.634586745 17.5767287381
113.677097208 21.4959044269
112.02544606 25.5541581542
110.702358565 29.7240981947
109.741594376 33.9779977958
109.19264557 38.2866615232
109.127312635 42.617753612
109.649084096 46.9332860774
110.906391643 51.1857537002
113.110282053 55.3120929422
116.553929026 59.2243070658
121.620353189 62.7957593025
128.735011115 65.8447815802
138.170765558 68.1273057272
149.639454604 69.3702105595
162.921689468 72.4791084634
176.040137124 71.1638174768
186.472881706 68.7765551653
194.047216244 65.6407461839
199.274404719 62.0206166169
202.750923442 58.0969768887
204.951358014 53.9875155668
206.212085662 49.769772143
206.763094108 45.4970675207
206.76053566 41.2082801857
206.310682803 36.9337023691
205.486050138 32.6985976582
204.336003724 28.5254312015
202.893780225 24.4353241617
201.181231925 20.4490418319
199.212152293 16.5876875716
196.994733903 12.8731951616
194.533519843 9.32866366226
191.831088351 5.97854715128
188.88962733 2.84868976593
185.7124894 -0.0338184048711
182.305755034 -2.64099654952
178.679763434 -4.94456923339
174.850498219 -6.91681781124
170.840648188 -8.53167072128
166.680123299 -9.76597087663
162.405819533 -10.6008058993
158.060513296 -11.0227418714
153.690922996 -11.0247821178
149.345164187 -10.6068941083
145.069980858 -9.77601195428
140.908196511 -8.54551404477
136.896768683 -6.93426758652
133.065675054 -4.96539654704
129.437670472 -2.66495149216
126.028796743 -0.0606409718325
122.849439289 2.81926080833
119.905710675 5.94676777271
117.200980694 9.29478042767
114.737439414 12.837443211
112.517652153 16.5502904154
110.546133311 20.4102126919
108.831029093 24.3952686994
107.386065069 28.4843516581
106.232997307 32.6566986866
105.404926715 36.8911992242
104.951025977 41.1654105495
104.943529955 45.4541092709
105.48830009 49.7270711863
106.74087891 53.9455310553
108.930356261 58.0563565321
112.391852307 61.9823222722
117.598477366 65.6062522785
125.1460036 68.748101873
135.548813293 71.1445010485
148.645254671 72.4721702195
164.324130431 75.6065440636
179.665584477 74.1542506997
191.186528928 71.5887513124
199.069243166 68.3100198582
204.254406243 64.6039328207
207.578553919 60.6450506794
209.620279303 56.5377792406
210.755042718 52.3469157362
211.224953205 48.1152000267
211.18796649 43.8729113192
210.748662748 39.6431873265
209.977047692 35.4450837124
208.920130459 31.295419054
207.609202915 27.2099481139
206.064543894 23.2041511834
204.298565071 19.2937952187
202.31801071 15.4953513473
200.125592039 11.8263126668
197.721302771 8.30543099325
195.103581748 4.95287375831
192.270436597 1.79028894438
189.22060242 -1.15924460317
185.954771259 -3.87141161294
182.476883947 -6.32103239123
178.795422882 -8.4826403223
174.924584979 -10.3312771728
170.885159639 -11.8434901028
166.704906745 -12.9984743089
162.418247836 -13.7792602303
158.065166399 -14.173806597
153.689355799 -14.1758456016
149.335821635 -13.7853460491
145.048283042 -13.0085157091
140.866771126 -11.8573424575
136.825770098 -10.3487522839
132.953109513 -8.50351792524
129.269647803 -6.34507183581
125.789644191 -3.89836250146
122.521632653 -1.18885560678
119.469592827 1.75826343007
116.63424225 4.91866911018
114.014328582 8.26926978458
111.607859749 11.7884036968
109.413263158 15.4558899513
107.430509263 19.2529645928
105.662273149 23.1621245491
104.11524751 27.1668916777
102.801772363 31.2514958694
101.742026857 35.4004587741
100.967162101 39.5980345603
100.523983952 43.827423696
100.482196746 48.0696050527
100.945921576 52.3015005051
102.072397288 56.4929330267
104.10259531 60.6013405191
107.410185369 64.5622416071
112.571154464 68.2717974159
120.419350096 71.5564259219
131.897121376 74.1316368254
147.203179616 75.598228319
166.538891839 78.7555829946
185.014967314 77.0793109117
197.592544982 74.2502124965
205.452036775 70.7778474721
210.276869319 66.9603921863
213.202285569 62.954232417
214.900288604 58.8439387577
215.766844548 54.6787712642
216.041754532 50.4900109318
215.87496762 46.2993776483
215.3628573 42.1233449506
214.568559396 37.9754923995
213.533770115 33.8678732348
212.285837653 29.8118646563
210.842176341 25.8187350948
209.213113167 21.9000510514
207.403797246 18.067989446
205.415545998 14.3355908217
203.246860621 10.7169707506
200.894263952 7.22749487475
198.35306774 3.8839139034
195.618147655 0.704446942655
192.684783171 -2.29120583434
189.549598667 -5.08194674869
186.211615962 -7.64549068318
182.673393219 -9.95873279068
178.942179372 -11.9982992842
175.030961051 -13.7412916623
170.959231448 -15.166208543
166.753286342 -16.253993278
162.445872994 -16.9891156758
158.075097258 -17.3605633773
153.682627826 -17.3626059918
149.31139217 -16.9952131092
145.003085359 -16.2640565662
140.795862118 -15.1800965773
136.722534302 -13.7588206919
132.809469985 -12.019254092
129.076234684 -9.98287810637
125.535881271 -7.67258165866
122.195714803 -5.11173773586
119.058337417 -2.32345712235
116.122802348 0.669964434733
113.385753432 3.84741576429
110.842478752 7.18918185001
108.48785289 10.6770285644
106.317177688 14.2941908684
104.326957599 18.0252901122
102.515666552 21.8561995078
100.884584371 25.7738694792
99.4388093689 29.7661166637
98.1885995267 33.8213712448
97.1512736266 37.9283654322
96.3540439527 42.0757280052
95.8384071609 46.2514194446
95.6671956719 50.4418859632
95.9363040275 54.6306998768
96.7948949379 58.7962228087
98.4814273742 62.9073226505
101.389504816 66.9150232454
106.186973975 70.7353211179
114.002583605 74.2129885007
126.515357318 77.0520081002
144.927717542 78.7451048745
155.669711466 82.1073676519
184.508966038 80.8715793711
202.188785141 77.8815260508
211.526786429 74.1040815789
216.521505323 69.9885930013
219.216749362 65.7162265194
220.58839987 61.3682103287
221.131968489 56.9865157398
221.117774932 52.596013318
220.702394629 48.2134576491
219.980646585 43.8515467272
219.011602015 39.5209471929
217.83243817 35.2314041484
216.466227577 30.9924097791
214.926527074 26.8136482911
213.220198131 22.705323651
211.349215525 18.6784247883
209.311887883 14.7449566622
207.10374194 10.9181507884
204.718231735 7.21265906086
202.147385289 3.6447268358
199.382474559 0.232333646194
196.414777993 -3.00471819655
193.236490417 -6.04479554689
189.84181531 -8.86454382775
186.228242865 -11.4391571562
182.397968461 -13.7428534078
178.359339148 -15.7495895218
174.128138059 -17.4340289545
169.728448608 -18.7727328401
165.192814687 -19.7454920466
160.561465036 -20.3366601206
155.880517676 -20.5363060697
151.199302054 -20.3410018808
146.567165246 -19.7541045573
142.030275264 -18.7854799019
137.628935348 -17.450719738
133.395777757 -15.769992045
129.354977294 -13.7667089026
125.522402491 -11.4661935651
121.906473751 -8.89448723906
118.509444705 -6.077378997
115.32884809 -3.03968778851
112.358915247 0.1952150217
109.591856017 3.60567772637
107.01895303 7.17187914199
104.631473378 10.8758215811
102.42143243 14.701242928
100.382264369 18.633476345
98.50946858 22.659277445
96.8013174702 26.7666306472
95.2597378597 30.9445388307
93.8915263755 35.1827925486
92.7101493223 39.4717053379
91.738547821 43.8017869401
91.0136999684 48.1633001864
90.5943605458 52.5455958984
90.5748187818 56.9360101641
91.1107092526 61.3178542154
92.4705645227 65.6663897893
95.146238467 69.9399319496
100.105582629 74.057937166
109.374771413 77.8410519749
126.929304991 80.8446564292
180.508751019 84.5809324799
208.750080795 81.4388166819
219.456106073 77.3005172832
224.002512721 72.881112042
226.014594988 68.3611996414
226.766844259 63.8029806129
226.798333539 59.2346688136
226.370436556 54.6722560238
225.622427009 50.1266731348
224.633278125 45.6066248564
223.449329767 41.119892986
222.097873702 36.6740234199
220.594325159 32.2767422477
218.946233824 27.9362467193
217.155637171 23.6614384886
215.220503182 19.4621325546
213.135660226 15.3492589915
210.89344213 11.3350655153
208.484191751 7.43332269042
205.896724225 3.65952791081
203.118831318 0.0310979271442
200.137899693 -3.43246817702
196.941710773 -6.70948341619
193.519481051 -9.77606399122
189.863180877 -12.6062679705
185.96912793 -15.1724414297
181.839780914 -17.4458328721
177.485558848 -19.3975225846
172.92639591 -20.999677088
168.192647877 -22.2270768706
163.324950069 -23.0587848915
158.372743566 -23.4797446655
153.391450488 -23.4820521432
148.438629345 -23.0656652073
143.569746934 -22.2384075556
138.834325769 -21.0152661583
134.273106012 -19.4171241943
129.916556698 -17.4691650283
125.784720539 -15.1992031897
121.888111153 -12.6361542624
118.2292631 -9.80877709915
114.804550075 -6.74474095986
111.605980001 -3.47000793997
108.622791188 -0.00848429304174
105.84277418 3.61812011977
103.253314882 7.39028418473
100.84219669 11.2905707491
98.5982203151 15.3034640708
96.5117089217 19.4151774749
94.5749713195 23.6134494078
92.7828044737 27.887338196
91.1331361943 32.2270194368
89.6279506069 36.6235842837
88.2747230941 41.0688306589
87.0887597388 45.555030435
86.0971826098 50.0746394252
85.3460510568 54.6198833457
84.913841762 59.182075327
84.9388757476 63.750323266
85.6805075871 68.3087227754
87.6729452794 72.8292792239
92.1768212969 77.2504485162
102.769786007 81.3941737392
130.700578968 84.5573843869
155.073712659 87.9923563152
221.502752184 84.8410704762
231.040664385 80.2616927803
233.469555841 75.5602372161
233.956830646 70.8344133408
233.636581936 66.1079625689
232.892966853 61.3914212863
231.888889176 56.6916476927
230.702879087 52.0143111217
229.375405588 47.3647775101
227.927514174 42.7485137427
226.369294465 38.1713229696
224.704080942 33.6395171534
222.930675072 29.1600692677
221.044576738 24.7407646454
219.038691386 20.39036165
216.903752518 16.118767412
214.628595115 11.9372316101
212.20036739 7.85855871628
209.604747851 3.89733586892
206.826229244 0.0701688536263
203.848533869 -3.60408817866
200.655231401 -7.10413330399
197.230635191 -10.406084666
193.561048446 -13.4834681947
189.636406527 -16.3073943097
185.452302148 -18.8470052689
181.012274619 -21.0702752216
176.330092922 -22.9452219597
171.431592477 -24.441531912
166.355503192 -25.5325051061
161.152726866 -26.1971094567
155.883763975 -26.4218317476
150.614442602 -26.2019777534
145.410620268 -25.5421444801
140.332879925 -24.4557576589
135.432243435 -22.963779179
130.747578368 -21.0928601293
126.304856488 -18.8732868498
122.117967804 -16.3370334465
118.190549631 -13.5161326712
114.518267485 -10.4414596238
111.091106015 -7.14192755239
107.895397885 -3.6440371709
104.915470399 0.0283024668235
102.134895758 3.85376328784
99.5373907451 7.8134669896
97.1074371176 11.8907861061
94.8306986877 16.0711144426
92.6943062848 20.3416310461
90.6870751671 24.6910721715
88.7997164243 29.1095188235
87.0251092146 33.5882027538
85.3587208727 38.1193305251
83.7993096686 42.6959226899
82.3501481151 47.311662379
81.0212294488 51.9607431965
79.8334361491 56.637697081
78.8269353746 61.3371601258
78.079635846 66.0534713145
77.7529753127 70.7797962624
78.226920608 75.5056713462
80.6193408283 80.2076451839
89.9871170561 84.7900809873
263.377464802 87.4754942535
249.93183747 82.7090366339
246.007955197 77.880396855
243.48761121 73.0495350491
241.422819714 68.2261544951
239.549678969 63.4153738565
237.762816563 58.6214164627
236.009525917 53.8483961794
234.258505934 49.1005941732
232.488276326 44.3826080082
230.682153297 39.6994655333
228.825788738 35.0567332824
226.905833574 30.4606317288
224.909139937 25.9181641007
222.822242218 21.4372634059
220.630995465 17.0269613916
218.320315256 12.6975824238
215.873998984 8.46096418886
213.274632062 4.33070519785
210.503602118 0.322435716521
207.541263413 -3.54589681464
204.367313838 -7.25374551653
200.961466424 -10.7777154575
197.304511437 -14.0913968235
193.379863386 -17.1653499662
189.17565301 -19.9673357204
184.687335639 -22.462901735
179.920626115 -24.6164339189
174.894340475 -26.3927437169
169.642478737 -27.75917083
164.214739839 -28.6880368032
158.67477497 -29.1591190144
153.095955888 -29.1616943362
147.555172044 -28.6957053375
142.125868535 -27.7717667275
136.871827653 -26.4100104245
131.842911878 -24.6380489997
127.07329057 -22.4885037265
122.581933788 -19.9965487047
118.374682627 -17.1978032028
114.447086683 -14.1267385443
110.787340666 -10.8156212046
107.378897631 -7.29392207467
104.202566885 -3.58808296878
101.238066634 0.278470483906
98.4650908144 4.28516319375
95.8639842744 8.41402255553
93.4161224698 12.6493963316
91.1040778044 16.9776671278
88.9116351845 21.3869812216
86.823699252 25.8670007549
84.8261165545 30.4086827151
82.9054164126 35.0040847537
81.0484507158 39.6461959541
79.2418773212 44.3287895726
77.4713665663 49.046294037
75.7202732818 53.7936775652
73.9671947033 58.5663397378
72.1809907249 63.359997787
70.3093199623 68.1705382247
68.2477709541 72.9937426941
65.7356646631 77.8245135513
61.8418904292 82.6532635939
48.7392276159 87.422102793
336.327409563 86.4897283418
280.144279646 83.9824266299
262.756358092 79.5892472687
255.055852197 74.8780189895
250.349284931 70.0800904358
246.899973174 65.2539090748
244.079404282 60.422231991
241.605522629 55.5970802851
239.331362886 50.7865172871
237.171042768 45.9970348397
235.069289817 41.234574723
232.987292897 36.5050504581
230.895483415 31.814667271
228.769551304 27.1701585963
226.588089162 22.5789924907
224.331109107 18.0495751623
221.979056311 13.5914672857
219.512126701 9.21562303788
216.909793669 4.93465813377
214.150507116 0.763149637183
211.211569635 -3.28203444322
208.069230119 -7.18138517031
204.699069044 -10.9124033029
201.076781932 -14.4492889336
197.179491363 -17.7627329386
192.98771779 -20.8199038936
188.488088645 -23.5847569567
183.676728851 -26.0188145898
178.563025971 -28.0825620888
173.173113809 -29.7375359632
167.55207213 -30.9490381394
161.763708276 -31.6891921339
155.887111928 -31.9398326782
150.010036512 -31.694602667
144.220283677 -30.9597275604
138.597076288 -29.7532569091
133.204410181 -28.1029790672
128.087572633 -26.043536625
123.272892534 -23.6133689256
118.769920075 -20.8519922451
114.574902413 -17.7979040195
110.674549955 -14.4871801414
107.049433086 -10.9526883857
103.67669924 -7.22377532653
100.532051385 -3.32627673514
97.591066465 0.71727537458
94.8299838384 4.88734306437
92.2260942377 9.16703324972
89.7578360811 13.5417475627
87.4046737645 17.998852446
85.1467985787 22.527378975
82.9646575058 27.1177544651
80.8382737258 31.7615631332
78.7462645243 36.451329572
76.6643655798 41.1803151506
74.563088496 45.9423117614
72.4037624668 50.731405896
70.1313680435 55.5416601357
67.6605054461 60.3665948438
64.8452096262 65.1981756682
61.405759601 70.0244530497
56.7201050358 74.8228741277
49.0746583035 79.5357491323
31.895275047 83.9361367678
313.432815942 83.3622680319
283.475126909 80.3425620711
268.849175371 76.1485529642
260.568091569 71.5706888205
255.050166139 66.8423466729
250.91495442 62.0475853766
247.548270401 57.2241357689
244.639072003 52.3923760502
242.012490863 47.5652463965
239.5613016 42.7522433747
237.214543732 37.9612626037
234.921807577 33.1995609664
232.644751596 28.4743276156
230.352214509 23.7930738491
228.01722668 19.1639413218
225.615078794 14.5959804059
223.122009535 10.0994284419
220.514279302 5.68600650024
217.767510758 1.3692466873
214.856248318 -2.83514337328
211.753741789 -6.9088787675
208.432006831 -10.8306679001
204.862262501 -14.5757806115
201.015893027 -18.1156625996
196.866116722 -21.4176788069
192.390544977 -24.4451118914
187.57473515 -27.1575880323
182.416626205 -29.5121327461
176.931354341 -31.4650406613
171.155417083 -32.9746322929
165.148689157 -34.0047398288
158.992761455 -34.5284440758
152.784824374 -34.5313008328
146.627802857 -34.0132322753
140.619006398 -32.9885375212
134.840233822 -31.4840191968
129.351609556 -29.5357670846
124.189876775 -27.1854221712
119.370381357 -24.4766850023
114.89122146 -21.4525497352
110.738062629 -18.1534249617
106.888581058 -14.6160700768
103.316027089 -10.8731638621
99.9917945817 -6.95330247004
96.8870984911 -2.88125409528
93.9739432416 1.32165628958
91.2255650796 5.63711521555
88.6164960054 10.0493911136
86.1223500773 14.544932151
83.719385291 19.1120013122
81.3838467814 23.7403486971
79.0910441309 28.4209144711
76.8140445721 33.1455504978
74.5217508117 37.9067421287
72.1759284217 42.6973005787
69.7263473235 47.5099744371
67.1023561199 52.3368816483
64.1972860721 57.1685538112
60.8373381015 61.9921086061
56.7137084785 66.7872938968
51.2174480404 71.5166853792
42.9821360817 76.0970993457
28.4676090087 80.2982158107
358.753077046 83.3407257624
336.052939918 81.2344931699
304.818052723 79.9087323447
284.331585127 76.6819838239
272.033065798 72.5846217361
264.040280376 68.1056329215
258.319584581 63.444051241
253.88320445 58.6888025603
250.220447134 53.8850940716
247.045533344 49.0589362062
244.186259339 44.2271464359
241.531658162 39.4018830882
239.005615337 34.5929116888
236.552673721 29.8088511085
234.129930989 25.0579318204
231.702154334 20.3485132685
229.238676374 15.6894844722
226.711319442 11.0906155473
224.092939497 6.56290039596
221.356365946 2.11891656368
218.473622508 -2.22678023561
215.415387816 -6.4572162672
212.150714598 -10.5525121564
208.647085427 -14.489357659
204.870946958 -18.2404794418
200.788930934 -21.7741647511
196.37002229 -25.0539510879
191.588932426 -28.0386534495
186.43080776 -30.6829652744
180.897058142 -32.9389069054
175.011470357 -34.758351894
168.824980027 -36.0966711131
162.416901353 -36.9171686581
155.890686479 -37.1955263106
149.363827936 -36.9231575686
142.9538971 -36.1084711871
136.764560066 -34.775633535
130.87542365 -32.9612321977
125.337730062 -30.7098370129
120.175536571 -28.0695590799
115.39046158 -25.0883956243
110.967793784 -21.8116914385
106.882329425 -18.2806799337
103.103094886 -14.5318746269
99.5967340157 -10.5970371587
96.3296879112 -6.50348507666
93.2694246812 -2.27456710826
90.3849798856 2.06980479255
87.6470165975 6.51262991999
85.0275477402 11.0393306984
82.4993993621 15.6373122921
80.0354343416 20.2955676168
77.6074959421 25.0043171784
75.1849573365 29.754666324
72.7326549582 34.5382540274
70.207799744 39.3468531767
67.5551188754 44.1718551203
64.6988030629 49.0035152758
61.5284078617 53.8297148712
57.8726674359 58.6337114654
53.4475896065 63.3896438322
47.746130135 68.0526251928
39.7884566313 72.534489318
27.5580258209 76.63818758
7.19355078994 79.8797861377
322.70321588 78.4065022934
300.05574513 76.3735458788
284.36451449 73.0167678417
273.789463386 68.9649062793
266.295077084 64.5533092981
260.634240435 59.9463478425
256.10368492 55.2287242663
252.297306404 50.4478648895
248.968793714 45.6327731855
245.960547013 40.8028294355
243.166237583 35.9721898441
240.510265089 31.1521514967
237.935954824 26.3525246393
235.398452954 21.5824998281
232.860244966 16.8512532684
230.288190384 12.1684201688
227.65146233 7.54451068493
224.920046439 2.99131499008
222.063605962 -1.47767100094
219.050616395 -5.84677687433
215.847745373 -10.0976312039
212.419520549 -14.2085723514
208.728401998 -18.1540075706
204.735462276 -21.9037584832
200.401971748 -25.4224751969
195.692262374 -28.6692677504
190.5782337 -31.5977909538
185.045651854 -34.1571087907
179.101826521 -36.2937073026
172.783265236 -37.9549316105
166.16074248 -39.09379582
159.338635091 -39.6745420172
152.446378474 -39.677704622
145.622799141 -39.1031780229
138.997526583 -37.9702339308
132.675266801 -36.3144821904
126.727171541 -34.1828198549
121.190096856 -31.6278698756
116.071627334 -28.7031586479
111.357718162 -25.4596631804
107.020381407 -21.9437840929
103.024003405 -18.1964709006
99.3298698685 -14.2531307461
95.8990455439 -10.1439935732
92.6939712322 -5.89469665589
89.6791518747 -1.52693895049
86.8212342979 2.94087759178
84.088678739 7.49305817504
81.4511415707 12.1160879658
78.8786127293 16.7981627581
76.3402843195 21.5287628789
73.8030546773 26.298248051
71.2294760281 31.0974418185
68.5748025357 35.9171592231
65.7825313782 40.7476035997
62.777337703 45.5775035487
59.4533441558 50.3927486265
55.6537149391 55.1740402879
51.1334842102 59.8925260824
45.4890125145 64.5010738575
38.0216434519 68.9155905778
27.4923589729 72.9730280462
11.8740874181 76.3407770022
349.305142918 78.3936444553
335.985200469 76.1680032972
314.363983907 75.2598997572
296.847968738 72.8047959229
284.053550098 69.3502950743
274.770520884 65.3167969909
267.791687016 60.949763362
262.300388123 56.3850123616
257.786155588 51.69995685
253.928552883 46.9413175893
250.520125942 42.1392161133
247.421130901 37.3144814993
244.53329564 32.4826134879
241.78431395 27.6560541147
239.118387969 22.8455749629
236.490241222 18.0611902508
233.861169173 13.3128148046
231.196312943 8.61079090358
228.462683205 3.9663592924
225.627657003 -0.607875931531
222.657790605 -5.0974528299
219.517875509 -9.48550053605
216.170236643 -13.75211245
212.574348692 -17.8736358844
208.686941438 -21.8218903284
204.462885067 -25.563362497
199.857283326 -29.0584875061
194.82931269 -32.2612198564
189.348318862 -35.1192231862
183.40231781 -37.5751328487
177.008106257 -39.5693852367
170.220613686 -41.0449169225
163.137488968 -41.9534773953
155.894627519 -42.2624241029
148.650891723 -41.9601033987
141.565274361 -41.0579279128
134.774016986 -39.5883415487
128.375222175 -37.5994647914
122.424266493 -35.1483037608
116.938311001 -32.2944245677
111.905625741 -29.0952341534
107.29570789 -25.6031319205
103.06780662 -21.8642329527
99.1770457306 -17.9181694195
95.5782846152 -13.7985150107
92.2282272211 -9.53350199815
89.0863178635 -5.14682602423
86.1148532369 -0.658428435589
83.2786029613 3.91479250106
80.5441107202 8.55835392011
77.8787528692 13.2596365251
75.2495543659 18.0073896021
72.6216899937 22.7912659882
69.9565150713 27.6013513981
67.2088501211 32.4276386073
64.3230494153 37.2593715943
61.2270442549 42.0841364176
57.8229374252 46.8864812932
53.9715888668 51.6456587483
49.4665403049 56.3316892382
43.9890288891 60.8981079716
37.0313838791 65.2679813723
27.7812182594 69.306407106
15.035385878 72.7695849329
357.576762038 75.2393297439
326.343995643 73.4893099638
308.669474664 71.9547260473
294.438198336 69.2173089059
283.587198401 65.6831463924
275.300475831 61.6529278154
268.798648971 57.3146994336
263.517783707 52.7817830728
259.078065937 48.1237850367
255.225120545 43.3852809106
251.7852012 38.5963250553
248.635966967 33.7783757934
245.688111051 28.9477365917
242.873769895 24.1176429733
240.139055579 19.2995990454
237.439095289 14.5042940262
234.734608093 9.74228674116
231.98943338 5.02457093348
229.168653761 0.363094130934
226.237095834 -4.22871872136
223.158086356 -8.73539742668
219.89241581 -13.1387825171
216.397536108 -17.41728065
212.627111787 -21.5450077976
208.531170987 -25.4908337716
204.057273414 -29.2173899795
199.15331501 -32.6801880651
193.772751141 -35.8271328694
187.882953623 -38.5988944476
181.476778667 -40.9307760683
174.585828147 -42.7567308553
167.291385971 -44.0158007497
159.726871154 -44.6603035426
152.066448337 -44.6638094292
144.499926396 -44.0261738278
137.201791286 -42.773566282
130.305987411 -40.9534829167
123.894366562 -38.6267864871
117.999015285 -35.8595089039
112.61313511 -32.7163877454
107.704305108 -29.2568239532
103.226079909 -25.5329940794
99.126382702 -21.5894659113
95.3527587539 -17.4636791851
91.8552017456 -13.1868245868
88.5873357137 -8.78483585136
85.5065744681 -4.27934610395
82.5736777571 0.311454165321
79.7519519958 4.97207136513
77.0062161487 9.68906381563
74.3015604253 14.4504732228
71.6018505924 19.2453007525
68.8678563393 24.0629883915
66.0547883639 28.8928545592
63.1088890054 33.7234115526
59.9624941499 38.5414526
56.5266023499 43.3307217216
52.6793444202 48.069838246
48.2477111002 52.7288763978
42.978483551 57.2634784314
36.4936213418 61.6044155057
28.2316440611 65.6390234396
17.4153656699 69.180345164
3.22627538907 71.929138771
345.585269625 73.4799768791
335.953977859 71.2350312092
319.234778213 70.5353117529
304.489863202 68.5590628852
292.507603965 65.616923308
283.05391281 62.015155875
275.556819322 57.9796903593
269.481054453 53.6595388022
264.420158176 49.1503836363
260.084507248 44.5144825018
256.269859608 39.7936581827
252.830329339 35.0171998535
249.659148819 30.2066321826
246.675695231 25.3786507583
243.816811918 20.5469935881
241.030924437 15.7236939359
238.27394346 10.9199749824
235.506302869 6.1469438004
232.690714939 1.41618506239
229.790374732 -3.25967642597
226.767445767 -7.86639204339
223.581733713 -12.3874409633
220.189523776 -16.8032789435
216.54264012 -21.0904529579
212.587903155 -25.2205646029
208.267336096 -29.1590970907
203.519722124 -32.8641865175
198.28441887 -36.2855401919
192.508576915 -39.3639032446
186.158754658 -42.0317399284
179.236775288 -44.2160290072
171.796935464 -45.8440136226
163.957754935 -46.8520092658
155.899115008 -47.1957950666
147.839266558 -46.8593597051
139.996681339 -45.8583839543
132.551810819 -44.2368286803
125.623882651 -42.0582273854
119.267838622 -39.3952927923
113.485976326 -36.3210806121
108.245142506 -32.9032053392
103.492626329 -29.2010171201
99.167823963 -25.2649029034
95.2094999205 -21.1368109197
91.5596317768 -16.851329111
88.1649862307 -12.4369137309
84.9773365537 -7.9170636038
81.9529258126 -3.31135832675
79.0515294505 1.36365487759
76.2352946191 6.09370870657
73.4674157227 10.8661664407
70.7106227352 15.6694377449
67.9253897329 20.4924161798
65.0676966742 25.3238862363
62.0860778936 30.151831043
58.9175413695 34.9625408032
55.4817104385 39.7393653424
51.6721850583 44.4608518522
47.3436286846 49.0978253698
42.2926145441 53.6086470661
36.2306892835 57.9313592125
28.7528982118 61.9707668111
19.3252757693 65.5786134077
7.3748773147 68.5299612395
352.660051911 70.5192615119
328.308282539 68.6470638262
313.822697415 67.4066137348
301.255114621 65.1054583949
290.898818222 62.0063384773
282.500490188 58.345992117
275.644388445 54.3005668402
269.945249383 49.9912594233
265.099703166 45.4998114172
260.881847572 40.881900403
257.125518161 36.1764286449
253.707421636 31.4115370031
250.534190894 26.6084463224
247.533098349 21.7839433499
244.645502608 16.9520384568
241.822183534 12.1251224896
239.01993617 7.31482659665
236.198984122 2.53271590797
233.320912082 -2.20909398523
230.346914444 -6.89733195205
227.236228046 -11.5169235565
223.944678012 -16.0502515988
220.423333656 -20.4762786698
216.617368711 -24.7694907167
212.465375938 -28.8986362388
207.899636499 -32.825276575
202.848218903 -36.5022539923
197.240252553 -39.872361228
191.016077585 -42.8677912722
184.143625527 -45.4113384592
176.640275259 -47.4206265478
168.594684481 -48.8163910801
160.177153487 -49.5344364022
151.625761792 -49.5383406155
143.205438797 -48.8279024601
135.154811021 -47.4391907448
127.645031851 -45.4361703975
120.765613777 -42.8980146139
114.53459357 -39.9071191832
108.920310756 -36.5407749355
103.863303332 -32.8669003933
99.2927572332 -28.94281533
95.1367176532 -24.8157781686
91.3274055947 -20.5243118632
87.8033429054 -16.0997356677
84.5096359408 -11.5676166319
81.3972973781 -6.94903266987
78.4221097995 -2.26163098913
75.5432830938 2.47949288846
72.7220013505 7.26105442101
69.9198572545 12.0709314617
67.0971035973 16.8975589703
64.2105905962 21.7293130417
61.2111868733 26.5538186073
58.0403851255 31.3570922028
54.6256550015 36.1223895543
50.873916107 40.8285552271
46.6622884695 45.4475488263
41.8251941333 49.9406233154
36.1375294365 54.2523421249
29.2968978918 58.3013348202
20.9188637272 61.9669517706
10.587306857 65.0737536635
358.04513392 67.3856203691
343.576861509 68.6396521799
335.935693518 66.3912152731
322.203297158 65.8174028672
309.571332667 64.1605275817
298.654587055 61.6111856492
289.525317499 58.3869823765
281.954068732 54.6753512283
275.629093227 50.6175962363
270.262726662 46.3143487929
265.621915253 41.8361988042
261.52683973 37.2330535733
257.840483091 32.5409486416
254.457764696 27.7866881696
251.296630159 22.9909544558
248.291292676 18.1704106442
245.387218435 13.3391614995
242.537381322 8.50981393262
239.699390158 3.69429713109
236.833187728 -1.09544854075
233.899100848 -5.84683434767
230.856082322 -10.5459739074
227.660036151 -15.1769644278
224.262169024 -19.7210417272
220.60738266 -24.1555514528
216.632842487 -28.4526814809
212.267071744 -32.577917005
207.430286662 -36.4882329537
202.037262945 -40.1301669956
196.004763592 -43.4381780022
189.266088298 -46.3341426841
181.794533031 -48.7294298648
173.633572538 -50.5313616133
164.923314307 -51.6551804205
155.90440495 -52.04000653
146.883782126 -51.6633827269
138.168772128 -50.5473040423
130.000988335 -48.7523090331
122.521655985 -46.3629897422
115.775168513 -43.4720141176
109.735409004 -40.1681013936
104.335966065 -36.5295051155
99.493688294 -32.6219015928
95.1233233422 -28.4988744035
91.1450082491 -24.2035493042
87.4871727435 -19.7705210232
84.0868935452 -15.2276633419
80.8889973112 -10.5976771941
77.8446328779 -5.89936105308
74.9096646015 -1.14864172245
72.0430239156 3.6405791454
69.2050350418 8.45570509352
66.3556586147 13.2847950253
63.4525449775 18.1159262361
60.4487385291 22.9365065786
57.2898132218 27.7324564436
53.9101395007 32.4871518291
50.2278870811 37.1799693916
46.1382892389 41.7841929681
41.5047586065 46.2639183651
36.1480370502 50.5694342443
29.8357271479 54.6304397437
22.280717903 58.3467131996
13.1711306174 61.5774734937
2.27551787167 64.1357915309
349.661078318 65.8041715936
329.557206056 63.8594152826
317.26439534 62.8140880612
306.141761483 60.8310107729
296.506915468 58.0862466735
288.335782372 54.7597266686
281.431695872 51.0030266036
275.554675035 46.9320815107
270.48350394 42.6318580949
266.03476808 38.1639083191
262.062712544 33.5731182957
258.452869106 28.892814023
255.114846235 24.148391351
251.976053489 19.3598510101
248.97668868 14.5435813821
246.065833556 9.71364486549
243.198391323 4.882748034
240.332610867 0.0630221736908
237.427984944 -4.7332934849
234.443352243 -9.49319324132
231.335070034 -14.2022074097
228.055159239 -18.8436026134
224.549368724 -23.3974122142
220.755185477 -27.8392234929
216.599973361 -32.138645512
211.999723538 -36.2573983408
206.85944997 -40.1470344357
201.077167275 -43.7464875554
194.554579791 -46.9800403678
187.218393438 -49.7569971159
179.054444636 -51.9752336664
170.149176285 -53.5311676966
160.718683608 -54.3370156532
151.095723322 -54.3413992645
141.661234509 -53.5440309486
132.748944809 -51.9958018716
124.576370548 -49.7842162313
117.23124083 -47.0127922311
110.700250937 -43.7837372631
104.910538464 -40.1878984052
99.7639409628 -36.3011565786
95.158440873 -32.1847254482
90.9989476334 -27.8871739573
87.2013287526 -23.4468770877
83.6928314859 -18.894297956
80.4108442075 -14.2539030084
77.3010387774 -9.54569814237
74.3153811325 -4.78644425922
71.4101944993 0.00937141035428
68.544303488 4.82873404467
65.6772070955 9.65940266933
62.7671825911 14.4892515039
59.7691871702 19.3055874802
56.6323877531 24.0943713754
53.297106761 28.8392505238
49.6909291621 33.5202770284
45.7237038278 38.1121320298
41.2812822261 42.5816011652
36.2183133958 46.8839594651
30.3518405837 50.9578844643
23.4610324559 54.7187246412
15.3058819127 58.0509418905
5.68862131932 60.8033657836
354.582198701 62.7962661875
342.29950372 63.8532319369
335.923472964 61.5986378926
324.228703189 61.1103667213
313.209894542 59.6823571312
303.316231428 57.4391519269
294.700080272 54.5368806988
287.298146461 51.1251987493
280.944959889 47.3289362357
275.451656361 43.2449586343
270.643957519 38.9460035939
266.374526229 34.4862032192
262.523296046 29.90607938
258.993444397 25.2364462807
255.706472039 20.5012875515
252.597677391 15.7198397172
249.612358437 10.9081104598
246.702707053 6.08001388817
243.825244406 1.24825911836
240.938626328 -3.57490589359
238.001658829 -8.37701541
234.971381675 -13.1447036048
231.801096346 -17.8629527381
228.438235889 -22.5141992602
224.822013282 -27.0772153425
220.88087811 -31.5256696401
216.530016265 -35.8262589216
211.669559246 -39.9363183095
206.185016273 -43.8009108155
199.952902598 -47.3496671518
192.856508599 -50.4942616228
184.817883367 -53.1285170848
175.848241999 -55.1344766229
166.103920615 -56.3979184945
155.910892922 -56.8329776766
145.71534621 -56.4071608733
135.964190244 -55.1522960597
126.985107123 -53.153799698
118.936224563 -50.5257343992
111.83003344 -47.3861199637
105.589243379 -43.8413072199
100.097357417 -39.9798213639
95.2308565857 -35.8722129636
90.8751111709 -31.5735669641
86.9300879973 -27.1266623317
83.3108192492 -22.564887418
79.9456254995 -17.9146357641
76.7736185897 -13.1971800593
73.7421577391 -8.43011546035
70.8044956917 -3.62848007509
67.9176456643 1.19434951667
65.0404079599 6.02590473156
62.1314540767 10.8539420333
59.1473441337 15.6657644302
56.040335725 20.4474789304
52.7558246635 25.1831102239
49.2292465908 29.8534689881
45.3822875275 34.4346390027
41.1183658613 38.895901439
36.317711737 43.1968683301
30.833315965 47.2835928081
24.4911756281 51.0835850613
17.1024440604 54.5002878859
8.50101839357 57.4091970155
358.621805513 59.6608754912
347.614040703 61.0990831729
330.436453606 59.0977504859
319.754923575 58.1930926776
309.836129406 56.452649359
300.9511773 53.9986685066
293.161778754 50.9672483281
286.391736796 47.4839337747
280.502432643 43.653136156
275.342421029 39.5570044367
270.7716071 35.258529269
266.669536436 30.8056762606
262.935869044 26.235165155
259.48775259 21.5755039539
256.256370044 16.8492974216
253.183593939 12.074973866
250.219038329 7.26808541297
247.317524058 2.44231388473
244.436867333 -2.38971263161
241.535867413 -7.21570845294
238.572361024 -12.0230530661
235.501210794 -16.7980816279
232.272097189 -21.5252708416
228.826987362 -26.1862340745
225.097187917 -30.7584241188
220.999997715 -35.2134122917
216.435246464 -39.5145865947
211.282639253 -43.614124025
205.402161757 -47.4492145946
198.642231307 -50.9379199887
190.863641495 -53.9760344033
181.988880181 -56.4381296803
172.077533554 -58.1879980686
161.39831475 -59.1029235887
150.430443943 -59.1079092984
139.745271312 -58.2025280709
129.82384517 -56.4610890112
120.93732679 -54.0059874924
113.147221753 -50.9734433535
106.377054288 -47.4890791299
100.487966327 -43.6573458673
95.3283440627 -39.5604077508
90.7579863527 -35.261257352
86.6563764556 -30.8078560237
82.9231399962 -26.2369169758
79.4754069837 -21.5769413054
76.2443523451 -16.85052733
73.171845905 -12.0760976564
70.2075018702 -7.26919949383
67.3061427257 -2.44351045493
64.4255871357 2.38834503124
61.5246375436 7.21408463304
58.5611352621 12.0210909822
55.4899499455 16.7957013378
52.260771306 21.5223927844
48.8155788173 26.1827791305
45.0856987408 30.7543147449
40.9884621472 35.2085735562
36.4237502528 39.5089481625
31.2713486226 43.6076245954
25.3913642316 47.44181067
18.632385481 50.9296014666
10.855418146 53.9668491748
1.98314879051 56.4282156924
352.075222184 58.1776110818
341.400109516 59.0924350714
335.914573402 56.822805273
325.722549994 56.3974726911
315.974262401 55.1433996728
306.99717833 53.1458872816
298.949467356 50.5188798247
291.843804351 47.3803056272
285.603108765 43.8364578489
280.111058088 39.9758314032
275.244257562 35.86896441
270.888158227 31.5709394203
266.942776326 27.1245380004
263.323172867 22.5631531964
259.957684436 17.9131838205
256.785431213 13.1959076816
253.753776312 8.42892459476
250.815973884 3.62727676609
247.929037212 -1.19565566243
245.051765918 -6.02740090561
242.14282995 -10.8557121766
239.15878551 -15.6678893981
236.051883292 -20.4500391423
232.76751153 -25.1861875433
229.241094159 -29.8571451278
225.394295238 -34.4389947329
221.130494995 -38.9010161254
216.329859657 -43.2028178598
210.845275722 -47.2904441678
204.502577071 -51.0913848941
197.112681304 -54.5090411798
188.509195633 -57.418832701
178.626785363 -59.6712028623
167.614713308 -61.1097617417
155.919242073 -61.6092028197
144.219871104 -61.120331706
133.19755199 -59.6913439138
123.301739838 -57.4469600807
114.684605964 -54.5434731246
107.282485273 -51.130645614
100.92957184 -47.3333616295
95.436766743 -43.2485058852
90.6296484587 -38.9488171858
86.3607998551 -34.48842102
82.5101130655 -29.9078302135
78.9807461368 -25.2378499205
75.6941924813 -20.5024556439
72.5857494842 -15.7208769386
69.6007172516 -10.909115619
66.6912912733 -6.08108086573
63.8139970441 -1.2494776048
60.9274952519 3.57344988461
57.9905976388 8.3752392031
54.9603513994 13.1425273443
51.7900677762 17.8602983873
48.4271925171 22.5109900952
44.8109566603 27.0733766674
40.8698373099 31.521130062
36.5190624345 35.8209523151
31.6588267879 39.9301875276
26.1747318378 43.7939145415
19.9434200808 47.3417915831
12.8483400033 50.485538488
4.81169952809 53.1190474538
355.844799658 55.1244542365
346.103881263 56.3876374095
331.100795514 54.3316295088
321.669209081 53.5348486895
312.759184419 51.9874417561
304.588153818 49.7768112859
297.243924834 47.0063816355
290.713346897 43.7782904128
284.923716607 40.1833407195
279.777001379 36.2973897116
275.171277307 32.1816405967
271.011516472 27.884659643
267.213626252 23.4448232622
263.704878369 18.8925979065
260.422675777 14.2524540417
257.312698805 9.5444016297
254.326918215 4.78520536385
251.421659992 -0.0106441475053
248.555750457 -4.8301291212
245.688689874 -9.66100569476
242.778755595 -14.4911443029
239.780900193 -19.3078491538
236.644284914 -24.0970844024
233.30922828 -28.8424994438
229.703303508 -33.524146047
225.736334658 -38.1167057726
221.294127809 -42.5869647374
216.23125167 -46.8901962024
210.364611479 -50.9650692401
203.473150446 -54.7269086282
195.316527176 -58.0601226054
185.696570732 -60.8134376327
174.585957168 -62.8069611043
162.297820465 -63.864094438
149.549814956 -63.8698773627
137.252288843 -62.8236386039
126.126633434 -60.8393379282
116.490369516 -58.0932579719
108.318937365 -54.7654821774
101.415187424 -51.0076624213
95.5388017781 -46.935759049
90.468366522 -42.6347387062
86.0203625399 -38.1661433193
82.0489846816 -33.5748464882
78.439743834 -28.8941623186
75.1022426272 -24.149476393
71.9638920969 -19.360780919
68.9648948313 -14.5444572958
66.054338659 -9.71456218782
63.1871332902 -4.88379739232
60.32153431 -0.0642901062506
57.4170416041 4.73172406619
54.4325020497 9.49124266104
51.3242829727 14.1997986876
48.0444180098 18.8406610137
44.5386729206 23.3938655649
40.7445586542 27.8350033407
36.5894739875 32.1336890133
31.9894606831 36.2516514395
26.8496043073 40.1404573279
21.0680161868 43.7390636335
14.5465205234 46.9717897013
7.21194904101 49.747994348
359.050226252 51.9656269
350.147774905 53.5211893282
340.720497598 54.3269717823
335.907680668 52.0302989514
326.889852234 51.6540721904
318.177220066 50.538644547
310.011239469 48.7444765245
302.533121992 46.3560740403
295.787347418 43.4660306644
289.747924418 40.1630115338
284.348563295 36.5252358641
279.506211174 32.6183608354
275.135687785 28.4959610539
271.157179709 24.2011594559
267.499149395 19.7685513717
264.098694641 15.2260129102
260.90065552 10.5962480614
257.856189438 5.89805851745
254.921166409 1.14737414001
252.054521934 -3.64190071091
249.21658377 -8.45716722871
246.36731646 -13.2864813545
243.464371268 -18.1179141925
240.460784368 -22.9388748198
237.302131395 -27.73529177
233.922782226 -32.4905404197
230.240893944 -37.1839979962
226.151672419 -41.7889510946
221.518476419 -46.2694986649
216.161945574 -50.5759301578
209.849495651 -54.6379372281
202.293694352 -58.355269967
193.182172527 -61.587075468
182.282913017 -64.1462795005
169.662873606 -65.8151615897
155.930674346 -66.4021004656
142.191964709 -65.827522862
129.555657555 -64.1694089935
118.636791296 -61.6186439782
109.507022021 -58.3930559819
101.936180466 -54.6801904336
95.6120175254 -50.6213863113
90.2465865296 -46.3172729921
85.6066941942 -41.8384252817
81.512460199 -37.234733103
77.8268460127 -32.5422163028
74.4447681638 -27.7876660352
71.2841776473 -22.991754171
68.2792961732 -18.1711355625
65.375599256 -13.3399083366
62.5260699831 -8.51067399578
59.6883260589 -3.69535719234
56.8223190574 1.09410565802
53.8883850496 5.84512937501
50.8454873387 10.5438307961
47.64954256 15.174310085
44.2517733612 19.7178061826
40.5971027507 24.151668774
36.6227256568 28.4480914811
32.2572065141 32.572567998
27.4208181832 36.4820862006
22.0284113093 40.1232036896
15.9968412409 43.4304095506
9.25950731343 46.3256243354
1.78978598305 48.7202757669
353.631167856 50.5217558724
344.92366118 51.6453751802
331.63015985 49.5290411137
323.212205421 48.8190863174
315.163527539 47.4310596664
307.65520088 45.4288543675
300.776759108 42.8915719791
294.546320679 39.9015490497
288.932326286 36.5360337824
283.875408121 32.8629173295
279.304828201 28.9395037327
275.148688249 24.8130435946
271.33924918 20.5220570016
267.815060175 16.0978632305
264.521246062 11.5660309123
261.408832047 6.94764027482
258.433609454 2.26034105999
255.554794671 -2.48076880053
252.733577255 -7.26240276607
249.931555848 -12.0724371736
247.108992135 -16.8993023527
244.222730685 -21.731361929
241.223632519 -26.5562599454
238.053207107 -31.3600149123
234.638921947 -36.1258801058
230.887684622 -40.8327035364
226.676586398 -45.4524506962
221.839985935 -49.9463813527
216.15264796 -54.2590636131
209.311916494 -58.309121557
200.932880422 -61.9758710038
190.598670017 -65.0837721407
178.051382025 -67.3964917084
163.57552827 -68.6508165813
148.298679938 -68.6577314269
133.806748707 -67.4160887095
121.235874694 -65.1134015318
110.878716156 -62.012743211
102.480872965 -58.3510250902
95.625823037 -54.3044457715
89.9278850028 -49.9941967782
85.0834990733 -45.5019968474
80.8666893931 -40.8834992172
77.1112715628 -36.1775853187
73.6939552042 -31.4123794894
70.5213847729 -26.6090898143
67.5208466171 -21.7844932195
64.6337130816 -16.9525924343
61.8107767222 -12.1257722292
59.008844167 -7.31565876544
56.1881498353 -2.53381290746
53.31028905 2.207653572
50.3364674156 6.89547309266
47.2259344621 11.5145746409
43.9345305491 16.0473445995
40.413344265 20.4727498682
36.6075747638 24.7652821711
32.4558489604 28.8936981629
27.8904936179 32.8195710175
22.8396363553 36.4957603937
17.232478825 39.865084403
11.0094404345 42.8597719229
4.13852263875 45.4026651257
356.637135532 47.411445691
348.593892498 48.806909382
340.178949881 49.5249086831
335.902082035 47.1866261858
327.844507333 46.8505185413
320.003919915 45.8500827427
312.560657168 44.229225195
305.633915992 42.0514161592
299.278674359 39.3893092354
293.497302212 36.3159125707
288.256727564 32.8988065388
283.504313367 29.1973190553
279.17951551 25.2618238999
275.221143647 21.1342624093
271.5712081 16.8492196855
268.176498836 12.4351516118
264.988805627 7.91555804804
261.964383468 3.31002033537
259.063016833 -1.36491233057
256.246860287 -6.09497085504
253.479115252 -10.8675174927
250.722521809 -15.6709625508
247.937576169 -20.4941821498
245.080209903 -25.3259570002
242.098999861 -30.1543086919
238.930964462 -34.9655096386
235.495725437 -39.742912451
231.686875041 -44.4650712762
227.359049158 -49.1028209085
222.308748048 -53.6145344393
216.247347577 -57.9382648863
208.769521915 -61.9788157446
199.340569065 -65.5878870276
187.386339715 -68.5403922967
172.66405747 -70.5304547747
155.947739691 -71.2461629521
139.219227762 -70.5454167563
124.469002288 -68.5675425842
112.485204509 -65.6236780423
103.032079314 -62.020369203
95.5363757422 -57.9836257557
89.4621780457 -53.6624488859
84.4027619313 -49.152486036
80.0684176851 -44.5159603225
76.2548899468 -39.7946666806
72.8163064259 -35.0178732457
69.6459209738 -30.2070890946
66.6631327 -25.3789982344
63.8048048239 -20.5473299384
61.0193802159 -15.724110712
58.2627845797 -10.9205583173
55.4954651325 -6.14777527954
52.6801465278 -1.41734224714
49.7800360625 3.25811973241
46.757310263 7.86436573479
43.5717895759 12.3848788222
40.1797769818 16.8001192606
36.5331189953 21.0866397752
32.5786648861 25.2160497497
28.2584752471 29.1538432596
23.5113806761 32.8581717598
18.2767961606 36.2787642172
12.5019357848 39.3563956371
6.15341725955 42.0235696424
359.233099776 44.2073130942
351.795266736 45.8349213179
343.958352943 46.8427565013
332.070340702 44.6550608853
324.505787287 44.0178251304
317.209337572 42.7657908869
310.314871122 40.9464027281
303.904236312 38.6204689104
298.00956031 35.853972623
292.624106668 32.711612895
287.715519875 29.2527629557
283.23741306 25.5295810103
279.13775705 21.586623666
275.364133793 17.4613245395
271.866564346 13.1848715654
268.598692956 8.78319785902
265.517948493 4.27793719503
262.585102305 -0.31271862064
259.763470269 -4.97327448616
257.017879708 -9.69028757562
254.313429135 -14.4518003873
251.614004052 -19.2468279964
248.880393226 -24.064708866
246.067740361 -28.8949117025
243.122376943 -33.7258821101
239.976633138 -38.5444176563
236.541515464 -43.3342699107
232.695156235 -48.0740685783
228.264525114 -52.7339025457
222.996323805 -57.2694333079
216.51229045 -61.6114525222
208.250396082 -65.64730248
197.432244967 -69.1899694144
183.237266875 -71.9399757435
165.584980085 -73.4913645003
146.330375677 -73.5000553884
128.646948385 -71.9638139248
114.41279986 -69.2244425593
103.56243702 -65.6885208734
95.277610141 -61.6568740756
88.7778775907 -57.317527268
83.4989301553 -52.7837471961
79.060859552 -48.125090386
75.2092952167 -43.3860949201
71.7705242078 -38.5967883551
68.6222431123 -33.7786100441
65.6751790057 -28.9478499076
62.8614968471 -24.1177335956
60.1273322408 -19.2997578014
57.4278318666 -14.5046059499
54.7237313181 -9.74283210506
51.9788845663 -5.02542585678
49.1583878455 -0.364330870974
46.227081386 4.22703173092
43.1483065761 8.73319579252
39.8828706148 13.1360064512
36.3882454695 17.4138760392
32.6181205501 21.5409279413
28.5225551883 25.4860419695
24.0491477621 29.2118632184
19.1458404 32.6739220669
13.7661397663 35.8201485936
7.87746743204 38.5912456682
1.47271524054 40.9225567324
354.583488559 42.7480796817
347.29102438 44.006899529
339.728636674 44.651366064
335.897353002 42.2538710738
328.655502425 41.9518206531
321.571582312 41.0500941926
314.781752517 39.5810967527
308.384082913 37.5929020479
302.433961145 35.1424698142
296.948588033 32.2893259262
291.916285919 29.090845779
287.306604897 25.599405973
283.078841096 21.8611062493
279.188156915 17.9155691863
275.58944209 13.7963630261
272.239423905 9.53171743092
269.097564612 5.14532729217
266.12617498 0.657134355216
263.290036154 -3.91596209524
260.555701835 -8.55947803148
257.890557432 -13.2607936031
255.261633709 -18.0086615138
252.633959642 -22.7925647245
249.969432009 -27.6030127638
247.222323254 -32.4296393879
244.337206919 -37.2617818051
241.24203453 -42.0870366787
237.8389316 -46.88996189
233.988776654 -51.6498240234
229.48510821 -56.3366645415
224.009089162 -60.9040485025
217.052768208 -65.2750789412
207.802918117 -69.3148764579
195.05424696 -72.7795642353
177.585832823 -75.250548685
155.976830858 -76.1793048372
134.340259123 -75.2696920998
116.818526121 -72.8123557761
104.024759684 -69.3558020736
94.7444390465 -65.3206875239
87.7684977185 -60.9524321521
82.2797363334 -56.3867640709
77.7676060029 -51.701022925
73.9117170989 -46.9418786739
70.5046853442 -42.1394188254
67.4068305879 -37.3144496092
64.5199325555 -32.4824551509
61.7717258003 -27.6558665261
59.1064443828 -22.8454473536
56.4788371366 -18.0612058002
53.850220094 -13.3130518297
51.1857517357 -8.61132354555
48.4524581556 -3.96725783773
45.6177310012 0.60654501763
42.648141358 5.09562713353
39.5084967823 9.48312223032
36.1611405827 13.7491292422
32.5655693111 17.870002511
28.6785392694 21.8175707464
24.4549527086 25.5583329424
19.8499510949 29.0527405932
14.8227527369 32.2547697882
9.34274491145 35.1121118365
3.39797654345 37.5674358861
357.005256231 39.5612166068
350.219490286 41.0364292016
343.138260136 41.9448554668
332.449879345 39.6695903327
325.627958503 39.0953941463
319.004149275 37.9629296456
312.683107133 36.3077691651
306.735971138 34.1767683977
301.199615249 31.6225110587
296.081660552 28.6984901821
291.368106003 25.4556567216
287.031006765 21.9403923265
283.03478735 18.1936335481
279.34076525 14.2507792459
275.910030771 10.1420545221
272.705045027 5.89309423247
269.690329249 1.52559655634
266.832543739 -2.94203627905
264.100160431 -7.49410860608
261.46284635 -12.117104529
258.890600571 -16.7992188846
256.352614915 -21.5299237285
253.815862205 -26.2995497944
251.242863859 -31.0990054254
248.588889041 -35.9190476763
245.797476357 -40.7498882499
242.793338426 -45.5802638671
239.470642792 -50.3960754827
235.672603695 -55.1780427182
231.154293997 -59.8973421651
225.512039235 -64.5068868159
218.046857617 -68.9226475235
207.518399818 -72.9816346157
191.895363811 -76.3511313637
169.308447348 -78.4051476452
142.680563571 -78.4171053129
120.020639915 -76.3816155179
104.329853697 -73.0223618022
93.7589463028 -68.9686389905
86.2687365526 -64.5557082798
80.6113478305 -59.9477855378
76.0835163543 -55.2294631312
72.2792812993 -50.4480985286
68.9524685168 -45.6326525493
65.9455847991 -40.8024785264
63.1523803826 -35.9717151362
60.497313046 -31.1516476655
57.9237513417 -26.3520780891
55.3868743021 -21.5821908666
52.8491930928 -16.851157419
50.2775880563 -12.1686089087
47.6412500031 -7.54505177898
44.9101805081 -2.99227251581
42.0540581591 1.47623689562
39.041374229 5.84481049216
35.8388135621 10.0950821624
32.4109234372 14.2053968925
28.7201869064 18.1501704349
24.7277035649 21.8992354738
20.3947750253 25.4172565502
15.6857677058 28.6633623592
10.5726159178 31.5912312853
5.04111521937 34.1499559527
359.09859079 36.2860551305
352.781541373 37.9469080423
346.160699858 39.0855595841
339.340367346 39.6662733213
335.893219703 37.1876716734
329.367945565 36.9155241103
322.959468866 36.1012100636
316.771397508 34.7688678208
310.883309264 32.9550502632
305.346445531 30.7042912238
300.184883905 28.0646686934
295.400275172 25.0841521049
290.977944572 21.8080645553
286.892723743 18.2776235318
283.113670518 14.5293315186
279.607455342 10.5949429836
276.340541261 6.50177120107
273.280414454 2.27316272483
270.396125642 -2.07097119224
267.658351119 -6.51362955018
265.039115934 -11.0402338275
262.511257679 -15.6381876569
260.047650146 -20.2964800007
257.620159708 -25.0053185335
255.198198 -29.7558315104
252.746595016 -34.5396581757
250.222598834 -39.3485608085
247.570983464 -44.1739345632
244.71599914 -49.0060423972
241.547281784 -53.8327784343
237.893672933 -58.6374224443
233.471310961 -63.3941515554
227.773247414 -68.0581452744
219.819392914 -72.541347889
207.591068608 -76.6468513645
187.217246639 -79.8905649385
156.039891296 -81.2458831613
124.774794943 -79.9174749546
104.287617623 -76.6875843966
91.9961239652 -72.5880294217
84.0097361209 -68.1075960391
78.2938774246 -63.4450325408
73.8610868192 -58.6890969429
70.2010319059 -53.8849044773
67.0281947274 -49.0584137886
64.1705482731 -44.2264118883
61.5172451236 -39.4010383803
58.9922532671 -34.5920467657
56.5401739526 -29.808047815
54.1181474231 -25.057266223
51.6909729254 -20.3480570055
49.2280081279 -15.6893054819
46.7010958324 -11.0907783726
44.0831096471 -6.5634661769
41.3468951621 -2.11994276884
38.4644919304 2.22524033157
35.4065950473 6.45511439617
32.1422752228 10.5498062314
28.6390353203 14.4860134014
24.8633451924 18.2364725569
20.7818628469 21.7694837326
16.3636019157 25.0486006794
11.5833029639 28.0326586522
6.4261382094 30.6763755316
0.893533971582 32.9317996993
355.009276644 34.7508345473
348.824277533 36.0888793191
342.417799367 36.9092605169
332.788014921 34.5239097479
326.632404209 34.0061121889
320.624882684 32.9818165265
314.847211074 31.4777979431
309.359498987 29.5301149827
304.198495392 27.180377595
299.379566509 24.4722583996
294.900838686 21.4487282942
290.748008035 18.1501776853
286.89878009 14.6133525157
283.326431467 10.8709221427
280.00237867 6.95147652027
276.897855887 2.8797801234
273.984883992 -1.32284394464
271.236713692 -5.63808272977
268.627890288 -10.0502041838
266.134040767 -14.5456551599
263.73143658 -19.1126960682
261.396340374 -23.741071827
259.104090872 -28.4217231187
256.82777557 -33.1465110343
254.536322528 -37.9079153456
252.191544163 -42.6987449594
249.743275072 -47.5117512775
247.120956049 -52.3390590641
244.218055314 -57.1712130356
240.860983282 -61.9953554037
236.741259543 -66.7912805044
231.250398763 -71.5216554247
223.022296765 -76.1034832494
208.513737848 -80.3067887624
178.77501814 -83.3520146724
133.379180679 -83.3720406429
103.414264572 -80.3480014363
88.8023257232 -76.1513360838
80.5318216566 -71.5719557354
75.0209222035 -66.8426676701
70.8905130593 -62.0472773409
67.5272548626 -57.2233993582
64.620593762 -52.3913537502
61.9959503729 -47.5640492524
59.5462781734 -42.7509643366
57.200732437 -37.9599836175
54.9089815454 -33.1983568997
52.6327386623 -28.4732684653
50.3408822941 -23.7922259578
48.006472896 -19.1633679824
45.6048249094 -14.5957420643
43.1121967331 -10.0995826076
40.5048660864 -5.68660742149
37.7584718161 -1.3703448026
34.8475744061 2.83350222592
31.7454404718 6.90665443329
28.4241039354 10.8278273496
24.8548041002 14.5722998139
21.0089476013 18.111528886
16.8597769206 21.4128937386
12.384928053 24.4396945539
7.56998075622 27.1515784962
2.41289003903 29.5055951687
356.928796373 31.458065186
351.154184226 32.9673346638
345.148894344 33.997257698
338.994463569 34.5209295342
335.889490749 31.9327671941
330.013759086 31.6877153464
324.225259055 30.9531462673
318.603172425 29.7470891024
313.211471332 28.0973065138
308.095437298 26.0384134866
303.28140832 23.6088227775
298.778953721 20.8480270992
294.584344954 17.7945043496
290.684318091 14.4843151065
287.059468099 10.9503157432
283.686964686 7.2218447858
280.542530448 3.3247326913
277.601759536 -0.718491686979
274.840906632 -4.88829190614
272.237276606 -9.1677750902
269.769321615 -13.5423420318
267.416520358 -17.9993572947
265.1590808 -22.5278488395
262.977472501 -27.1182413788
260.851745133 -31.7621212983
258.760543528 -36.4520129339
256.679645055 -41.1811737495
254.579623517 -45.9433939552
252.421899123 -50.7327610347
250.151591356 -55.5433418516
247.683524047 -60.3686667554
244.872114975 -65.200722553
241.438348844 -70.0276049845
236.761587634 -74.8268659231
229.131154722 -79.5410949631
211.973571929 -83.9442245161
156.295759221 -86.5011228012
100.044084522 -83.98722993
82.6931402117 -79.5908017132
75.0117677955 -74.8781630301
70.3156907521 -70.0794549193
66.8728427288 -65.252785654
64.05660576 -60.4207900234
61.5858053384 -55.5954362118
59.3139347471 -50.7847617421
57.1553723681 -45.9952447896
55.0550045159 -41.232819413
52.9741223495 -36.5033944786
50.8832263865 -31.8131721525
48.7580552949 -27.1688835921
46.5772374729 -22.5779948743
44.3208124884 -18.0489102087
41.9692475716 -13.5911880265
39.5027573289 -9.21577982906
36.9008319158 -4.93529804659
34.1419371754 -0.764315656427
31.2033916991 3.28030444983
28.0614611176 7.17905976195
24.6917438719 10.9094591091
21.0699548835 14.4457126743
17.1732373302 17.7585238304
12.9821325573 20.8150763806
8.48328736488 23.5793435832
3.67284161664 26.012868645
358.560189511 28.0761594317
353.171458956 29.7307752434
347.551708008 30.9420386045
341.764705821 31.6820885006
333.098896234 29.1551248284
327.559319489 28.6893548033
322.131128445 27.7657446804
316.878077437 26.404406345
311.850015199 24.6329290071
307.081110864 22.4839098624
302.590344921 19.9925003387
298.383575843 17.1942998183
294.456374074 14.1237631757
290.796955999 10.8131439622
287.388795505 7.2919034063
284.21272107 3.58647648687
281.248468229 -0.279715651933
278.475746635 -4.28610049901
275.874915736 -8.41470649301
273.42736513 -12.6498811811
271.115681757 -16.9780058514
268.923666709 -21.3872244411
266.836244422 -25.8671962754
264.839286175 -30.4088767469
262.919350307 -35.0043224554
261.063326666 -39.6465190208
259.257928512 -44.329235299
257.488908028 -49.046895969
255.739744782 -53.7944662832
253.989236392 -58.5673438864
252.206587136 -63.3612459986
250.340102154 -68.1720632594
248.286742585 -72.9955915566
245.789338781 -77.8267776303
241.929143267 -82.656206285
228.967029966 -87.4274015832
83.1183429004 -87.4770006879
69.8417256166 -82.7079832758
65.9540097251 -77.8787071794
63.4491006516 -73.0475179112
61.3928133311 -68.223934183
59.5250313502 -63.4130266953
57.7418377008 -58.6190021704
55.9912042666 -53.8459680739
54.2421888925 -49.0982031422
52.4735191704 -44.3803041668
50.6686402786 -39.6972988765
48.8132886828 -35.0547538431
46.8941734526 -30.4588894624
44.8981884575 -25.9167086001
42.8118993482 -21.4361434952
40.6211856502 -17.0262246182
38.3109830713 -12.6972744506
35.8651064574 -8.46112807645
33.2661572158 -4.33138055357
30.4955384156 -0.323657677536
27.533619895 3.5440988057
24.360115732 7.25134918589
20.9547559886 10.7747074571
17.2983486832 14.0877747767
13.3743261998 17.161124755
9.17083600837 19.9625338822
4.68334699436 22.4575677048
359.917581614 24.6106316996
354.892354433 26.3865574107
349.641652177 27.7527034139
344.21514743 28.6814066692
338.676453328 29.1524541815
335.88601891 26.4156585626
330.617842624 26.1959443486
325.415102089 25.5363585815
320.338351669 24.4503122319
315.438594945 22.9587483579
310.754692403 21.0882972514
306.312618757 18.8692244623
302.126274606 16.3334848388
298.199312731 13.5130943637
294.527416521 10.4389142872
291.100589059 7.13984696255
287.905180874 3.6423849528
284.925536025 -0.0295684254366
282.145242285 -3.85468878206
279.548031075 -7.81409977613
277.118398331 -11.8911744569
274.842022267 -16.0713058994
272.706049283 -20.3416713255
270.699312708 -24.6910043283
268.812545701 -29.1093830391
267.038654538 -33.5880364025
265.37314101 -38.1191670498
263.814810953 -42.6957898415
262.36700582 -47.3115810244
261.039822016 -51.9607261132
259.854303447 -56.6377468936
258.850885081 -61.337265495
258.107954714 -66.0535994039
257.787897694 -70.7798760268
258.272840495 -75.5055497692
260.686742811 -80.2069399161
270.109961556 -84.7874144675
335.135569932 -87.9811129047
41.397455723 -84.8346885698
50.9790430562 -80.2571187382
53.42696157 -75.5562820498
53.9243623174 -70.8307496967
53.6103223674 -66.1044729757
52.8708749411 -61.3880640993
51.8697728568 -56.688416043
50.6859840358 -52.0112168256
49.3602256298 -47.3618435716
47.9136943589 -42.7457703469
46.3565774881 -38.1688050668
44.6922756825 -33.6372628304
42.9196372621 -29.1581185271
41.0341966745 -24.739158399
39.0288859632 -20.3891408156
36.8944600383 -16.1179720447
34.6197719653 -11.9369000176
32.191986031 -7.85872651547
29.5967957614 -3.89803494383
26.8187085516 -0.071426174227
23.8414614649 3.60225191306
20.6486393032 7.10170522385
17.2245708782 10.4030614978
13.555574795 13.4798581996
9.63160088149 16.3032192963
5.44825395335 18.8423024921
1.00908110232 21.0650988681
356.327852461 22.9396438137
351.430395809 24.4356407411
346.355423298 25.526404365
341.15380916 26.190913134
333.394186957 23.4764174586
328.442400269 23.0602030996
323.574487112 22.2332108847
318.839950096 21.0104133406
314.279517999 19.4126764913
309.923657066 17.4651654927
305.792414619 15.1956770807
301.896314384 12.6331105552
298.237904517 9.80621066624
294.813574045 6.74263504546
291.615346693 3.46833665073
288.632476268 0.00721493035528
285.852768165 -3.61902497019
283.263622502 -7.39086482641
280.852836515 -11.2908687904
278.609224866 -15.3035210395
276.523125485 -19.4150335901
274.586863728 -23.6131425158
272.795256106 -27.8869029569
271.146254305 -32.2264867041
269.641872471 -36.6229801195
268.289625695 -41.0681746244
267.104875401 -45.5543335115
266.114823703 -50.0739015117
265.36565004 -54.6190895182
264.936019287 -59.1811894676
264.964563128 -63.7492763325
265.711180595 -68.3073892744
267.711094288 -72.8274247279
272.226862352 -77.247596672
282.838370314 -81.389234019
310.770524283 -84.5481551237
0.47829115909 -84.5699663861
28.6976800625 -81.4306504446
39.414091372 -77.2941120898
43.9693838378 -72.8756583741
45.9875838927 -68.3563220847
46.7441115386 -63.7984987557
46.7787078371 -59.2304943298
46.3531481496 -54.6683489482
45.6069500036 -50.1230213322
44.6192404536 -45.6032333664
43.4364605237 -41.1167779681
42.0859712007 -36.6712084115
40.5832368856 -32.274255656
38.9358435066 -27.934119999
37.1458562723 -23.6597047081
35.2112652554 -19.4608251773
33.1269171915 -15.3484107639
30.8851618959 -11.3347073871
28.4763567841 -7.43348270935
25.8893308083 -3.66023004731
23.1118892814 -0.0323607919791
20.1314324048 3.43063274741
16.9357551671 6.70707191215
13.5140873981 9.77308289489
9.8584119625 12.6027354613
5.96505723011 15.1683889945
1.83648938307 17.4413066047
357.483130039 19.3925838851
352.924909451 20.9944024212
348.192171744 22.2215562682
343.325532686 23.0531190091
338.374407121 23.4740404476
335.882674835 20.5311474128
331.202434747 20.3359482959
326.571230171 19.7492459378
322.035209737 18.7808956445
317.634663289 17.4464757293
313.402216465 15.7661389244
309.362043936 13.7632815983
305.530019536 11.4632119129
301.914572969 8.89195739068
298.517969713 6.07529530758
295.337755685 3.03803491535
292.368175862 -0.196460006016
289.601453657 -3.60654332963
287.028885006 -7.17239761742
284.641750108 -10.8760272761
282.43207752 -14.7011708007
280.39331517 -18.6331606209
278.520977434 -22.6587503906
276.813353858 -26.7659214579
275.272391657 -30.9436725869
273.904912536 -35.1817890162
272.724414804 -39.4705772871
271.753882148 -43.8005378532
271.03035132 -48.1619212326
270.612660229 -52.5440616199
270.595218965 -56.9342716889
271.133841554 -61.3158278052
272.497328129 -65.6639363747
275.177909073 -69.9368186626
280.143794045 -74.0537636266
289.420348369 -77.8351287482
306.974817927 -80.8360386762
335.684703591 -82.0963331145
4.48597231848 -80.8610113075
22.1564561981 -77.8727147689
31.4968323393 -74.0966774098
36.4955695138 -69.9821541412
39.1943543309 -65.7104688381
40.5688398278 -61.3629670522
41.1146497272 -56.9816918119
41.1022430991 -52.5915575085
40.6883078993 -48.2093464385
39.9677467929 -43.8477747425
38.9996924141 -39.5175212499
37.8213675777 -35.228339327
36.4558793148 -30.9897266785
34.9168112916 -26.8113709834
33.2110464947 -22.7034780537
31.3405775821 -18.6770372811
29.3037286121 -14.7440528349
27.0960401744 -10.9177542442
24.7109792135 -7.21279021636
22.140586134 -3.64540167801
19.3761450149 -0.233562420348
16.4089462241 3.00293237735
13.2311961605 6.0424581529
9.83710911293 8.86167037258
6.22418462421 11.4357745673
2.39462498734 13.7390011537
358.356780541 15.745320288
354.126432849 17.4294086233
349.727657934 18.7678395321
345.192986093 19.7404140567
340.562626819 20.3314927282
333.685197734 17.3580432457
329.314845033 16.9907809713
325.007377449 16.25983266
320.800936089 15.176148394
316.728324138 13.7552035207
312.815906231 12.0160099607
309.083249294 9.98003568161
305.543411595 7.67015694164
302.203706527 5.10973533155
299.066746484 2.32187186025
296.131596028 -0.671145717882
293.394910805 -3.8482124188
290.851990845 -7.18961767203
288.497722703 -10.6771301626
286.327420318 -14.2939861489
284.337600641 -18.0248068691
282.526750934 -21.855464099
280.896165798 -25.7729055578
279.450960544 -29.7649439151
278.201413349 -33.8200040084
277.164867729 -37.9268110003
276.368567185 -42.0739843876
275.854048776 -46.249472387
275.684198023 -50.439704836
275.954979313 -54.6282316748
276.815644853 -58.793382963
278.504757429 -62.9039805659
281.415998447 -66.9109796626
286.217096738 -70.7302759578
294.035879566 -74.206515254
306.547972487 -77.0436380511
324.948881442 -78.7348249724
346.538332809 -78.7445497316
4.99821763425 -77.068995277
17.5703568245 -74.2411265074
25.4298453162 -70.769877846
30.2563573328 -66.9533092613
33.1837284255 -62.9478480988
34.8835382052 -58.8381235336
35.7516587707 -54.6734421048
36.0278981816 -50.4851179883
35.8622387576 -46.294894275
35.3510900184 -42.1192607453
34.557619917 -37.9718083572
33.5235517005 -33.8645982826
32.2762560309 -29.8090130781
30.83316604 -25.8163245244
29.2046247445 -21.8981008245
27.3957952781 -18.0665191748
25.4080076834 -14.334619095
23.2397748508 -10.7165138943
20.887630722 -7.22756572725
18.346897765 -3.88452057542
15.6124620438 -0.705591551004
12.6796130108 2.28952844992
9.54498431527 5.07975028873
6.20760585559 7.64279856135
2.67004199093 9.9555791068
358.939545131 11.9947294498
355.029101768 13.7373625034
350.958200594 15.1619877028
346.753128128 16.2495577833
342.446617795 16.9845496193
338.076757954 17.3559548065
333.691884297 14.1718650077
329.339216817 13.7814897273
325.052503201 13.0048631208
320.871761653 11.8539625569
316.831468394 10.3457013946
312.959450188 8.50083869438
309.276567473 6.34279320779
305.797085418 3.89650053498
302.529546857 1.1874149002
299.477942206 -1.75928793891
296.643000914 -4.91929016544
294.02348314 -8.26950579613
291.617409637 -11.7882767712
289.423220935 -15.4554240077
287.4409011 -19.2521835647
285.673139698 -23.1610506491
284.126645324 -27.1655436769
282.813776018 -31.249887305
281.754731935 -35.3985959286
280.980689221 -39.5959139864
280.538483981 -43.8250290213
280.497856932 -48.0669027224
280.962971092 -52.2984339325
282.091107168 -56.4894143618
284.123257955 -60.5972391733
287.433031629 -64.5573696655
292.596096481 -68.2658975071
300.445302839 -71.5491876149
311.920689496 -74.1228206499
327.21806533 -75.5879967002
344.325478835 -75.5957232422
359.655636167 -74.1438453788
11.1710368768 -71.5792758929
19.0522670619 -68.3015316948
24.237805159 -64.5963167458
27.5629857657 -60.6381724485
29.6058905614 -56.5315313993
30.7417874679 -52.3412231917
31.2127245462 -48.1100149811
31.1766480265 -43.8682068306
30.7381475818 -39.6389517827
29.9672444307 -35.4413164836
28.9109642182 -31.2921271112
27.6006145557 -27.2071433439
26.0564888146 -23.2018481796
24.2910120686 -19.2920093832
22.3109410673 -15.4940971851
20.1189988609 -11.8256021904
17.7151904933 -8.30527218023
15.0979657263 -4.95326903379
12.265342617 -1.79123368395
9.21606595969 1.15776352134
5.9508362934 3.86941714086
2.47360109837 6.31855842014
358.792846753 8.47973241699
354.922770608 10.3279927491
350.8841582 11.8398978621
346.704760841 12.9946527838
342.418986953 13.7752953913
338.06680326 14.1697886122
333.693420286 11.0213893343
329.348517066 10.6036201999
325.07414917 9.77293894416
320.913127756 8.54271291947
316.902403024 6.93179610428
313.071950585 4.96329822367
309.444528053 2.66325569717
306.036183951 0.0593639372576
302.857313335 -2.8201143225
299.914040344 -5.94720240718
297.209747532 -9.29480795161
294.746638429 -12.8370801911
292.527292319 -16.5495559056
290.556238106 -20.4091259689
288.841637281 -24.3938470261
287.397231857 -28.4826080142
286.244795956 -32.6546393539
285.417450531 -36.8888210456
284.964390382 -41.1626976183
284.957873715 -45.451028767
285.503783131 -49.7235680394
286.757670297 -53.9415211508
288.94859677 -58.0517186264
292.411555501 -61.9768907244
297.619294681 -65.5998189224
305.166749666 -68.7404512242
315.566837965 -71.1355262381
328.656636386 -72.4620830347
342.923736779 -72.4685378148
356.033927354 -71.1535078044
6.46177199472 -68.7669695613
14.0341075067 -65.6320214948
19.2609566901 -62.0127189268
22.7379033669 -58.0898228808
24.9390615093 -53.9810253559
26.2005891728 -49.7638848851
26.7523808062 -45.4917426696
26.7505542275 -41.2034943651
26.3013740774 -36.9294454335
25.4773588768 -32.6948690277
24.3278835788 -28.5222366925
22.8861956737 -24.4326732651
21.1741588897 -20.4469453312
19.2055782286 -16.5861553948
16.98865768 -12.8722343845
14.5279515152 -9.32827660996
11.8260487665 -5.97872957631
8.88514746149 -2.84942911772
5.70860921299 0.0325445606349
2.30252170179 2.63922185489
358.677228726 4.94233945013
354.848715 6.91419112802
350.83966612 8.52871725542
346.679984104 9.76277120945
342.406552387 10.5974485858
338.062131108 11.0193200225
333.690117838 7.90298991048
329.343849492 7.45262898063
325.074621573 6.55775361882
320.929211582 5.2336185446
316.948087819 3.50170790641
313.164301901 1.38831199186
309.60337261 -1.07699275407
306.284020598 -3.86277110885
303.219520807 -6.93693044519
300.419434625 -10.267625636
297.89154119 -13.8238492335
295.643875548 -17.5757215283
293.686877782 -21.4945075849
292.035753167 -25.5523831621
290.713243095 -29.7219513602
289.753123774 -33.9754771415
289.204903629 -38.2837533023
289.140397396 -42.61442825
289.66310097 -46.9294933931
290.921435358 -51.1814174962
293.12639379 -55.3071058156
296.571001823 -59.2185285017
301.637942222 -62.7890256101
308.752021526 -65.8369466078
318.185169463 -68.1183376845
329.648642715 -69.3603284603
341.957752629 -69.3659049093
353.435034086 -68.1340914865
2.8883282191 -65.8606370571
10.0219437444 -62.8183085365
15.1049516312 -59.2515480265
18.5619678044 -55.3425472225
20.776381079 -51.2183740002
22.042002881 -46.9673278036
22.5704605107 -42.6526725388
22.510638854 -38.3220428076
21.9663624967 -34.0135085073
21.0096775046 -29.759455426
19.6902553439 -25.5891070889
18.0419869995 -21.5302027917
16.0876934088 -17.6101354963
13.8426322262 -13.8567201498
11.3172734084 -10.2986794192
8.51966178179 -6.96588006542
5.45756729684 -3.88931835097
2.14052389081 -1.10083268802
358.581761958 1.36748360567
354.799943008 3.48418426444
350.820516663 5.21966890013
346.676462275 6.54760880219
342.408181633 7.44646690499
338.062400927 7.90092305101
333.682189311 4.81327327641
329.326092149 4.32388019285
325.056104018 3.35229861073
320.924542871 1.91638102413
316.976819091 0.0412271960046
313.250368113 -2.2425024572
309.774756059 -4.90035933581
306.572785227 -7.89573196386
303.662329817 -11.1911634081
301.058645222 -14.7492774007
298.776982299 -18.5332893759
296.835462428 -22.5071101812
295.258304665 -26.6350524659
294.079634559 -30.8811248181
293.348247371 -35.2078470336
293.133841777 -39.5744368634
293.535332137 -43.9340938568
294.691683252 -48.2299293973
296.794650426 -52.3888836788
300.099113006 -56.3128883633
304.916503936 -59.8671968299
311.555341192 -62.8689696596
320.150423439 -65.0878622703
330.373372758 -66.2825282575
341.252471956 -66.287462816
351.485411168 -65.1019245582
0.0957560558961 -62.8903875012
6.75023624076 -59.8939948576
11.5811719467 -56.343393258
14.8965534701 -52.421835854
17.0081351345 -48.2644144796
18.1713177164 -43.9694410214
18.578332887 -39.6101347199
18.3685187885 -35.2434840115
17.6410658154 -30.9163489796
16.4658716002 -26.6695446898
14.8918723026 -22.5405662405
12.9532904822 -18.5654080798
10.6744077929 -14.7797531948
8.07337965225 -11.2196826462
5.16546581391 -7.92197259315
1.96590758783 -4.92399404064
358.492544153 -2.26320539257
354.768124913 0.0237701060046
350.822150239 1.9024586593
346.691984442 3.34215916214
342.422971006 4.31771536544
338.067375575 4.81120446873
333.669763538 1.74902094124
329.295991788 1.21244557337
325.02096204 0.148408678218
320.904735085 -1.42158194259
316.999688617 -3.46734246253
313.349565577 -5.95206214638
309.989970241 -8.8344062137
306.950091523 -12.0703730589
304.255336469 -15.614703129
301.930602521 -19.4217327714
300.004053751 -23.4456513109
298.51144033 -27.6401404462
297.501171919 -31.9573500534
297.040487411 -36.3460953163
297.223075465 -40.7490481977
298.178162031 -45.0985503376
300.079770043 -49.3105468973
303.151106419 -53.2762396414
307.650197162 -56.8520207918
313.80755037 -59.8515467765
321.678328639 -62.0511326446
330.925565176 -63.2271416379
340.715446826 -63.2315873315
349.970310236 -62.0638703502
357.853110419 -59.8711044783
4.0232775218 -56.8766831907
8.533898058 -53.3044795144
11.6148498377 -49.3411584891
13.5242678994 -45.1306196218
14.4857058365 -40.7818776101
14.6735453753 -36.3791333118
14.2173108892 -31.9901377027
13.2109184832 -27.6722739365
11.7217720327 -23.4767565016
9.79839514789 -19.4514485143
7.47661028681 -15.6426712066
4.78461869739 -12.0962335739
1.74732432348 -8.85779792917
358.390113608 -5.97262761321
354.742131813 -3.48473776395
350.838922348 -1.43549051875
346.724158461 0.138259346159
342.45015011 1.20626647054
338.076904072 1.74694593445
333.652898509 -1.29287381928
329.254282788 -1.88718535927
324.972205485 -3.06392497712
320.877679752 -4.79628366638
317.033051805 -7.04670422027
313.491321675 -9.76943336011
310.297334921 -12.9130474247
307.490551521 -16.4225467502
305.109008183 -20.2407470486
303.194184844 -24.3088145696
301.79667324 -28.5658539479
300.982717815 -32.9474492035
300.841720655 -37.3829853417
301.494415374 -41.7914675997
303.100034046 -46.0754893582
305.857191545 -50.1132212883
309.985576321 -53.7494386324
315.664239289 -56.7899144147
322.901150236 -59.0098760876
331.359948126 -60.1920271307
340.293292051 -60.1960886311
348.758184486 -59.0215488788
356.004906233 -56.8079184105
1.69431672012 -53.7722349787
5.83264853124 -50.1393885776
8.59832298562 -46.1038622797
10.2110273906 -41.8211293831
10.8696116674 -37.4132102859
10.7335812451 -32.97764274
9.92390685355 -28.5955049146
8.53017260299 -24.3374611043
6.61875094711 -20.2679539791
4.24031371177 -16.4478922778
1.43637909808 -12.9361176413
358.244985608 -9.78982379123
354.705564041 -7.06402784686
350.862906889 -4.81018464352
346.769946996 -3.07409655439
342.488961829 -1.89338950828
338.090908105 -1.29495919467
333.631592965 -4.31548428729
329.201872506 -4.98155820063
324.914291026 -6.29764261908
320.855691821 -8.22893430107
317.103028934 -10.7267471526
313.72327561 -13.7317663148
310.775864803 -17.177085398
308.317231415 -20.9904454196
306.406933731 -25.0952839642
305.114938535 -29.410349423
304.529727855 -33.8476894844
304.766573588 -38.3088017212
305.974023036 -42.6787406795
308.333260924 -46.8182901994
312.038229873 -50.5555814563
317.235446905 -53.6818895353
323.90474908 -55.9622241036
331.710348931 -57.174705482
339.95301856 -57.1784575034
347.763689494 -55.9730204359
354.441265473 -53.6985660623
359.647712792 -50.5767085716
3.36139547107 -46.8425115001
5.72824347671 -42.7049102503
6.94214696877 -38.3359883369
7.18445556377 -33.8751304023
6.6039265835 -29.4373983053
5.31601582619 -25.1213687082
3.40934076097 -21.0150389891
0.953952073256 -17.1996888896
358.009443855 -13.7519029394
354.632244697 -10.7439659921
350.881747428 -8.24282259139
346.824862946 -6.30784458567
342.538475816 -4.98779725311
338.109369733 -4.31758417594
333.605800729 -7.32196195728
329.140181096 -8.07901169805
324.854661542 -9.57041909363
320.85967447 -11.7487156342
317.254279693 -14.5475490466
314.12727845 -17.8859135768
311.561867398 -21.6717152324
309.643040674 -25.8037853873
308.466699816 -30.1717565904
308.149134698 -34.6534484677
308.834424344 -39.1096131754
310.694217136 -43.3763502013
313.90808634 -47.2569220005
318.604772118 -50.5182257695
324.748215023 -52.9030880683
331.998837209 -54.1724109689
339.673106962 -54.1759086479
346.928110404 -52.9131465503
353.078753002 -50.5337368016
357.783554525 -47.2765061453
1.00518087349 -43.3986736624
2.87184156663 -39.1335217222
3.56303871658 -34.6779768294
3.25053976097 -30.1960890855
2.07858128544 -25.827210572
0.163583336946 -21.6935909885
357.601527881 -17.9056468853
354.47743661 -14.5645904816
350.874487003 -11.7625671696
346.881426998 -9.58065264108
342.597247191 -8.08529412015
338.132316395 -7.3240805213
333.57545586 -10.315719224
329.0718441 -11.1910355487
324.806966657 -12.9077884663
320.927835724 -15.3971536253
317.568305054 -18.5628962012
314.852511748 -22.2869269051
312.903113281 -26.4331424934
311.852152415 -30.8481889676
311.850981862 -35.3584791856
313.072799277 -39.7637091576
315.695361728 -43.8289229561
319.843609436 -47.2811778408
325.475374271 -49.8234865496
332.240498822 -51.1819940542
339.438847999 -51.1852791272
346.207899956 -49.8329082715
351.846126194 -47.2956277574
356.00167776 -43.8470124742
358.631256197 -39.7840793641
359.859328499 -35.3799317608
359.863576945 -30.8696969815
358.817280827 -26.4538163182
356.871894916 -22.3059780101
354.159526227 -18.579615701
350.802842301 -15.4109098616
346.925941944 -12.918042164
342.662611712 -11.1973672857
338.15979506 -10.3178606611
333.540529258 -13.3007696277
329.00232701 -14.3348855908
324.798439986 -16.3487878751
321.135505892 -19.2346598687
318.204520886 -22.8414927153
316.188018119 -26.9823664904
315.271629684 -31.4377196209
315.651594303 -35.9532064095
317.523122315 -40.2337485242
321.02566462 -43.9407958159
326.122964903 -46.7084791344
332.446145527 -48.1996305672
339.239697318 -48.2027351537
345.566535719 -46.7173332545
350.6698198 -43.9542267682
354.179086082 -40.2502885469
356.057046934 -35.9714120199
356.442730337 -31.4563019222
355.531266456 -27.0002034137
353.518926919 -22.857604939
350.591369701 -19.2481945559
346.931105944 -16.359025293
342.72906726 -14.3412674439
338.191814744 -13.3029381355
333.501178574 -16.282448193
328.944092206 -17.5390543783
324.888715857 -19.956410437
321.644764124 -23.347723642
319.499710063 -27.4508383283
318.726480532 -31.9382594347
319.580140901 -36.4204063709
322.24989433 -40.4478030511
326.729327838 -43.5324150947
332.62405885 -45.2201359604
339.067570227 -45.2230847994
344.965854719 -43.5407368704
349.451013706 -40.4601703982
352.127083622 -36.4351752649
352.986675757 -31.9538215373
352.218600348 -27.4657586149
350.077809429 -23.3607650302
346.837176914 -19.9665406808
342.784098941 -17.5454755393
338.228195234 -16.2846477931
333.4582113 -19.269171777
328.929067471 -20.8558651029
325.224820052 -23.8359163638
322.843241355 -27.8387882659
322.221207242 -32.3471218562
323.693316951 -36.7226978129
327.35070531 -40.2479027558
332.781528006 -42.2352435323
338.915329148 -42.2380548384
344.349780193 -40.2556768842
348.01283173 -36.7337975362
349.490934714 -32.3595739295
348.874244784 -27.8507156704
346.496942519 -23.8457146681
342.795692164 -20.8622852149
338.268101275 -19.2714057071
333.414849141 -22.2776147377
329.054509781 -24.3934989462
326.232616528 -28.1489756542
325.769691352 -32.6593286886
328.11047633 -36.7585852528
332.927586008 -39.2285195142
338.774068543 -39.2312033446
343.59512221 -36.7656841841
345.941650101 -32.6685776814
345.484204825 -28.1578296525
342.666420057 -24.3997880408
338.308271062 -22.2798832046
333.386200941 -25.3527159379
329.713291528 -28.3952874009
329.419028609 -32.8586810767
333.084214354 -36.1557730859
338.621943695 -36.1583194358
342.291762584 -32.8646007855
342.003018681 -28.4009545512
338.333517032 -25.3550050911
333.501336111 -28.6917997092
333.3952434 -32.8249413134
338.315419794 -32.8272080402
338.214489931 -28.6939762639
