353.867116672 32.6946926203
353.763395727 28.5614679132
349.056080291 28.5622136125
348.954123783 32.6954674679
354.17567443 36.0256876175
357.837573766 32.7303338839
357.547013269 28.2667365191
353.880076918 25.2224013166
348.93806609 25.2231870479
345.272300105 28.26867844
344.983626278 32.7323574251
348.64710239 36.0265565091
354.329995844 39.0985360659
359.140754643 36.6310392685
1.48192419757 32.5332633496
1.02375832045 28.0225523171
358.207849332 24.2652838231
353.852930392 22.1472655545
348.964044991 22.1480455348
344.609881893 24.2674436679
341.795385277 28.0255866866
341.339093577 32.5364253156
343.682217517 36.6334608972
348.494313829 39.0994504063
354.473571003 42.1053604371
359.895664636 40.1208685098
3.55076687051 36.5981990825
5.02586765765 32.2237600953
4.4095305931 27.7148803171
2.03420808724 23.7101650569
358.335555361 20.7276987844
353.810981644 19.1387859023
349.00489608 19.1395553247
344.480860687 20.7299080392
340.783243792 23.7135311377
338.409392625 27.7189687218
337.794884536 32.22801788
339.272025878 36.6019856258
342.929048191 40.1235156928
348.352368669 42.1063167414
354.628268238 45.0903611443
0.511993515446 43.4058236264
4.98684201975 40.32450097
7.65786190434 36.2994016992
8.51647799976 31.8180176665
7.74978264293 27.3298320589
5.61135892719 23.2247794691
2.37328078156 19.8308801422
358.322683213 17.4108618369
353.76935847 16.1520291928
349.045464733 16.1527880919
344.492551776 17.4130756482
340.442752578 19.834367915
337.205823063 23.2292609428
335.068867491 27.3349475102
334.303937592 31.823340145
335.164574865 36.3044408589
337.837737227 40.3287118871
342.314520976 43.4086526111
348.199444708 45.0913627435
354.803020398 48.0699761603
1.1127609369 46.582336007
6.2033098792 43.8185756814
9.70553581084 40.1147648389
11.581203585 35.8361143447
11.9676616996 31.3209972214
11.0585438576 26.8646361797
9.04906976997 22.7216940814
6.1242765916 19.1121336351
2.46641910032 16.2233079115
358.266477029 14.2066463954
353.731298897 13.170322258
349.082499249 13.1710717207
344.547653223 14.2088507234
340.348356266 16.226839879
336.691427903 19.1167954895
333.767822422 22.7272324432
331.759783653 26.8707532868
330.852354451 31.327354508
331.240763173 35.8423278184
333.118614681 40.1203973199
336.623114195 43.8231407816
341.71568044 46.5853412783
348.026651804 48.0710291339
355.004994309 51.0524758084
1.75390618487 49.6978360721
7.37672622534 47.1600565221
11.5232047608 43.7118667228
14.1491873795 39.6495221907
15.3774125904 35.2456904077
15.3839523583 30.7353633933
14.3408951182 26.3190461549
12.3989078906 22.1706045383
9.68962633832 18.4437084561
6.33549466276 15.274795488
2.46059714288 12.7822916374
358.198887861 11.0627472678
353.697623754 10.1852485457
349.115169309 10.1859899363
344.614184383 11.0649382751
340.353017545 12.7858362594
336.478900087 15.2795440969
333.125760473 18.4494695417
330.417667133 22.1771552344
328.477065073 26.3261384499
327.435609464 30.7427241343
327.443999936 35.2530145815
328.674350886 39.656460954
331.302707847 43.71801591
335.451649621 47.1649600233
341.076643068 49.7010292409
347.826873772 51.053588418
355.242305558 54.0430489671
2.47342348525 52.7780055626
8.60558422074 50.3983090805
13.2991652413 47.1418651572
16.5159262875 43.2650483642
18.3821739681 39.0006276159
19.0756265006 34.5453231934
18.7667261434 30.0631808648
17.5988170212 25.6936625462
15.6877464156 21.5591889778
13.129147691 17.7703801556
10.0078608274 14.428666385
6.40702220678 11.6264096518
2.41546930674 9.44488116997
358.132403313 7.95067885962
353.668502145 7.19147311068
349.143298062 7.1922078612
344.6796397 7.95285673927
340.397045384 9.44842568374
336.406169562 11.6312012515
332.806187589 14.4345519537
329.685916437 17.7771824175
327.128483738 21.5667136458
325.218736855 25.7017016752
324.052334728 30.0715115066
323.74516721 34.553700888
324.440630292 39.0087747665
326.309205067 43.2726389746
329.528584619 47.1485114997
334.224896669 50.4035646599
340.359474294 52.7814096434
347.59206063 54.0442319332
355.525528962 57.0455257125
3.30758997725 55.8378192007
9.96303342915 53.5633644572
15.1559473105 50.4427325135
18.8635662698 46.7100393318
21.229578722 42.5736388184
22.4458224253 38.2053631316
22.6921524901 33.7445557641
22.1163362973 29.3063508984
20.8331966516 24.9894544601
18.9309501359 20.8820220842
16.4793982219 17.0655080828
13.5379946038 13.6166811323
10.1631194021 10.6080131877
6.41420691119 8.10662895798
2.35830180668 6.17205908619
358.072511533 4.85318833548
353.643915293 4.18498243625
349.166897359 4.18571198491
344.738518459 4.85535508113
340.453150292 6.17559939046
336.397850225 8.11144309388
332.649700099 10.6139731747
329.275721307 13.6236390006
326.335332533 17.0733029669
323.884910017 20.8904849915
321.983918133 24.9984100135
320.702185545 29.3156156291
320.127973566 33.7539325884
320.376166062 38.2146315971
321.59460008 42.5825408974
323.963184887 46.7182618528
327.673739132 50.4498915778
332.869753224 53.569006779
339.527969058 55.8414678866
347.311726553 57.046792953
355.869397574 60.0630641815
4.29956930966 58.8863040303
11.5197277312 56.6730618132
17.1931066355 53.6391452577
21.324327464 50.0083623009
24.0890031685 45.9745492555
25.7043742215 41.6929023006
26.3675760579 37.28538787
26.2370173906 32.8496024852
25.4329897653 28.4667339721
24.0446561776 24.20757806
22.1381230305 20.1367191591
19.7638920912 16.3152146624
16.9633782716 12.8020609677
13.7745737582 9.6546111616
10.2369220631 6.92804209969
6.39529483255 4.67396059198
2.30277672756 2.93830115379
358.021868308 1.75878742195
353.623806955 1.16236414803
349.186016864 1.16308992679
344.788154974 1.76094592088
340.507633881 2.94183754797
336.415670391 4.67878873928
332.574739924 6.93405116471
329.037902411 9.66167287775
325.85000966 12.8100363086
323.050493682 16.3239590164
320.677345945 20.1460854689
318.771993261 24.2174176562
317.38496364 28.4768949262
316.582406016 32.8599252275
316.453544105 37.2956976018
317.118748533 41.7029974822
318.736518883 45.9841854927
321.504067983 50.017232155
325.638633849 53.64685897
331.315616614 56.6791448589
338.539056777 58.8902435145
346.97126364 60.0644340624
356.295431928 63.0984432692
5.50744684603 61.9286157378
13.3582180127 59.7367734219
19.5097122929 56.7447977351
24.0124864639 53.1753034989
27.0927093138 49.2142473022
29.0055141455 45.005246366
29.9724657964 40.6572709735
30.1667354492 36.2545872107
29.7171332974 31.8650538557
28.7171536208 27.5461747505
27.2339443936 23.3492873333
25.3158665862 19.3223780266
22.9986343691 15.5118932299
20.3103771063 11.9637711148
17.2759587161 8.72380832502
13.9207616155 5.83740666552
10.273972151 3.34871980975
6.37123011252 1.29924096706
2.25636716697 -0.274062158904
357.981912477 -1.34086186405
353.608140426 -1.87953321176
349.200686749 -1.87880977101
344.82710183 -1.33870822235
340.553010504 -0.270526931373
336.438667523 1.30408120882
332.536577397 3.35476626823
328.890546345 5.84454476277
325.536191778 8.7319138728
322.502683708 11.9727154626
319.815396309 15.5215469477
317.49919471 19.3326129319
315.58222011 23.3599768095
314.100210554 27.5571923158
313.101565047 31.876269828
312.653486793 36.2658630903
312.849546194 40.6684508327
313.818653109 45.0161441593
315.734098069 49.2246288416
318.817560234 53.1848627769
323.324206434 56.7531317874
329.479991249 59.74337265
337.334777062 61.9329087812
346.549333921 63.0999406454
356.836559391 66.1541634957
7.01548571335 64.9667284089
15.5869993985 62.7568667042
22.2202021185 59.7637815577
27.0431760335 56.2166356963
30.3588036164 52.2979259871
32.4750903415 48.1424859794
33.6451326063 43.8486179264
34.059848781 39.4896315286
33.8578509261 35.1226355696
33.1379298433 30.7946122832
31.9697589901 26.5464921501
30.4021421235 22.4158786886
28.4692162899 18.4388706415
26.1952018447 14.6512548501
23.5982077084 11.089219164
20.6934610906 7.789651824
17.4961898219 4.79004193141
14.024247866 2.12797047943
10.3004388923 -0.159816482087
6.3543674739 -2.03872935454
2.22355823042 -3.4779679534
357.953569394 -4.45230461565
353.596924032 -4.94378286371
349.210891957 -4.94306031447
344.854425655 -4.45015210503
340.584784512 -3.47442965079
336.454472628 -2.03387497997
332.509023956 -0.153736235475
328.785937267 2.13517172251
325.314793159 4.79825032542
322.118375873 7.79874951877
319.214526267 11.0990881424
316.618466432 14.66177948
314.345425877 18.4499389363
312.413524531 22.4273823298
310.847003564 26.5583253017
309.680032539 30.8066691226
308.961462534 35.1348062786
308.7610338 39.5017962091
309.177629641 43.8606374951
310.349986881 48.1541885587
312.469182423 52.3090867967
315.788484871 56.2269488261
320.616002873 59.7728260925
327.254436777 62.7640843242
335.831038801 64.9714614008
346.013287654 66.1558231331
357.545936036 69.2324028904
8.95327800978 67.9990916101
18.3593206785 65.7283917453
25.4695827435 62.6904712762
30.5457065624 59.1280160827
34.0050749869 55.2224543104
36.2263885889 51.1006657978
37.5008455135 46.8510064328
38.03870857 42.5368746095
37.9881732324 38.206049589
37.4527232019 33.896733469
36.5042383909 29.641427473
35.1923084022 25.4694561678
33.5507800385 21.408649886
31.6024442362 17.4864872704
29.3625319469 13.7308678662
26.8414862872 10.1706014795
24.0473266611 6.83564730381
20.9878043993 3.75710090904
17.6724501256 0.966906890394
14.1145169756 -1.50273041846
10.3327267642 -3.62025337122
6.35263692185 -5.35595680973
2.20738747633 -6.68342288076
357.937591552 -7.58105088225
353.590225807 -8.03349144051
349.216557294 -8.03276830183
344.869365975 -7.57889549527
340.599908762 -6.6798762225
336.455143733 -5.35108368054
332.475659919 -3.61413780834
328.694571157 -1.4954703816
325.137409774 0.97520483673
321.822876051 3.76632634575
318.764206785 6.84568978709
315.970922329 10.1813533044
313.450770189 13.742225768
311.211772587 17.4983531499
309.26438243 21.4209306569
307.6238482 25.4820627904
306.31298761 29.6542731543
305.365686149 33.9097308812
304.831588327 38.2191067574
304.782651824 42.5498888164
305.322470588 46.8638549928
306.599395232 51.1131918049
308.823899759 55.2344444463
312.287442313 59.1391669262
317.368953216 62.7003432293
324.485741635 65.736365315
333.89848925 68.0043864749
345.310412593 69.2342755167
358.515321501 72.334770324
11.5318206069 71.0189893378
21.9024091005 68.6367890157
29.4510442816 65.5076417187
34.6743169109 61.8935685235
38.1574988401 57.9746568286
40.3689956606 53.8685533013
41.6421702423 49.6529768913
42.2056280866 45.3814649746
42.2149239169 41.0930904902
41.7760979979 36.8183058334
40.9615972363 32.5825033618
39.8207889126 28.4082523002
38.3869343901 24.3167600031
36.681912824 20.3288660149
34.7195373067 16.4657409888
32.508009515 12.7493831979
30.0518714012 9.20295684497
27.3536925967 5.85098457582
24.4156498428 2.71938452698
21.241089026 -0.164672771174
17.8360972079 -2.7731199355
14.2110437365 -5.0775908332
10.3819763064 -7.05027597149
6.37169024211 -8.66501876345
2.21024865765 -9.89859045465
357.934744731 -10.7320284607
353.588185457 -11.151877307
349.217535219 -11.1511520393
344.871148668 -10.7298659029
340.595980161 -9.89502932513
336.435018234 -8.66012038263
332.425331907 -7.04412002389
328.596957662 -5.07027041504
324.972664752 -2.76473653936
321.568477744 -0.155331730065
318.394747353 2.72957780558
315.457547298 5.86192744377
312.760215638 9.21455131756
310.304926751 12.7615370171
308.094253256 16.478367967
306.132745524 20.3418857729
304.428619552 24.3300971767
302.995709746 28.4218352313
301.85592559 32.596262202
301.042571216 36.8321698637
300.605074674 41.1069842653
300.615970496 45.3953025755
301.181427249 49.6666530026
302.457189256 53.8819288372
304.672139864 57.9875351772
308.160028276 61.9056562277
313.389707683 65.5184868861
320.946648857 68.6457037383
331.326458983 71.0250240106
344.349704109 72.3369341241
359.917715065 75.4616116131
15.1169377892 74.010427229
26.5649412059 71.4525540041
34.4266307874 68.1823008196
39.6159168668 64.4832081545
42.9538992073 60.5294349973
45.0122566666 56.4256131805
46.1636563112 52.2368749214
46.6491813324 48.0062565176
46.6264873789 43.764269796
46.2001403207 39.5342288513
45.4402330125 35.3353227671
44.3938864573 31.1844724561
43.0924979886 27.0975132189
41.5564338674 23.0899911243
39.7981718443 19.1777295254
37.8245011397 15.3772508005
35.6381586576 11.7060976065
33.239147242 8.18307252645
30.6259019093 4.82839741066
27.7964181299 1.66378027609
24.7494165109 -1.28763303593
21.4855798449 -4.00145282073
18.0088541248 -6.45241824141
14.3277515467 -8.61497711054
10.4565335665 -10.4640852823
6.41609695148 -11.9762095513
2.23435541843 -13.1304775535
357.945927794 -13.909872658
353.591027465 -14.3023337565
349.213592442 -14.3016047328
344.858865785 -13.9076983022
340.57077543 -13.1268950568
336.389516144 -11.9712778825
332.349682237 -10.4578811893
328.479160144 -8.6075904209
324.798819557 -6.44394706546
321.322897411 -3.99199914673
318.059885472 -1.27729903401
315.01371416 1.67489510023
312.185055713 4.84019820953
309.572625013 8.1954703368
307.174416292 11.7190099325
304.988867528 15.3906016819
303.015988618 19.1914492004
301.258527842 23.104015361
299.723290821 27.1117823481
298.422778121 31.1989300818
297.377387657 35.3499140613
296.618561291 39.5488982287
296.193484075 43.7789575859
296.172343468 48.0208939281
296.659848936 52.251375982
297.813879525 56.4398611712
299.875871363 60.5432585553
303.219043601 64.4963379485
308.415870373 68.194291455
316.288250708 71.4626576105
327.749526622 74.0174718774
342.959553615 75.4641962501
2.1217300876 78.6100222885
20.3895390866 76.9381226102
32.890799326 74.1204213472
40.7454676051 70.6584629459
45.5898383036 66.848608413
48.5403300836 62.8475397994
50.2627724089 58.7404366848
51.151431307 54.5770679421
51.4458838513 50.3890833651
51.29630155 46.1984622288
50.7993782569 42.021861141
50.0185546106 37.8729909731
48.9957843536 33.7640012924
47.7586221136 29.7063419669
46.3246423664 25.7113382004
44.704292607 21.7906028702
42.9028090552 17.956352949
40.9215681122 14.2216658922
38.7591062342 10.6006936764
36.4119616575 7.10884012521
33.8754454053 3.7628979357
31.1444203804 0.581133791631
28.2141461704 -2.41669751958
25.081226316 -5.20943573873
21.7446685733 -7.77472506356
18.2070330542 -10.0893828476
14.4755968813 -12.1299528512
10.5634111007 -13.8734536323
6.49007738163 -15.2983062279
2.28204734382 -16.3853888699
357.972268044 -17.1191261526
353.599077895 -17.4884868907
349.204392763 -17.4877523617
344.831379791 -17.1169349609
340.521944547 -16.381777285
336.314406366 -15.293331801
332.241687083 -13.8671913455
328.330210085 -12.1224905756
324.599548783 -10.0808166839
321.062728304 -7.76515503698
317.727003756 -5.19896215455
314.594917902 -2.40541812154
311.665465959 0.59312585354
308.935243469 3.77551540808
306.399506096 7.12200234776
304.053116401 10.6143268037
301.891388247 14.2357027601
299.910865668 17.9707326814
298.11009392 21.8052702926
296.490461584 25.7262430977
295.05722129 29.7214381888
293.820842702 33.7792456708
292.798930817 37.8883419636
292.019083439 42.0372770138
291.523317414 46.2138984887
291.375168956 50.4044887946
291.67148228 54.5923780959
292.562674929 58.7555624538
294.28874223 62.8623459809
297.244682421 66.8628710883
302.097601759 70.6717808273
309.965879961 74.1320330559
322.48703892 76.946604007
340.774190614 78.6132660409
351.467269102 81.9660964165
19.824508265 80.7299252775
37.3672327324 77.7572491429
46.7244238787 73.9939669803
51.7660792054 69.8873769513
54.5058239097 65.6202308944
55.9148786299 61.2750616699
56.489309608 56.8946543874
56.5007552696 52.5043767432
56.1069656073 48.1212948857
55.4036639161 43.758308949
54.4505915225 39.4262213582
53.2854180522 35.1348715564
51.9315777492 30.8938195863
50.4028930122 26.7128004201
48.7064189958 22.6020579118
46.8442691796 18.5726143705
44.81484767 14.6365049354
42.6137417922 10.806990813
40.2344374177 7.09875549157
37.6689705545 3.52808005188
34.9086018543 0.112985997431
31.9445841308 -3.12667418744
28.7690783997 -6.16920734369
25.3762541477 -8.99118800751
21.7635776882 -11.5677285257
17.9332431805 -13.8729556436
13.8936330308 -15.8807293729
9.66061561122 -17.5656163713
5.25841908934 -18.9040892826
0.71979389892 -19.8758684602
356.085229036 -20.4652645665
351.401137226 -20.6623389866
346.717149109 -20.4636949899
342.082888449 -19.8727582302
337.544748467 -18.8994939001
333.143189102 -17.5596136553
328.910926328 -15.8734140102
324.872152682 -13.8644333598
321.042703236 -11.5581105778
317.430931775 -8.98058647849
314.039009689 -6.15773147174
310.864386584 -3.1144277559
307.901220884 0.125906316157
305.141667446 3.54158557239
302.57697701 7.11276579889
300.198411513 10.8214336233
297.998011058 14.6513156722
295.969268125 18.5877355578
294.107779163 22.6174384516
292.411960288 26.7283947913
290.883940734 30.9095869685
289.530796751 35.150774853
288.366379936 39.4422260452
287.414166608 43.7743816082
286.711889809 48.1374011453
286.319391206 52.5204780811
286.33256151 56.9107026556
286.909447095 61.2909887772
288.322247265 65.6359274026
291.068170123 69.9026428765
296.120920457 74.0083857721
305.499480203 77.7698358636
323.080443706 80.7382434387
15.7796484384 84.437067813
43.6893811723 81.323808364
54.5029816147 77.204393089
59.1550439681 72.7941855732
61.2437701679 68.278621561
62.0518424342 63.7221723324
62.1254780199 59.1541280498
61.7305668453 54.5910379043
61.0091864224 50.0441456441
60.0420968982 45.5223433784
58.8768146418 41.0335311878
57.5414294544 36.5853329626
56.0519111314 32.1855283179
54.4162013884 27.842352834
52.6366171178 23.564737122
50.7113246994 19.3625197173
48.6352902876 15.2466517565
46.4009383291 11.2294019783
43.9986641953 7.32456415262
41.4173038631 3.54766324855
38.6446433491 -0.0838497974303
35.6680418048 -3.55043281388
32.4752370117 -6.83034459281
29.0553931583 -9.89963405872
25.4004299042 -12.7322777749
21.506629539 -15.3005262706
17.3764476426 -17.5755207636
13.0203511307 -19.5282276595
8.45839041572 -21.13070139
3.72111679858 -22.3576234633
358.849439583 -23.1879838505
353.893135858 -23.6066910899
348.907994123 -23.6058523461
343.951928558 -23.1854847484
339.080710236 -22.3535138317
334.344084493 -21.1250594006
329.78291977 -19.5211535242
325.427723247 -17.567129582
321.298503084 -15.2909410557
317.405689384 -12.7216234004
313.751708213 -9.88803251522
310.332820052 -6.81791162749
307.140929891 -3.53727582073
304.165193324 -0.0700667209651
301.393344403 3.56198425529
298.812742297 7.3393445505
296.411175877 11.2445723341
294.177486174 15.2621510445
292.10207545 19.3782945272
290.177376824 23.5807408321
288.398367187 27.8585447823
286.763226455 32.2018729757
285.274289239 36.6017990964
283.939521634 41.0500909633
282.774928906 45.5389713184
281.808655629 50.0608172659
281.088308277 54.6077276745
280.69480595 59.1708058486
280.770530255 63.7387964305
281.582013577 68.2951225481
283.67701388 72.810423188
288.342563656 77.22001445
299.191506483 81.3376473164
327.19478248 84.4442647529
351.638383552 87.851113167
55.7992540257 84.7480735447
65.8372373522 80.1892392151
68.4985785277 75.4935329617
69.1138103846 70.7690266159
68.874509758 66.0420286109
68.1870672341 61.3239862821
67.2245759651 56.6221582154
66.0708546538 51.9424154956
64.7693785763 47.2902356042
63.3430228672 42.6711512616
61.8030502436 38.0910063775
60.1535777892 33.5561391492
58.3939444861 29.0735401511
56.5200263732 24.6510072913
54.5249939374 20.2973089453
52.3997657031 16.0223616096
50.1333013307 11.8374253955
47.7128260347 7.7553179967
45.1240559806 3.79064443937
42.3514880181 -0.0399648183811
39.3788196637 -3.71762177457
36.1895717226 -7.22097885936
32.7679908552 -10.5260941192
29.1003048891 -13.6064166149
25.1763784443 -16.4329617681
20.9917564784 -18.9747592192
16.5499765334 -21.1996563463
11.8648769005 -23.0755374454
6.96245526755 -24.571960558
1.8817077285 -25.6621179115
356.673898438 -26.3249069461
351.399955972 -26.5467954623
346.126152683 -26.3231291678
340.918749441 -25.6586018341
335.838642657 -24.5667812382
330.937049688 -23.0687985799
326.252913007 -21.1914817023
321.812177246 -18.9652838984
317.628633652 -16.4223244449
313.705781718 -13.5947533915
310.039138173 -10.5135341718
306.618548555 -7.2076417262
303.430229297 -3.70361597035
300.458421663 -0.0253874213737
297.686645459 3.80570754705
295.098600281 7.77079149057
292.678787123 11.8532436578
290.412927663 16.0384677921
288.288253584 20.3136540262
286.293731804 24.6675491726
284.420288976 29.0902428175
282.661104969 33.5729718943
281.012067241 38.1079430903
279.472529686 42.6881697559
278.046630506 47.3073169598
276.745664949 51.9595433569
275.592562831 56.6393179335
274.630900284 61.3411636432
273.944703129 66.0592074587
273.707552043 70.7861831905
274.327226886 75.5106183648
277.000648813 80.2061024982
287.093917862 84.7638433551
95.595267661 87.4788027649
84.3462871538 82.681030926
80.8836363316 77.8432260271
78.5623645096 73.0064604664
76.6094352652 68.1782676343
74.8086384315 63.3631719408
73.0728887972 58.5651659766
71.3579889417 53.7882537259
69.6371301443 49.0366560461
67.8914249295 44.3149335582
66.1057877962 39.6280893646
64.2669060414 34.9816721981
62.3621267381 30.3818890738
60.3787824495 25.8357328392
58.3037440148 21.3511287043
56.1231021832 16.9371032266
53.8219342374 12.6039786384
51.3841420526 8.36359439847
48.7923688963 4.22955596851
46.0280203764 0.217507478836
43.071433466 -3.65458061797
39.9022573811 -7.36612655376
36.50012973 -10.893685499
32.8457456749 -14.2107794647
28.9224163596 -17.2878794813
24.7181785029 -20.0926343568
20.228427667 -22.5904580612
15.4588844707 -24.7455864024
10.4284695559 -26.5226750607
5.17141290513 -27.8889189393
359.737776708 -28.8165266264
354.191687596 -29.2852154143
348.607052425 -29.2842703283
343.061281724 -28.8137146416
337.628253733 -27.8843072973
332.372043965 -26.5163678841
327.342650885 -24.7377147489
322.574238568 -22.5811691336
318.085667793 -20.0820815884
313.882610197 -17.2762145536
309.960424854 -14.198146622
306.307123804 -10.8802180187
302.906003405 -7.35194496345
299.737751616 -3.63979218169
296.782004219 0.232808441424
294.018412156 4.24528727062
291.427316247 8.37968492705
288.990127046 12.6203672088
286.689493136 16.9537374507
284.509321577 21.3679639288
282.434694359 25.8527311792
280.451706176 30.3990185507
278.547230773 34.9989059753
276.708602211 39.6454050733
274.923167054 44.3323126982
273.177608976 49.0540834488
271.456833533 53.8057170601
269.741934191 58.5826552752
268.006061643 63.3806790998
266.204925376 68.1957857675
264.251194021 73.0239827146
261.927829556 77.8607419553
258.457441443 82.6985061954
247.117446443 87.4957546611
171.256836503 86.6312372871
114.362302859 84.0301250581
97.4942187385 79.5941414312
90.050414078 74.8636271377
85.4847124753 70.0540139036
82.1235856144 65.2193873249
79.3636119529 60.3809214806
76.9342323879 55.5499339074
74.6944110784 50.734128218
72.5616117609 45.939792417
70.4825844896 41.1727431473
68.419807303 36.4388119317
66.3445676016 31.744147281
64.2331411594 27.0954416618
62.0645295047 22.5001326364
59.819032296 17.9666034924
57.4772948284 13.5043981169
55.0196468154 9.12445959854
52.4256421657 4.83939862965
49.6737659594 0.663794408532
46.7413153852 -3.38547395227
43.6044964149 -7.28887489021
40.2388119677 -11.0238717368
36.6198498327 -14.5646084746
32.7246029328 -17.8816970734
28.5334548441 -20.9422008223
24.0329126844 -23.7099414679
19.2190318544 -26.1462819234
14.1012239023 -28.2115297295
8.70578365683 -29.8670410527
3.07811900219 -31.0779581299
357.282531362 -31.816293047
351.398725661 -32.0638425471
345.515106435 -31.8142993485
339.720059393 -31.0740239811
334.093237496 -29.8612665916
328.698868678 -28.2040509594
323.582280012 -26.1372576441
318.76969047 -23.6995406899
314.270448494 -20.9305923752
310.080562186 -17.8690421211
306.186506688 -14.5510558583
302.568646482 -11.0095556339
299.203965164 -7.2739141431
296.06804798 -3.36997247645
293.136399595 0.679746598311
290.385230111 4.85572409705
287.791841829 9.14109207302
285.334724924 13.5212811127
282.993437631 17.9836890241
280.748312589 22.5173800566
278.579995964 27.112816622
276.468785367 31.7616207982
274.393676048 36.4563595318
272.330931045 41.1903440398
270.251814553 45.9574286325
268.118763224 50.751783583
265.878451751 55.5675926036
263.448199361 60.398565596
260.686669567 65.2369918243
257.32259931 70.0715341262
252.75060948 74.8809600777
245.290106912 79.6109635262
228.357260113 84.0447970783
148.197482967 83.4783213299
118.21347427 80.3987560489
103.794696244 76.1691122445
95.6616875873 71.5703795755
90.2418392249 66.8281277306
86.1746849702 62.023046783
82.8578108408 57.1913234399
79.9867671082 52.3525504401
77.3905230459 47.5192303253
74.9641996408 42.7005968343
72.6383368695 37.9043775738
70.3635214829 33.137716176
68.1020938015 28.4077219089
65.8233692978 23.72184755
63.5007154951 19.0881906657
61.109660844 14.5157679779
58.626607396 10.0147914743
56.0279199631 5.5969643327
53.2892758857 1.27580843112
50.3852296194 -2.93297001855
47.2889988609 -7.01107659639
43.9725262909 -10.9371961929
40.4069188414 -14.6865570426
36.563413831 -18.2305402272
32.4150579506 -21.5364178165
27.9392858279 -24.5673468509
23.1215057067 -27.2827933192
17.9595826971 -29.6395915561
12.4687127388 -31.593826108
6.6856423343 -33.1036111994
0.670714242118 -34.1326087031
354.506185173 -34.653800571
348.29002509 -34.6527431729
342.125922136 -34.1294679145
336.111799773 -33.0984770264
330.329833579 -31.5868357878
324.84026899 -29.6309141735
319.679756919 -27.2726139899
314.863411886 -24.5558531887
310.389037364 -21.5237900047
306.241999898 -18.2169447915
302.399709341 -14.6721437103
298.835200382 -10.9220969748
295.519707076 -6.99540628399
292.424338469 -2.91682746993
289.521042196 1.29233864561
286.783041926 5.61381018957
284.184897815 10.0318918097
281.702291684 14.5330709277
279.311590809 19.1056522579
276.989196837 23.7394304405
274.710633845 28.4253942261
272.449259319 33.1554504187
270.174370242 37.922149478
267.848275099 42.7183840726
265.421506471 47.5370107974
262.824510343 52.3702996709
259.952237577 57.2090100251
256.633329426 62.0406233006
252.562646909 66.8455100399
247.136154753 71.5873921093
238.989001764 76.1853146275
224.535286923 80.4127663813
194.472566058 83.4851962926
171.347759625 81.3758336953
139.758750709 80.0102738411
119.297603404 76.7403660624
107.108303679 72.6132512156
99.209048249 68.1141698183
93.5587427122 63.4381076291
89.1754039431 58.6716947243
85.5536795585 53.8588855596
82.4114546548 49.0249764879
79.5789371876 44.18635467
76.9467614522 39.3549049617
74.439898789 34.5402105127
72.00364478 29.7507631872
69.5956286407 24.9947015318
67.1809973679 20.280316214
64.7293553001 15.6164434748
62.2127160126 11.0128124123
59.6040635042 6.48038535891
56.8763023694 2.03171684266
54.0014842104 -2.31865159494
50.9502704215 -6.55375012679
47.6916513978 -10.6536904237
44.1930015144 -14.5951365512
40.4206137476 -18.3507675566
36.3409251476 -21.888794819
31.9226978407 -25.1726449813
27.1404191521 -28.1609815973
21.9790562923 -30.8083044167
16.4399516642 -33.0664041301
10.5470157232 -34.886907184
4.3515672482 -36.2249528051
357.933583741 -37.0436728006
351.39740036 -37.3186797108
344.861467914 -37.0414479551
338.444206402 -36.2205747063
332.249867427 -34.8805087092
326.358314332 -33.0581621044
320.820746475 -30.7984200548
315.660969176 -28.1496629225
310.880244013 -25.1600935713
306.463483301 -21.8751973742
302.38514189 -18.3362916019
298.613966347 -14.5799291276
295.116389605 -10.6378786632
291.858707433 -6.5374428494
288.808300537 -2.30194134964
285.934166816 2.04875163941
283.206974734 6.49767836909
280.598781401 11.0303074907
278.082494458 15.6340929749
275.631097579 20.2980794686
273.216599491 25.0125434563
270.808593432 29.7686529255
268.372206272 34.5581200081
265.865033344 39.3728072684
263.23231425 44.204221689
260.398926841 49.042775531
257.255344476 53.87657351
253.631485034 58.6892070479
249.244678614 63.4553355276
243.58843349 68.1309074999
235.678263973 72.6290599058
223.467587542 76.754189619
202.967474093 80.0194485763
157.90176198 78.5354327625
135.121381573 76.4660434797
119.458233603 73.0752639894
108.951192059 68.9979031768
101.520881663 64.5675307456
95.9126121135 59.9462360385
91.4242558508 55.21717137
87.6520652733 50.4267993909
84.3517444113 45.6035207084
81.3671937705 40.7663266705
78.5931655941 35.9291131951
75.9548363776 31.1029966174
73.3960932955 26.2976571328
70.8724916201 21.5221885813
68.3468150244 16.7856931064
65.7861379859 12.0977478955
63.1597832221 7.4688171285
60.4378315874 2.91065489136
57.5899930799 -1.56326981829
54.5847435522 -5.93730376478
51.3887037843 -10.193081093
47.9663046395 -14.3089308216
44.2798562934 -18.259231002
40.2902270994 -22.013747504
35.958433817 -25.5370399415
31.2485226944 -28.7880844184
26.1321133841 -31.7203514656
20.5947640071 -34.2826694759
14.6437428632 -36.4212484159
8.3157895637 -38.0831452479
1.68226227044 -39.2211213048
354.848466152 -39.7992597312
347.94497975 -39.7980800147
341.111757762 -39.2176245937
334.479302862 -38.07745196
328.152791663 -36.4135387382
322.203435209 -34.2731597953
316.667837484 -31.7092716744
311.55316012 -28.7756601471
306.844888191 -25.5234810097
302.514598196 -21.9992419307
298.526315899 -18.2439430829
294.84105278 -14.2930017491
291.419680955 -10.1766309265
288.22451889 -5.92043395668
285.22000719 -1.54606583668
282.372775831 2.92812107163
279.65130799 7.48648475929
277.025318157 12.1155654342
274.46488796 16.8036164149
271.939336083 21.5401792802
269.415726591 26.3156810104
266.856823868 31.1210219488
264.21815091 35.9471087621
261.443542618 40.7842591355
258.458090866 45.6213507285
255.156408381 50.444475283
251.382158411 55.2346178777
246.890625384 59.9633327985
241.277288818 64.5840678055
233.838562903 69.0134826343
223.317157859 73.0890750583
207.630858154 76.4764064535
184.825215366 78.5395098282
171.369546586 76.3091349223
149.567722312 75.3774389354
131.998862758 72.8907883563
119.229535556 69.4080252674
109.993716136 65.3521629163
103.06174426 60.9676949949
97.6112338175 56.38905465
93.1313661697 51.6925870192
89.302676495 46.9242795831
85.9188093996 42.1137589642
82.8409519158 37.2815156886
79.9715594809 32.442812185
77.2388793004 27.6099193668
74.5875305137 22.7934817499
71.9725490546 18.003416453
69.3554618718 13.2495621368
66.7015770871 8.54220009209
63.9780184822 3.89252174507
61.1522282233 -0.686908271785
58.1907817214 -5.18165801809
55.0584423386 -9.57487617029
51.7174555443 -13.8466627353
48.1271593196 -17.9733544402
44.2440833632 -21.9267366172
40.0228312894 -25.6732295595
35.4181796295 -29.1731590045
30.3889412292 -32.3803158651
24.9041167038 -35.242137611
18.9514917106 -37.7009715905
12.5478822155 -39.6969227893
5.74862729417 -41.1725965386
358.652252421 -42.0794789376
351.395927337 -42.3848067562
344.139943464 -42.0769992143
337.044541208 -41.1677337646
330.246754971 -39.6898534855
323.844933079 -37.6919248662
317.894240401 -35.231366244
312.411351336 -32.3680724482
307.38395322 -29.1596799685
302.780988451 -25.658726691
298.56124237 -21.9113941679
294.679484504 -17.9573297256
291.090323474 -13.8300885511
287.750299891 -9.55786392255
284.618764513 -5.16430094251
281.657974932 -0.669284449118
278.832704426 3.91034667764
276.109535114 8.5601705452
273.455911835 13.2676304564
270.838956067 18.0215410166
268.223967316 22.8116251539
265.572455508 27.6280465424
262.839427773 32.4608882177
259.96945708 37.2995029983
256.890717674 42.1316132679
253.505548963 46.9419435931
249.674950115 51.7099798704
245.192254464 56.4060530118
239.737471227 60.9840974357
232.798895877 65.3676198481
223.552771269 69.4219008745
210.7680875 72.901920808
193.180910667 75.3839506695
161.674783926 73.6221553465
143.901981083 72.0629966965
129.650245051 69.2981814908
118.82108462 65.7396948921
110.569698109 61.6895018901
104.10396585 57.33506489
98.8558438156 52.7888114469
94.4447561299 48.1195919954
90.6166536922 43.3714211202
87.1983780837 38.5739501405
84.0681650324 33.7483474206
81.1371976179 28.9107045855
78.3380063114 24.0740989818
75.6170119163 19.2499136634
72.9295789205 14.4487428266
70.2366042459 9.68106891374
67.5020543393 4.95782310048
64.6910932261 0.290901236513
61.7685850245 -4.30631389923
58.6978485552 -8.81838472175
55.4396161387 -13.227173305
51.9512235824 -17.5110935165
48.1861515481 -21.6442487068
44.0941665608 -25.5954679479
39.6224834314 -29.3273024129
34.718577574 -32.7951299753
29.3354434564 -35.9466535861
23.440033258 -38.7222634238
17.0249670588 -41.0569092593
10.121985931 -42.8841482119
2.81306631964 -44.1426503065
355.232919654 -44.7844800892
347.557411187 -44.7831630902
339.978048065 -44.1387571731
332.670569767 -42.8778410686
325.769482313 -41.0484250602
319.356540556 -38.7118779188
313.463296967 -35.9346493822
308.082237774 -32.7817742523
303.180235325 -29.3128347368
298.710246372 -25.5800958548
294.619736642 -21.6281481521
290.855927463 -17.4944118228
287.368599687 -13.2100330543
284.111250735 -8.80088772419
281.041232389 -4.28854484818
278.119290314 0.308871530563
275.308752997 4.97593488454
272.574489812 9.69927102858
269.881664894 14.4669905265
267.194238589 19.2681665903
264.47309385 24.0923191146
261.673570671 28.9288539321
258.742050537 33.7663851253
255.611002785 38.5918284887
252.191516033 43.3890795642
248.361679156 48.136947624
243.94810312 52.8057429695
238.696375115 57.3513845994
232.225357433 61.7049053936
223.966219675 65.7536722906
213.126115338 69.3098786864
198.860985153 72.0710949008
181.077466878 73.6251110412
171.37952284 71.3758840421
154.552544829 70.6595615914
139.753931772 68.6597930285
127.765719493 65.6935373055
118.331145619 62.0703248657
110.861984969 58.0167654564
104.815193704 53.6814903006
99.7813664255 49.1595743582
95.4700767402 44.5127251218
91.6771101483 39.7823310315
88.2568821046 34.9973525249
85.1029806008 30.1790671999
82.1351130574 25.3439832924
79.2904037114 20.5056943133
76.5175065383 15.676119693
73.7725117096 10.866390853
71.0159882292 6.08753924806
68.2107423865 1.35108613376
65.3200231394 -3.33039723142
62.3060059847 -7.94270679787
59.1284615832 -12.4693568079
55.7435845604 -16.8908264612
52.1030408137 -21.1836703101
48.1534099007 -25.319474531
43.8363764752 -29.2636730913
39.0902786602 -32.9743040289
33.8539334726 -36.4009092051
28.0739084517 -39.4839819857
21.7162606085 -42.1556374706
14.7826064783 -44.3424194107
7.32760182547 -45.9711022228
359.47089859 -46.9775998942
351.394237639 -47.3174849772
343.318048686 -46.9748305978
335.462674887 -45.9656956984
328.009633889 -44.3346118282
321.078300984 -42.1457258895
314.723080498 -39.472281964
308.945404764 -36.387723543
303.711219485 -32.9599050302
298.967039342 -29.2482957318
294.651667417 -25.3033165251
290.703450103 -21.1668956871
287.064090796 -16.8735704271
283.680190986 -12.4517306749
280.503437521 -7.92480244022
277.490042775 -3.31229094078
274.599790829 1.36933033116
271.794865679 6.10586672673
269.038519356 10.8847538981
266.293555059 15.6944752551
263.520531299 20.524001815
260.675518345 25.3622022422
257.707137652 30.1971543046
254.552463218 35.0152578486
251.131126469 39.7999924815
247.33660105 44.5300600511
243.023130532 49.1764661846
237.986243938 53.6977665077
231.935144376 58.0321609542
224.459944663 62.0844224169
215.01717207 65.7056813461
203.018881141 68.669010962
188.210693938 70.664645587
163.700200111 68.781603668
149.145185824 67.5229717917
136.548329728 65.1999276308
126.193078112 62.0792865305
117.811692401 58.3997002476
110.978594419 54.3377018894
105.303501272 50.0142243571
100.4809054 45.5105788713
96.284179026 40.8820320851
92.5470529371 36.1671451262
89.1463738256 31.3937890144
85.9889915395 26.5829738493
83.0024013013 21.7513210787
80.1281624156 16.9127096523
77.3172238571 12.0794239434
74.5265159516 7.26300697393
71.7163635992 2.47494937994
68.8484182575 -2.27269726865
65.8839042421 -6.96671715174
62.7820463704 -11.5920828293
59.4986070309 -16.1312147643
55.9845290369 -20.5631010803
52.1847781711 -24.8622356483
48.037636024 -28.9973479839
43.4749469831 -32.9299393185
38.4242039718 -36.6127307773
32.8138388342 -39.9883081267
26.5834548179 -42.9885469657
19.7004001695 -45.5358025739
12.1819466859 -47.5471631843
4.11749659501 -48.9428191718
355.67914565 -49.6581705589
347.107560921 -49.6566945223
338.670300713 -48.9384713137
330.607817643 -47.5401646719
323.091873537 -45.5264670131
316.211536902 -42.9772251586
309.983823632 -39.9753441422
304.375924144 -36.5984358274
299.327365954 -32.9145810738
294.766560166 -28.9811498431
290.621009927 -24.8453810424
286.822584098 -20.5457395823
283.309592923 -16.1134682671
280.027029549 -11.5740510323
276.925860141 -6.94848217742
273.961865202 -2.2543275399
271.094281986 2.49339582201
268.284341366 7.28147961828
265.493695092 12.0978773196
262.682661281 16.9311010007
259.808154964 21.7696079178
256.821098984 26.6011111393
253.663012034 31.4117255237
250.261328677 36.1848184174
246.52280974 40.8993611951
242.324172723 45.527453186
237.498964015 50.030486269
231.820303122 54.3531196055
224.982371445 58.4139263644
216.594615155 62.0918014257
206.231559476 65.209986155
193.626648206 67.5296277947
179.066123431 68.7839532702
171.385356756 66.5317193276
157.581822764 65.9451095772
144.905750182 64.2698959379
133.97357587 61.7003468044
124.848888403 58.4567067063
117.292851341 54.7275858773
110.987429081 50.6545167027
105.641570746 46.3379388738
101.020645121 41.8481266067
96.9442133821 37.2346729608
93.2751018755 32.5333415179
89.9082794318 27.7707129816
86.76182134 22.9672890545
83.7700911701 18.1395867529
80.87869904 13.3015912617
78.0407443372 8.46580992175
75.2139375751 3.64408728581
72.3582962512 -1.15170972344
69.4341915847 -5.90905711662
66.4005853175 -10.6141257789
63.2133464702 -15.2510626263
59.8235898428 -19.8011441915
56.1760498487 -24.2417442807
52.2076240789 -28.5450592486
47.8464359318 -32.6765509409
43.0121368748 -36.5931203333
37.6187535322 -40.2411538037
31.5821429612 -43.5548481257
24.8346746431 -46.4556751936
17.3489968507 -48.85444751
9.16871063087 -50.657830102
0.435321448045 -51.7804510537
351.392232213 -52.161076677
342.349812717 -51.7773419797
333.61828018 -50.6517959763
325.440658451 -48.8458084586
317.958015805 -46.4448178852
311.21359526 -43.5421642445
305.179817494 -40.2270011883
299.788941056 -36.5778060838
294.956791235 -32.6603291536
290.597406927 -28.5281361425
286.630471593 -24.2242859259
282.984146117 -19.783284327
279.595363749 -15.2329095015
276.408889386 -10.595767745
273.375861817 -5.8905671494
270.452167264 -1.13314923138
267.596778044 3.6626651849
264.77006939 8.48435761158
261.932055878 13.3200641497
259.040437239 18.1579408077
256.048292607 22.985478046
252.901199846 27.7886850743
249.533474455 32.5510347438
245.863122375 37.2520088652
241.785014501 41.8650009896
237.16184227 46.3542080073
231.812989487 50.6699767802
225.503615564 54.741943304
217.942489408 58.4695392394
208.811607351 61.7110662056
197.872753406 64.2777511613
185.191120559 65.9493089678
164.984096341 63.9947624229
152.640987451 62.9351384324
141.490639441 60.9342408517
131.848503584 58.1708303337
123.683777497 54.8265797912
116.793515764 51.0538192794
110.933536908 46.9686231452
105.880257437 42.6558135147
101.44907916 38.1767038418
97.4937303715 33.5759347938
93.8995732986 28.8866123414
90.5762161247 24.1339454179
87.4511432563 19.3377789312
84.4646541324 14.514371461
81.5659344355 9.67767619412
78.7099810953 4.84030626569
75.855119489 0.0143113566025
72.9608965071 -4.78814207403
69.9861771158 -9.55411419333
66.887309146 -14.2691949488
63.6162561341 -18.916703938
60.1186436533 -23.4767191633
56.3317440159 -27.924859637
52.1825795175 -32.2307439318
47.5866272557 -36.3560635508
42.4481660135 -40.2522792884
36.6642258144 -43.8581337383
30.1353238841 -47.0975731166
22.7869959456 -49.8793787556
14.6044237922 -52.100716875
5.67465911116 -53.6572069783
356.216267795 -54.4604122839
346.566070167 -54.4587453413
337.109241246 -53.6523204611
328.182220002 -52.0929188354
320.003015376 -49.8690887602
312.658176765 -47.0852371464
306.132552303 -43.8441659328
300.351511485 -40.2370349289
295.21552164 -36.3398339388
290.621626981 -32.2137623936
286.474148316 -27.9073113841
282.688612018 -23.4587512855
279.192086888 -18.8984340387
275.921884849 -14.250718036
272.823662853 -9.53550799737
269.849407462 -4.76947134747
266.955481733 0.0329910955729
264.100758704 4.8589455475
261.244786342 9.69622892817
258.345883636 14.5327924494
255.359032649 19.3560212009
252.233394033 24.1519570413
248.909229489 28.9043323595
245.313969421 33.5932876996
241.357147241 38.193591844
236.924024994 42.6721054775
231.868203508 46.9841387876
226.004938875 51.0683072949
219.11052291 54.8396902049
210.940776595 58.182087558
201.29309586 60.9430391408
190.137618387 62.9408043635
177.791300434 63.9967273502
171.389259648 61.7387247576
159.644459144 61.2400495351
148.590770145 59.7972057616
138.680053213 57.53698707
130.061555436 54.61746696
122.666960648 51.1894774185
116.326476648 47.3783491002
110.848331094 43.2810340657
106.056541607 38.9701576084
101.802868879 34.4996670634
97.9668195801 29.9098889108
94.4514072531 25.2314567958
91.1781064241 20.4881963215
88.0822563756 15.6992084539
85.109224246 10.8803847936
82.2112780606 6.04553909825
79.3450100094 1.20729225458
76.4691340207 -3.62218702754
73.5424948415 -8.43050573735
70.5221443248 -13.2043656243
67.361358521 -17.9288114784
64.0074908192 -22.5863369193
60.3995965003 -27.1557641221
56.465854499 -31.6107984536
52.1210165197 -35.9181480544
47.2645496671 -40.0351133786
41.7809958303 -43.9066429485
35.545558596 -47.4621227062
28.4399556023 -50.6127882998
20.3847773209 -53.2517777426
11.3907218811 -55.2602246928
1.61567034902 -56.52295874
351.389757079 -56.9534980318
341.164829386 -56.5194360289
331.392450331 -55.2534433974
322.40208329 -53.2421802905
314.350908078 -50.6008809874
307.249126043 -47.4483880601
301.017072601 -43.8914959735
295.536385148 -40.018891177
290.68228274 -35.9011166609
286.339362959 -31.5931655513
282.40715825 -27.1376919681
278.800481253 -22.5679533616
275.447562287 -17.9102185946
272.287497348 -13.1856461265
269.267670102 -8.41172776345
266.341377297 -3.6034082846
263.465683294 1.22602077785
260.599438045 6.06417015651
257.701353402 10.8988723684
254.728011655 15.7175051942
251.631662075 20.5062505878
248.35764259 25.2492089885
244.841250558 29.9272666686
241.003903145 34.5165787608
236.748538613 38.9864833896
231.954570261 43.2966135015
226.473654645 47.3929647023
220.129720475 51.2028343929
212.730986252 54.6291732768
204.107855052 57.5465465419
194.192576563 59.8040502815
183.135392137 61.2436416395
165.886107061 59.2334442218
155.167133301 58.317085403
145.224533856 56.5618353568
136.329555344 54.0917458295
128.540895276 51.0443143025
121.778641791 47.5458993692
115.901124051 43.7012543877
110.754823278 39.5925825924
106.198388369 35.2827851784
102.110667717 30.8196814973
98.3909700811 26.2398330585
94.9562933141 21.57159767
91.737782358 16.8374450297
88.6773302937 12.0556844369
85.7245993006 7.24176336479
82.834467711 2.40927070797
79.9648072567 -2.42924944685
77.0744626631 -7.261589137
74.1212988459 -12.0752013736
71.06018037 -16.8564911924
67.8407485357 -21.5900013371
64.4048685359 -26.2574081606
60.6836514056 -30.8362218852
56.5940582221 -35.2980574579
52.035365903 -39.6063175072
46.8864128976 -43.7131374295
41.0058933853 -47.555562988
34.2404471306 -51.0513375532
26.44875761 -54.0956730214
17.5515341304 -56.5622309313
7.60831407106 -58.313637795
356.891094625 -59.2260998607
345.885754442 -59.224193889
335.170865227 -58.3080892356
325.23158601 -56.5534819129
316.338953323 -54.0842931565
308.55175523 -51.0378926359
301.790299737 -47.5405432115
295.9131381 -43.6969372826
290.766925112 -39.5892431228
286.210429732 -35.2803432424
282.122578174 -30.8180474875
278.402727898 -26.2389126774
274.967906788 -21.5712942609
271.749278402 -16.8376603756
268.68874732 -12.0563184796
265.735982242 -7.24271390945
262.84586511 -2.4104339878
259.976270297 2.42797839229
257.086044722 7.26031676857
254.133054857 12.0740361391
251.072165804 16.8555439659
247.853017638 21.5893858239
244.417471133 26.2572412656
240.69662716 30.8366239429
236.607426511 35.2991520551
232.049108529 39.6082303173
226.900445633 43.7159929348
221.020021863 47.5594770762
214.254305532 51.0564028142
206.461741228 54.101932926
197.562767308 56.5696414755
187.616735427 58.3220250227
176.89573115 59.2351391354
171.392108874 56.9624073961
161.163439812 56.5283286229
151.387707897 55.2619276351
142.394703735 53.2499519321
134.341676715 50.6077474873
127.238720071 47.4542571903
121.005996492 43.8963494383
115.524978894 40.0227588659
110.670757572 35.9040575434
106.327838831 31.5952553702
102.395693788 27.1390159592
98.7890949594 22.5686022061
95.4362465841 17.9102863707
92.2762276078 13.1852295567
89.2564106146 8.41092609458
86.3300851764 3.60232299894
83.4543104946 -1.22728640466
80.5879322061 -6.06551109894
77.6896583462 -10.9001815249
74.7160679492 -15.7186729323
71.6194079632 -20.5071642274
68.3450157942 -25.2497522075
64.8281918537 -29.9273188497
60.9903632218 -34.516014398
56.7344908132 -38.9851718849
51.9400334486 -43.2944201044
46.4587325737 -47.3897541562
40.1146652428 -51.1984802563
32.716288498 -54.6235778101
24.0943398432 -57.5396770287
14.1814260357 -59.7959926868
3.12795096156 -61.2346536224
351.386553044 -61.7292420213
339.646683035 -61.2306046071
328.597218788 -59.7882903122
318.689542463 -57.5289490148
310.072919191 -54.6104908392
302.679307298 -51.183620768
296.339220393 -47.3735900096
290.861126076 -43.2773074829
286.06920362 -38.9673774181
281.815314385 -34.49773787
277.979025022 -29.9087117629
274.463383894 -25.2309317355
271.189885633 -20.4882232887
268.093881354 -15.6996868671
265.120744425 -10.8812121955
262.222744764 -6.04661124886
259.356475101 -1.20850427428
256.480649907 3.6209407746
253.554113989 8.4293322959
250.533918258 13.2033739166
247.373336188 17.9281125974
244.019715817 22.5860442985
240.412102312 27.1559935184
236.478656455 31.6116675272
232.13409859 35.9197751034
227.277843534 40.0376144085
221.79434949 43.9101256819
215.558693567 47.4666754132
208.452418862 50.6184609088
200.395910721 53.2585539029
191.399696051 55.2679887385
181.62163656 56.5314719636
166.566615335 54.4673851527
157.106581961 53.6607674132
148.176808876 52.1008501911
139.995480422 49.8762669095
132.649146502 47.0915176767
126.122551696 43.849483957
120.340930376 40.2413839813
115.204625799 36.3432466329
110.610584524 32.2162960581
106.463056496 27.9090385551
102.677518867 23.4597538468
99.1810068899 18.8987998184
95.9108096529 14.2505390058
92.8125684424 9.53487945191
89.8382589274 4.76849144464
86.9442361691 -0.0342217894115
84.0893666632 -4.86032432612
81.2331924565 -9.69765085855
78.3340269324 -14.5341500258
75.3468468596 -19.3572038335
72.2208082801 -24.1528503805
68.896169978 -28.9048174268
65.3003632821 -33.5932398335
61.3429305943 -38.1928795805
56.9091589887 -42.6705897507
51.8527048994 -46.9816734257
45.9889356379 -51.0647430134
39.0943481639 -54.8348865852
30.9251055611 -58.1759408032
21.2790835657 -60.9355348601
10.1268810585 -62.9320938648
357.78549098 -63.9871886652
344.984097516 -63.984967164
332.646387742 -62.9256950907
321.500070879 -60.9256203095
311.860416581 -58.163296889
303.696946599 -54.8202251065
296.807145163 -51.0486278652
290.94717236 -46.964524572
285.893668206 -42.6527132662
281.462167455 -38.1744987679
277.506473306 -33.574519927
273.911988579 -28.8858835018
270.588342757 -24.1338000254
267.463031588 -19.3381158415
264.47636072 -14.5150888915
261.577516453 -9.67866966689
258.721493195 -4.84147072305
255.866614814 -0.0155420797278
252.972426875 4.78695049331
249.99779211 9.5530685438
246.899054643 14.2684036609
243.628171944 18.9162771206
240.130759616 23.4767684178
236.34407362 27.9254974864
232.195109736 32.2320825276
227.59930293 36.3582120539
222.460867061 40.2553389387
216.676736701 43.8621891671
210.1472989 47.1026781735
202.797933233 49.885535767
194.61367559 52.107851169
185.681514437 53.6651447341
176.22012049 54.4688767303
171.394323494 52.1693484916
162.348957542 51.7856069837
153.614705069 50.6597357567
145.434812582 48.8531600367
137.950432625 46.4513956104
131.204777676 43.5478595475
125.170177069 40.2317693632
119.778783334 36.5816495738
114.946326555 32.6632828014
110.586770074 28.5302561722
106.61974127 24.2256424603
102.97336082 19.7839566127
99.584533504 15.232983025
96.3980039851 10.595332603
93.3648964354 5.88971713156
90.441086106 1.1319811951
87.5855364234 -3.66405175541
84.7586146844 -8.4858607574
81.9203278052 -13.321579283
79.0283677851 -18.1593603101
76.0358058933 -22.986690633
72.8882123359 -27.789574885
69.5198962643 -32.5514800953
65.8488611249 -37.2518806444
61.7699845536 -41.8641607733
57.1459848521 -46.3525063338
51.7963140425 -50.6672528214
45.4862802179 -54.7380290758
37.9249448773 -58.4642753442
28.7948130084 -61.7043420327
17.8583749329 -64.2695845273
5.18138162614 -65.9399554868
351.382140858 -66.5217273865
337.585456149 -65.9351984312
324.914838962 -64.260700557
313.986066061 -61.6922515958
304.863050554 -58.4498562784
297.307571146 -54.7219745139
291.002095666 -50.65006601
285.65589205 -46.3345424385
281.034508645 -41.8456707725
276.957601324 -37.2330449533
273.288043759 -32.5324318595
269.92082679 -27.770415766
266.774035035 -22.9675018278
263.782036948 -18.1402093876
260.890443999 -13.30252052
258.052348969 -8.46693982821
255.225457322 -3.64531385045
252.369783909 1.15048999523
249.445696582 5.90794862759
246.412152348 10.6132341745
243.22501352 15.2504947401
239.83538504 19.8010077403
236.187986417 24.2421472017
232.219692484 28.5461084187
227.858592095 32.6783498295
223.024285371 36.595764882
217.630725412 40.2447255244
211.593670342 43.5594032254
204.845369701 46.4612288851
197.358351592 48.8609543384
189.176141107 50.6651648418
180.440272556 51.7883996586
167.108218164 49.6646585833
158.668374608 48.9462830558
150.603587596 47.5475540285
143.085753141 45.5332209387
136.203971841 42.9831984404
129.975217497 39.9804553132
124.366602894 36.6026554259
119.317571818 32.9179184188
114.756461136 28.9836416223
110.61071446 24.8470827094
106.812155453 20.5467193713
103.299060943 16.1138032511
100.016399526 11.5738246427
96.9151191297 6.94778268551
93.9509863152 2.25324708778
91.0832270546 -2.49476188142
88.2730623074 -7.28303310394
85.4821343377 -12.0995172989
82.6707515496 -16.9327235738
79.7958186029 -21.7711057211
76.8082471193 -26.6023725284
73.6495439456 -31.4126333495
70.2471322458 -36.185248282
66.507764784 -40.8991790855
62.3081610574 -45.526512497
57.4818943904 -50.0286246226
51.8021677272 -54.3501570201
44.9633655674 -58.4096693009
36.5753671185 -62.0860639855
26.2134877802 -65.2026509686
13.6122364492 -67.5207714444
359.058398753 -68.7740010392
343.700912842 -68.7713326253
329.153390692 -67.5132202719
316.561376839 -65.1912639675
306.208455513 -62.0719417169
297.827779854 -58.3936846883
290.994545564 -54.3329252899
285.318941838 -50.0105631747
280.495709754 -45.507905046
276.29834237 -40.8802226623
272.560625011 -36.1660840751
269.159425971 -31.3933664309
266.001600808 -26.5830849563
263.014644562 -21.7518665319
260.140119498 -16.9135915617
257.328967397 -12.0805349271
254.538105016 -7.26424247139
251.727853251 -2.47620818152
248.859859413 2.27151678722
245.895342097 6.96571762977
242.793518745 11.5913677723
239.510141885 16.1308881395
235.996140521 20.5632665944
232.196460561 24.8629954995
228.049354767 28.998800749
223.486626159 32.9321764601
218.43570995 36.6158310572
212.824961478 39.9923290901
206.593890869 42.9935128612
199.70974882 45.5416890622
192.189732614 47.5538814449
184.123234264 48.950205337
175.682441391 49.6659886699
171.396130457 47.3250536853
163.317557795 46.9823963748
155.459937544 45.9729959046
148.004939868 44.341420136
141.072016022 42.1518701914
134.715573925 39.4776486441
128.937001855 36.3922519434
123.702180663 32.96357743
118.957558343 29.2511268462
114.641879199 25.3053445535
110.693441896 21.1681754867
107.053912759 16.8741686536
103.66986501 12.4517224807
100.492963937 7.92426929962
97.4794051314 3.31131922185
94.5889590457 -1.37065033083
91.7837978457 -6.10744141333
89.0271624242 -10.8864867061
86.281844647 -15.6962666649
83.5083907842 -20.5257490652
80.662857354 -25.3637987044
77.6938501097 -30.1984884331
74.5384253225 -35.0162115614
71.1161954669 -39.8004387718
67.3206169774 -44.529859596
63.0059260416 -49.1754627856
57.9676742631 -53.6957816232
51.9151649624 -58.0289891371
44.4387947451 -62.0798342126
34.9957615584 -65.6994525909
22.999415888 -68.6610202556
8.19700837731 -70.6550815108
351.375516654 -71.3654484151
334.558828145 -70.6492987969
319.767393135 -68.6505516929
307.782608007 -65.6856971717
298.348990524 -62.0639252558
290.879568237 -58.0116979618
284.832029348 -53.6776061758
279.797322433 -49.1567255489
275.485175819 -44.5107753532
271.691435701 -39.781156235
268.270535952 -34.9968383115
265.116064516 -30.1791061914
262.147720765 -25.3444742079
259.302623808 -20.5065463848
256.529435753 -15.6772315188
253.784215415 -10.8676512252
251.027523795 -6.08884983213
248.222163753 -1.3523488101
245.331377608 3.32928172745
242.317332695 7.94183848063
239.139789627 12.4688359046
235.754929975 16.8907526376
232.114401935 21.1841414621
228.164760551 25.3205848704
223.847656532 29.2655101466
219.101381889 32.9769440451
213.864693495 36.4044103518
208.084085765 39.4883749003
201.72553689 42.1609132646
194.790596058 44.3485166607
187.333890769 45.9778966563
179.475113867 46.9849024795
167.558137669 44.7903844857
159.976649025 44.1458541439
152.667222636 42.884586387
145.764463833 41.0546304563
139.350166679 38.7174045697
133.455872639 35.9394085322
128.07402632 32.7857214449
123.171446273 29.3159614284
118.701035634 25.5824210263
114.610212898 21.6297111934
110.846160491 17.4952670362
107.358628314 13.2102456494
104.101089437 8.80053100709
101.030876309 4.2876982845
98.108718778 -0.310123654523
95.2979316873 -4.97750438523
92.5633717713 -9.70106641381
89.8701905012 -14.4689172713
87.1823346218 -19.2701271016
84.4606716602 -24.0942123616
81.6605234594 -28.9305746688
78.7282497417 -33.7678225658
75.5962937553 -38.5928642129
72.1757137424 -43.38958432
68.3445662642 -48.136776572
63.9294368914 -52.8047288502
58.6759208038 -57.3493286413
52.2029942507 -61.7015677366
43.9422321797 -65.7487713099
33.1018882201 -69.3031325698
18.8401789179 -72.062389111
1.06617123383 -73.6148578796
341.677137652 -73.611489035
323.915402778 -72.0531679263
309.669046663 -69.2898403371
298.841261438 -65.7329374642
290.589408252 -61.6841913469
284.122570909 -57.3310143244
278.873224892 -52.7858446871
274.460990645 -48.1175553651
270.631880847 -43.3701808372
267.212746138 -38.5733869967
264.081811997 -33.7483519605
261.15024455 -28.9111735525
258.350552065 -24.074936929
255.629168503 -19.2510526323
252.941443732 -14.4500486357
250.248229439 -9.68244669043
247.513498424 -4.95918000869
244.702407298 -0.292141994762
241.779810963 4.30528552901
238.709017756 8.817665117
235.450747356 13.2268581368
231.962319447 17.5112765741
228.197193421 21.6450201518
224.105107424 25.5969117047
219.633238774 29.329492323
214.72901485 32.7981242871
209.345372017 35.9504874353
203.449198718 38.726939329
197.033056541 41.062386538
190.128651681 42.8903336559
182.817971719 44.1493940035
175.235801368 44.7915806728
171.397664981 42.3916038985
164.139714348 42.0837937718
157.042430491 41.1743071808
150.24295303 39.6960115061
143.839692239 37.697511611
137.887829792 35.2362698923
132.404022408 32.3722239567
127.375919989 29.1630476394
122.772420362 25.661309218
118.552265317 21.9132138858
114.670185872 17.958426883
111.080758412 13.83051682
107.740497239 9.55768704736
104.608731709 5.16359030849
101.647701685 0.668117337714
98.8221651676 -3.91188833743
96.0986902958 -8.56200104788
93.4447081508 -13.2696608672
90.8273256478 -18.023679411
88.2118258624 -22.8137765379
85.5596992481 -27.630112401
82.8259290223 -32.4627655805
79.9550581289 -37.3010828195
76.8752227668 -42.1327777949
73.4887145654 -46.9425621976
69.656475325 -51.7099025263
65.171778857 -56.4051002419
59.7146046291 -60.9820454609
52.7733576214 -65.3641816699
43.5248688726 -69.4167159814
30.7400741651 -72.8946155332
13.1593987488 -75.3744540093
351.364150483 -76.2983239741
329.579821369 -75.3670239208
312.020127885 -72.8819310046
299.252943886 -69.4009454891
290.016289888 -65.3466771103
283.08264208 -60.9635562325
277.630401143 -56.3860467315
273.148987553 -51.6905338061
269.318984314 -46.9230359761
265.934022858 -42.113200946
262.855261139 -37.2815326493
259.985124255 -32.443301294
257.251829856 -27.6107804357
254.59992252 -22.7946300206
251.984626117 -18.0047973155
249.367221026 -13.2510260947
246.713085286 -8.5436658562
243.98933284 -3.89389896469
241.163394855 0.685711656563
238.20183545 5.18073431634
235.069405398 9.57431697729
231.728335114 13.846557778
228.137943711 17.9737899697
224.254736697 21.9277931126
220.033286654 25.6749784638
215.42833115 29.1756581859
210.398636299 32.3836035478
204.913150967 35.2462247618
198.959611037 37.7058333103
192.554796904 39.7024902029
185.754042395 41.1787518026
178.655912483 42.0860566105
167.945751958 39.8044882348
161.110754595 39.2239281892
154.476638915 38.0834592664
148.14865383 36.4190850453
142.198047072 34.2781164533
136.661426276 31.7135487884
131.545933107 28.7792044161
126.837019823 25.5262708608
122.50622591 22.0012817721
118.517541369 18.245257826
114.831945829 14.2936321406
111.41028424 10.1766298287
108.21485228 5.91986349899
105.210071343 1.54499528143
102.362554758 -2.9296169145
99.6407705863 -7.48832669792
97.0144186826 -12.1176707196
94.4535654599 -16.8058992619
91.9275126789 -21.542551089
89.4033044568 -26.3180502621
86.8436805677 -31.1232936951
84.2041325571 -35.9491835581
81.4284540587 -40.7860311483
78.4416817982 -45.6227045627
75.138354187 -50.4452807368
71.3620354518 -55.234721262
66.8678860822 -59.9625424765
61.2512658552 -64.5821302925
53.8086284175 -69.0100460317
43.2835298852 -73.0836535354
27.5975713331 -76.4684683638
4.80559590565 -78.529153672
337.908888988 -78.5244947729
315.145827357 -76.4566357381
299.486402078 -73.0679131423
288.977788842 -68.9923433622
281.544827829 -64.5634158328
275.934050732 -59.9432924694
271.443582695 -55.2151950046
267.669670256 -50.4256330511
264.367955857 -45.6030365146
261.382276684 -40.7664143918
258.60733207 -35.9296726585
255.968256694 -31.1039318722
253.408906683 -26.2988635521
250.884882022 -21.523665058
248.358754742 -16.7872654726
245.797750853 -12.0993403065
243.171136496 -7.47034464701
240.448977369 -2.91203002881
237.600970754 1.56213500519
234.595579574 5.93649660431
231.399410167 10.1926871626
227.976876258 14.3090324563
224.290266961 18.2599052499
220.300424475 22.0150633184
215.968333452 25.5390543874
211.258002081 28.7908377046
206.141007737 31.7238607789
200.602866601 34.286921958
194.650813551 36.4261942509
188.32157469 38.0886926266
181.686526232 39.2271356299
174.851029352 39.8055692086
171.39901455 37.324632055
164.861436229 37.0473959384
158.442582251 36.2263357348
152.246777052 34.8859166508
146.353932034 33.0630781046
140.815266689 30.8027382076
135.654582622 28.1533111747
130.873121486 25.1630312583
126.455767216 21.8774109792
122.376943776 18.3377900028
118.605368035 14.5807391122
115.107446187 10.6380410774
111.849450711 6.53700947
108.798742188 2.30097242623
105.924300885 -2.05018928381
103.196779275 -6.49951279369
100.588219176 -11.0324627363
98.0715126206 -15.636489861
95.6196262434 -20.3006361125
93.2045489661 -25.0151755091
90.7958497619 -29.7712734829
88.3586244408 -34.5606390984
85.8504271289 -39.3751307326
83.2164410255 -44.2062491231
80.3814646013 -49.0443966923
77.2358567307 -53.877662087
73.6093673465 -58.689609668
69.2190814254 -63.4548517741
63.5581787197 -68.1292524386
55.6419279635 -72.6257941963
43.4248312226 -76.7486162037
22.9266863807 -80.0107334669
351.339275393 -81.3647203786
319.786969522 -80.0002424743
299.333449593 -76.732827262
287.140877111 -72.6077804168
279.237169457 -68.1102463794
273.583110763 -63.4353770224
269.196838785 -58.6699211155
265.57284069 -53.8579016964
262.428838933 -49.024653751
259.594917127 -44.1865861607
256.961619827 -39.3555957225
254.453854228 -34.5412714172
252.016871612 -29.7521060125
249.608286935 -24.9962457902
247.193163911 -20.2820164875
244.741112202 -15.6181835626
242.224144686 -11.0145073239
239.61522399 -6.48195206007
236.887239782 -2.03307204967
234.012229961 2.31759066628
230.960841673 6.55306470345
227.702049343 10.6534587924
224.203208605 14.5954322199
220.430589966 18.351656809
216.350603579 21.8903334983
211.93198017 25.1748743703
207.149172256 28.163923369
201.987111835 30.811954875
196.447111211 33.0707283797
190.553063831 34.8918344234
184.356293481 36.2303744359
177.936811254 37.0494451011
168.290830326 34.6582618696
162.12522865 34.1348964228
156.109682056 33.1036538324
150.326418078 31.5916181224
144.835713006 29.6351854788
139.674227328 27.2762872906
134.857068035 24.5588709757
130.382019873 21.5261217759
126.234424993 18.2185834112
122.391667315 14.6731014657
118.826756569 10.922401869
115.510904024 6.99509881577
112.415198405 2.91595796585
109.511569217 -1.29371218504
106.773223599 -5.61562380582
104.174706011 -10.0340769427
101.691682511 -14.535555474
99.3005035042 -19.1083613693
96.9775514054 -23.7422870791
94.6983270693 -28.4283194652
92.4361585361 -33.1583634426
90.1603038334 -37.9249671779
87.8330179224 -42.7210200418
85.4047571007 -47.5393733618
82.8058544839 -52.3722882638
79.9310870669 -57.2105085292
76.6088163959 -62.0414874245
72.5334338566 -66.8455419872
67.1000982891 -71.5862856452
58.9427268179 -76.1825258613
44.4758122357 -80.4072199243
14.4227643301 -83.4753896088
328.226672457 -83.4675239124
298.263660103 -80.3911927333
283.836820837 -76.1640216325
275.695704962 -71.5669121698
270.270023881 -66.8258252588
266.198724806 -62.0216479211
262.878828134 -57.1906601914
260.005517313 -52.3525011288
257.407531337 -47.5196970824
254.97984351 -42.7014940151
252.652896191 -37.9056253801
250.3772103 -33.1392370113
248.115083117 -28.4094406898
245.835789471 -23.723702515
243.512651954 -19.0901029205
241.121198484 -14.5176512317
238.637814936 -10.0165662279
236.038849259 -5.59855214686
233.299963992 -1.27713139893
230.39569917 2.93198847373
227.299257231 7.01051046871
223.982563791 10.9371152324
220.416706086 14.6870245991
216.57289852 18.2316104887
212.42416152 21.5381323473
207.947900792 24.5697304105
203.129495006 27.2858491097
197.96678279 29.6432963258
192.474942258 31.5981259289
186.690717378 33.1084191148
180.67446942 34.137805601
174.50849676 34.6592402884
171.400240721 32.0688695706
165.515231008 31.8193189596
159.718826916 31.0788837505
154.090731689 29.8658252719
148.695209319 28.2081866525
143.577605853 26.140872837
138.76414331 23.7025641291
134.264160914 20.9329784072
130.073649729 17.8707683929
126.179063975 14.5521202149
122.560746191 11.0099728307
119.195658741 7.27371274892
116.059367157 3.36919214538
113.127358063 -0.68105743839
110.37582491 -4.85751016271
107.782054201 -9.14329280246
105.324520432 -13.5238319568
102.982765371 -17.9865224965
100.737103289 -22.5204265741
98.5681586167 -27.1160051491
96.4562018684 -31.7648792914
94.3801929051 -36.4596151462
92.3163465698 -41.1935230181
90.235858706 -45.9604557148
88.1010648735 -50.7545806262
85.8584830412 -55.570075785
83.4251755722 -60.4006398623
80.6593550645 -65.2385394466
77.288894536 -70.0723890509
72.7065633407 -74.8808422539
65.227272048 -79.6092735829
48.2582830446 -84.0397899618
351.235537723 -86.6199004967
294.447649804 -84.0229915255
277.55299963 -79.5900282487
270.092923439 -74.8610581217
265.517847591 -70.05245874
262.150801446 -65.2186002232
259.386805975 -60.3807604324
256.954544502 -55.5503007033
254.712576147 -50.7349444526
252.578130329 -45.9409885396
250.497812777 -41.1742530075
248.434008249 -36.4405700273
246.357941763 -31.7460881621
244.24584355 -27.0975025236
242.076673448 -22.5022491201
239.830707781 -17.9687009249
237.488577669 -13.5064016159
235.030596014 -9.12629585653
232.436300935 -4.8409950156
229.684162675 -0.665079388024
226.751463516 3.38456973412
223.614393537 7.28841710739
220.248438036 11.0239204622
216.629164936 14.5652157778
212.733544872 17.8829040752
208.541937149 20.9440341947
204.040823967 23.7124094822
199.22623772 26.1493703416
194.107572747 28.2151981031
188.711117296 29.8712202722
183.082287965 31.0825502432
177.285412903 31.8211742311
168.607884656 29.2888142616
163.060840584 28.8181792039
157.626587431 27.8885570693
152.369237485 26.5202804362
147.338813574 24.7411865283
142.569490742 22.5841187855
138.080128926 20.0844508823
133.876390102 17.2779674703
129.953618133 14.1992672779
126.299807099 10.8807080296
122.898234639 7.35182068517
119.72957043 3.63908209337
116.773432951 -0.234066082046
114.009456859 -4.24704646256
111.417967429 -8.38189366587
108.980359881 -12.6229689672
106.679266949 -16.9566724414
104.498578397 -21.3711701871
102.423356227 -25.8561454972
100.439670771 -30.4025772854
98.5343646019 -35.0025457452
96.6947300972 -39.6490633447
94.9080556945 -44.3359282482
93.1609404851 -49.0575966652
91.4381610358 -53.8090699929
89.7206029879 -58.5857912543
87.9810584246 -63.383541493
86.1745596786 -68.1983147897
84.2123247773 -73.0261070216
81.8735494254 -77.8623526306
78.3671322175 -82.6993433054
66.856950707 -87.4942097786
275.839517516 -87.4747907088
264.435314013 -82.6793233917
260.93793871 -77.8423234859
258.601625135 -73.0061282599
256.640352456 -68.1784168087
254.834282927 -63.3637493376
253.094922327 -58.5661286225
251.377412198 -53.7895603786
249.654592688 -49.0382638562
247.90737256 -44.3167966698
246.120539987 -39.6301584468
244.280699774 -34.983894718
242.375142008 -30.3842104831
240.391155746 -25.8380967136
238.315579358 -21.3534729673
236.134482851 -16.9393613507
233.832926179 -12.6060835588
231.394794808 -8.36547936242
228.802716708 -4.23115499025
226.038082689 -0.218756291593
223.081214628 3.65374319944
219.911745666 7.36575690495
216.509295877 10.8938330697
212.854541235 14.2114842404
208.930772289 17.2891690208
204.726004655 20.0945204796
200.235614038 22.5929333938
195.465305155 24.7486211763
190.433990181 26.5262147598
185.175901675 27.8928835444
179.74111808 28.8208121777
174.193796299 29.2896983187
171.401391481 26.5508056583
166.12640756 26.3271281802
160.9178443 25.6624631795
155.836632453 24.5703859703
150.93401562 23.072041333
146.248952259 21.1942748627
141.807392705 18.9675597434
137.623125184 16.4240354856
133.699639781 13.5958713751
130.032439802 10.5140482463
126.611355329 7.20755619886
123.4225867 3.7029479724
120.450359265 0.0241646695857
117.678177441 -3.80744879656
115.08972593 -7.77300826644
112.669491033 -11.8558878839
110.40317942 -16.0414877127
108.278006707 -20.3169954801
106.282921712 -24.6711567562
104.408829614 -29.0940609756
102.648883524 -33.5769459831
100.99893604 -38.1120204667
99.4582937159 -42.692300967
98.0310277613 -47.3114571522
96.7283344745 -51.9636541133
95.5729902579 -56.6433699478
94.6083192816 -61.3451410998
93.9179025552 -66.0631161703
93.6744574432 -70.7900680037
94.2838558209 -75.5146074892
96.9379586141 -80.2105518936
106.987078008 -84.7700315176
171.674094314 -87.8625705167
235.917969327 -84.7519370641
245.903866935 -80.1912424917
248.544188744 -75.4950925359
249.148536088 -70.7705367252
248.902664666 -66.0436409711
248.210860386 -61.3257646942
247.245284494 -56.6241250269
246.089282118 -51.9445695357
244.78606298 -47.2925604243
243.358341897 -42.6736195179
241.817279 -38.0935825797
240.166922233 -33.5587817554
238.406561116 -29.0762029766
236.532034746 -24.6536392521
234.536486954 -20.2998539236
232.410816266 -16.0247606368
230.143965125 -11.8396185911
227.723143036 -7.75724560606
225.134051368 -3.79224784796
222.361172423 0.0387417999564
219.388188805 3.71683132813
216.198605588 7.22066726803
212.776652672 10.5262995512
209.108540214 13.6071665859
205.184114848 16.4342703409
200.998904435 18.9766240897
196.556432198 21.2020560938
191.870527366 23.0784293725
186.967186534 24.5752796607
181.885414928 25.6657775442
176.676496973 26.3288015905
168.908852026 23.6093227469
163.951702427 23.1888841771
159.079430754 22.3567299161
154.341807803 21.1279886421
149.77972032 19.5237057721
145.423685605 17.5692309461
141.293714148 15.2925352452
137.400231948 12.7226717204
133.745656285 9.88851287913
130.326235886 6.81781695225
127.133862412 3.53661211488
124.157677526 0.0688510890929
121.385401306 -3.56372555324
118.804379108 -7.3415779141
116.402386078 -11.2472584886
114.168249302 -15.265246565
112.092356363 -19.3817532466
110.167124248 -23.5845151681
108.387511261 -27.8625870297
106.751674888 -32.2061366219
105.261921479 -36.6062402375
103.926180074 -41.0546699357
102.760405497 -45.5436547297
101.792671096 -50.0655807384
101.070478904 -54.6125598838
100.6745886 -59.1757150025
100.74712785 -63.7438216262
101.554207669 -68.3003556405
103.642875303 -72.8160554521
108.299128269 -77.2264469922
119.136732457 -81.3457527814
147.158423844 -84.4552783325
195.840476337 -84.4470133424
223.754553868 -81.3298916456
234.55162866 -77.2085829487
239.192445421 -72.7975400335
241.273951607 -68.2816086572
242.077156504 -63.7250187872
242.147342229 -59.1569498119
241.749884309 -54.5938927514
241.026562694 -50.0470571264
240.0579557 -45.5253129897
238.891462924 -41.0365452181
237.555095709 -36.5883667691
236.064768698 -32.1885491343
234.428383158 -27.8453213523
232.648225784 -23.567608343
230.722440104 -19.3652443411
228.645973796 -15.2491780537
226.411235169 -11.2316773207
224.008604804 -7.32653627529
221.426904562 -3.54928156213
218.653906464 0.0826327098384
215.676955361 3.54965947376
212.483774208 6.83005066188
209.063511873 9.89984613894
205.408072585 12.7330110181
201.513723919 15.3017819075
197.382908763 17.5772837507
193.026085122 19.5304647469
188.463300271 21.1333599994
183.725109945 22.3606318034
178.852436503 23.19125262
173.895078423 23.6101169104
171.402509899 20.6652239207
166.717519476 20.4665646676
162.08226883 19.8755090241
157.543174114 18.9020271552
153.140713706 17.5618400356
148.907616052 15.8752567598
144.868079795 13.86583031
141.037940265 11.5590149512
137.425546745 8.98096669227
134.033062653 6.15757020797
130.857927371 3.1137205666
127.894287826 -0.127152648511
125.134286779 -3.54335475819
122.569162655 -7.11503374753
120.19016497 -10.82417008
117.989321194 -14.654485769
115.960110673 -18.5913012877
114.098115742 -22.6213600922
112.401736746 -26.7326323192
110.873084579 -30.9141015234
109.519213299 -35.1555303311
108.353946685 -39.4471909438
107.400725064 -43.779531304
106.697233638 -48.1427209094
106.303249061 -52.525967347
106.314572509 -56.9163814659
106.889127764 -61.2969081277
108.29895651 -65.6421867494
111.04111918 -69.9094207906
116.089473086 -74.015991668
125.464941765 -77.7787652411
143.053760899 -80.7489678954
171.476568392 -81.977579395
199.865323647 -80.7394337217
217.410204834 -77.7643638679
226.761163687 -73.9995342196
231.796814494 -69.8920514851
234.531922237 -65.6243974888
235.937492637 -61.2789417205
236.509276548 -56.8983757696
236.518672916 -52.508011383
236.123266259 -48.1248791662
235.418666431 -43.761855376
234.464535673 -39.4297256573
233.298487011 -35.1383172388
231.943912941 -30.8971809413
230.414604269 -26.7160444994
228.717591776 -22.6051461822
226.854969467 -18.5755044712
224.825124988 -14.6391523837
222.623630986 -10.8093505103
220.243959674 -7.10078314382
217.678133878 -3.5297336478
214.917401156 -0.114227419399
211.953001092 3.12587739112
208.777081312 6.16888002518
205.383797993 8.99134535811
201.770604782 11.5683739676
197.939684711 13.8740788173
193.899411839 15.8823044368
189.6656504 17.5676008931
185.262630011 18.9064240353
180.723109103 19.8784784065
176.087591353 20.4680611889
169.205279163 17.490029111
164.83134693 17.1191476373
160.521011342 16.3838343056
156.312608768 15.2951474654
152.239074109 13.8686890899
148.326839041 12.1236053165
144.595480405 10.081496182
141.058022401 7.76536034991
137.721715673 5.19866734103
134.58909592 2.40460939246
131.659149549 -0.594451345546
128.928462232 -3.77735098321
126.392279173 -7.12433330295
124.045452137 -10.6171319327
121.883283924 -14.238955852
119.902307138 -17.9744039883
118.101054989 -21.809327978
116.480903015 -25.730654696
115.047089277 -29.7261721236
113.810066664 -33.7842729033
112.787420311 -37.8936378716
112.006724027 -42.0428236539
111.509965356 -46.2196874702
111.36064496 -50.4105251239
111.655565693 -54.5986855523
112.545103269 -58.7621913541
114.26923178 -62.8693844975
117.223018709 -66.8704609503
122.073949597 -70.6801339979
129.941734058 -74.1414237911
142.467542801 -76.95722793
160.769909057 -78.624748714
182.138900392 -78.6210345191
200.419033267 -76.9475268135
212.921995846 -74.1281675023
220.77417633 -70.6649702108
225.615324091 -66.8542764239
228.56289322 -62.8526523168
230.282902921 -58.7451802608
231.169580549 -54.5815613354
231.462420706 -50.3933992466
231.311517351 -46.2026414293
230.813501373 -42.0259219051
230.031764305 -37.8769351021
229.008221763 -33.767818332
227.770398501 -29.7100121477
226.335845259 -25.7148346646
224.714990269 -21.7938936023
222.913053548 -17.9594025744
220.931397274 -14.2244373308
218.768544893 -10.6031496787
216.421022337 -7.11094477518
213.884128669 -3.76461819742
211.152714971 -0.582441140184
208.222029098 2.41582537339
205.088663092 5.20901305133
201.75161382 7.77475624728
198.213431736 10.0898607479
194.481386391 12.1308572652
190.568524363 13.8747502694
186.494446966 15.299946338
182.285610375 16.387309754
177.974971399 17.1212527023
173.600882995 17.4907341747
169.214466809 14.3032495587
164.858839108 13.9092721197
160.56986611 13.1283048542
156.387758875 11.9724368667
152.347124052 10.4587121796
148.475855675 8.60802826983
144.794826233 6.44394003175
141.318271161 3.99150929694
138.054677257 1.27630184399
135.007967416 -1.67641173633
132.178804628 -4.84223536437
129.565893444 -8.19801966736
127.167217115 -11.7220554152
124.981202203 -15.3941213962
123.007846782 -19.1954171319
121.249886778 -23.1084032277
119.714114685 -27.1165614812
118.413016839 -31.2040734232
117.366975485 -35.3553983662
116.607415144 -39.5547066101
116.181502056 -43.7850825879
116.15940476 -48.0273413938
116.645818072 -52.2581700617
117.798622561 -56.4470508218
119.859302796 -60.5509255202
123.201250475 -64.5046044047
128.397420808 -68.2033188893
136.270875148 -71.4726083855
147.737144568 -74.0283656889
162.957932313 -75.4756264293
179.929525859 -75.4726725627
195.137903404 -74.0203230008
206.588941177 -71.4610960032
214.450143011 -68.1896947855
219.637687871 -64.4897400358
222.973716819 -60.5353447084
225.030271383 -56.4310743394
226.180109664 -52.2420048446
226.664311566 -48.0111299243
226.640501792 -43.7689300262
226.213210899 -39.5386961047
225.452499383 -35.3396000243
224.405460506 -31.1885497877
223.103468278 -27.1013710651
221.566869266 -23.0936029965
219.808124226 -19.1810643889
217.834007231 -15.3802752415
215.647241218 -11.7087778523
213.247815787 -8.18537640251
210.63415313 -4.83029630652
207.804236204 -1.66525115661
204.756773481 1.28660557864
201.492436324 4.00087452457
198.015160558 6.45228324145
194.333450294 8.61526627237
190.461561964 10.4647650096
186.420391374 11.977231306
182.237856135 13.131778317
177.948584124 13.9113764906
173.592802547 14.3039544766
169.218399596 11.1521670408
164.871124816 10.7308022372
160.595086342 9.89579182304
156.433288479 8.66062057023
152.422811996 7.04427970552
148.593700314 5.07002418474
144.968724797 2.7640331441
141.563907832 0.154134371565
138.389594521 -2.73129204177
135.451850459 -5.86416880741
132.754003906 -9.2173190508
130.298218392 -12.7648212825
128.087055066 -16.4821519334
126.12505244 -20.3461477975
124.420414348 -24.3348130695
122.986962762 -28.426980627
121.846594559 -32.6018151019
121.032601464 -36.8381134447
120.594400411 -41.1133100894
120.604518823 -45.4020143531
121.169128449 -49.6737710366
122.444001215 -53.8894950596
124.658103584 -57.9956179184
128.145389429 -61.9143515119
133.375165157 -65.527906768
140.933779721 -68.6559289854
151.318103414 -71.0359876534
164.34928288 -72.3482609353
178.524191065 -72.3457934954
191.547627737 -71.0291134723
201.92137602 -68.6457950696
209.470478469 -65.5156154073
214.692932991 -61.9007052197
218.17485872 -57.9811478385
220.38504775 -53.8745493065
221.657010603 -49.6585848552
222.21939522 -45.3867548179
222.227756401 -41.0981030018
221.788119156 -36.8230594879
220.972910859 -32.5869997488
219.831479237 -28.4124804367
218.397067448 -24.320699896
216.691537967 -20.3324917565
214.728688454 -16.4690235508
212.516706041 -12.7522930307
210.060118741 -9.20546637258
207.361482708 -5.85307065307
204.422961707 -2.72103088122
201.247889415 0.163473146306
197.842341984 2.77236252777
194.21667993 5.07725765946
190.386945172 7.05033414408
186.375931327 8.66541983238
182.213704691 9.89927077517
177.937366849 10.7329107621
173.589938053 11.1528734914
169.217413559 8.03315687689
164.869341971 7.57919688343
160.599023005 6.67999227591
156.453430214 5.35092359724
152.473163905 3.61362195807
148.691344228 1.49453291766
145.133504882 -0.976614659224
141.818343204 -3.76824404024
138.759089651 -6.84813647927
135.965255825 -10.1843373002
133.444578945 -13.7457446187
131.20507011 -17.5023960402
129.257170796 -21.4254810059
127.616118178 -25.4871010138
126.304719293 -29.6597795896
125.356850406 -33.9156889151
124.822149882 -38.2255062197
124.772575677 -42.5567296894
125.311735277 -46.8711513798
126.58801993 -51.1209757607
128.81199867 -55.2427683362
132.275329694 -59.1481006652
137.357327879 -62.7099578193
144.47593846 -65.7466868362
153.892582458 -68.0153072289
165.310596171 -69.2454606925
177.552991337 -69.2433307116
188.965751581 -68.0092914695
198.374713751 -65.7376476482
205.485858827 -62.698802661
210.561710269 -59.1355531953
214.020297207 -55.2293451834
216.240670565 -51.1070357924
217.514190266 -46.8569479089
218.05118331 -42.5424486058
217.99986334 -38.2112910013
217.463711779 -33.9016565809
216.514597776 -29.6460309407
215.202097051 -25.4737273767
213.560041653 -21.4125688162
211.611207724 -17.4900300155
209.370811636 -13.7340099147
206.849282227 -10.1733208448
204.054625064 -6.837927552
200.994578374 -3.75893407677
197.678660943 -0.968296212252
194.120116127 1.50176813039
190.337659017 3.61968592798
186.356844441 5.3557357085
182.210814825 6.68348351181
177.940191098 7.58131408408
173.591962768 8.03386644395
169.211741851 4.94282708632
164.854398781 4.44982211834
160.583900112 3.47390082031
156.452765357 2.03305344097
152.506539416 0.152540474862
148.782726783 -2.13680815475
145.310908679 -4.80037760427
142.113865624 -7.80140169767
139.20943147 -11.1022844169
136.612819159 -14.665526276
134.339247949 -18.4542325703
132.406827373 -22.4322120551
130.839789019 -26.5636766223
129.672294918 -30.8125273181
128.953192643 -35.1411601084
128.752226508 -39.5086417418
129.168298117 -43.8679818661
130.340189277 -48.1620530642
132.45907102 -52.3175077884
135.778392282 -56.235972838
140.606575605 -59.7824920546
147.246782102 -62.7743823613
155.826712662 -64.9822652586
166.013797679 -66.1668333466
176.842402617 -66.1649510413
187.02568209 -64.9769037555
195.599790492 -62.7662257614
202.23402251 -59.7723065754
207.057031779 -56.2244114191
210.37218823 -52.3050649004
212.487795958 -48.1490893023
213.65710645 -43.8547619947
214.071109136 -39.4953664313
213.868443001 -35.1279884723
213.14790381 -30.799592098
211.979159413 -26.5510943281
210.411002979 -22.4200897894
208.477558676 -18.4426726328
206.203032987 -14.6546291743
203.605520707 -11.0921506108
200.700235258 -7.7921322123
197.50239171 -4.79207353425
194.029833185 -2.12956903399
190.305355519 0.158619427765
186.358559639 2.03788507501
182.226971702 3.47741048709
177.95615717 4.45195226102
173.598651714 4.94354129111
169.201531901 1.87796052055
164.827069546 1.33775132406
160.552121357 0.269355205317
156.436957738 -1.30556554435
152.534093991 -3.35664708865
148.887341566 -5.84688924596
145.532317833 -8.73477149871
142.498188488 -11.9761186213
139.81032047 -15.5255128376
137.493570238 -19.3371464037
135.576070414 -23.3650738573
134.093552298 -27.5628439822
133.094412288 -31.8824663461
132.645858758 -36.2725980705
132.841481271 -40.6757251706
133.810233649 -45.0239689475
135.725493287 -49.233025695
138.80909597 -53.1938582752
143.316462569 -56.7627402218
149.473888505 -59.7535601498
157.331521935 -61.9435407587
166.550027375 -63.1107451219
176.300417415 -63.1090522656
185.516015709 -61.9386936629
193.369063333 -59.7461285808
199.521599483 -56.7533907517
204.024569594 -53.1831871993
207.104514959 -49.2215057535
209.016818059 -45.0119591011
209.983183679 -40.6634984417
210.176852483 -36.2603679391
209.726664073 -31.8704068452
208.726120598 -27.5511038601
207.242366616 -23.3537862697
205.323753837 -19.3264354064
203.005984265 -15.5154975206
200.317173943 -11.9669153638
197.282173629 -8.72649457712
193.926353996 -5.83964989124
190.27889242 -3.35055106563
186.375423899 -1.30070941994
182.25978071 0.272888739691
177.984498716 1.33989845996
173.609864847 1.87868084884
169.186858809 -1.16454832567
164.788114866 -1.7625245504
160.506734476 -2.94365012179
156.413950744 -4.68093796681
152.572250021 -6.93662378389
149.034697219 -9.6647368395
145.84614379 -12.8136401651
143.046017518 -16.328133245
140.672303742 -20.1508453022
138.766423554 -24.2227669623
137.378902464 -28.4828307156
136.575893959 -32.8664423791
136.446639221 -37.3027933041
137.111548681 -41.7106745483
138.729198769 -45.9924529362
141.496936092 -50.0261000081
145.632205688 -53.6563225258
151.310668109 -56.6891536021
158.536556992 -58.9006587899
166.972061953 -60.0750036851
175.873749268 -60.0734603921
184.306931161 -58.8962270482
191.529079725 -56.6823299888
197.203446383 -53.6477058767
201.33493184 -50.0162453053
204.09944101 -45.9818160314
205.714421843 -41.6996134014
206.377132205 -37.2915889226
206.246044189 -32.8553211287
205.441477117 -28.4719822542
204.052601605 -24.2123572102
202.145520648 -20.1410252605
199.770726856 -16.3190445275
196.969623515 -12.8054178401
193.780191094 -9.6575099289
190.241863356 -6.93051364592
186.399506094 -4.67605482604
182.306203667 -2.94008820526
178.024462899 -1.76035658253
173.625533929 -1.16382040061
169.167737556 -4.1877716314
164.738468233 -4.85754977891
160.452235864 -6.17805122615
156.396115406 -8.11426090897
152.647200311 -10.6172470465
149.272517312 -13.6274375227
146.331485438 -17.0776733162
143.880478709 -20.8954553393
141.978960025 -25.0039936268
140.69676161 -29.3218159275
140.122159249 -33.7607483423
140.370070774 -38.22206119
141.588399133 -42.5905839404
143.957166981 -46.7269152741
147.668364137 -50.4591359722
152.86568792 -53.5787794548
159.526020439 -55.8516273686
167.312584433 -57.0570998676
175.529396408 -57.0556776384
183.314028629 -55.8475390429
189.971210401 -53.5724773166
195.165023566 -50.4511766685
198.872916009 -46.7178277999
201.238812343 -42.5808147523
202.454724225 -38.2119708393
202.700611836 -33.7506280396
202.124297417 -29.3119068716
200.840627247 -24.9945029716
198.937823227 -20.8865675937
196.485682406 -17.0695574854
193.543649766 -13.6202505338
190.168096348 -10.6111339152
186.41845016 -8.10935209548
182.361754936 -6.17445780726
178.0751242 -4.85535741028
173.645650548 -4.18703462938
169.144137916 -7.19485990167
164.679577244 -7.95566170275
160.396112379 -9.45151644124
156.404417767 -11.6346941924
152.803682149 -14.4385408149
149.682729715 -17.7817358918
147.124691822 -21.5718765627
145.214420567 -25.7074989144
144.047586895 -30.0779534297
143.740108454 -34.5607887607
144.435436225 -39.0165041103
146.304146872 -43.280997831
149.52407746 -47.1574695289
154.221527307 -50.4130498727
160.35794031 -52.7912774525
167.592951084 -54.0542493334
175.245793073 -54.0529271216
182.479136951 -52.7874795987
188.612813254 -50.4072072077
193.307184956 -47.1501188155
196.524185673 -43.2726577154
198.390319763 -39.0076212676
199.083452476 -34.5517324205
198.774114611 -30.0690293611
197.605695319 -25.6989664248
195.694059633 -21.5639621831
193.134843543 -17.7746421254
190.012882985 -14.4324499529
186.411309746 -11.6297677024
182.418960746 -9.44789076958
178.135043733 -7.95344180348
173.670251434 -7.19411232079
169.116010194 -10.1892246589
164.614107979 -11.0683481081
160.352064766 -12.7895680893
156.477136343 -15.2837234191
153.123268761 -18.4541935325
150.414543332 -22.1824910725
148.473418973 -26.332126099
147.431574622 -30.7493816921
147.43975522 -35.2603434423
148.670155305 -39.6644470901
151.298943542 -43.7266226469
155.448847491 -47.1741085816
161.075430469 -49.7105709659
167.827780384 -51.0632903883
175.008177261 -51.0620522555
181.759035886 -49.7070249352
187.383169278 -47.1686852452
191.530313505 -43.7198610134
194.156466093 -39.6568726289
195.384536803 -35.2524150438
195.390722584 -30.7414856406
194.34718468 -26.324588396
192.404625102 -22.1755917269
189.694692444 -18.4481763397
186.339834237 -15.2787995423
182.464137687 -12.7859138184
178.20156569 -11.0660983879
173.699392965 -10.1884649689
169.083342542 -13.1748786965
164.54756211 -14.2128613796
160.347387591 -16.2312194994
156.689671848 -19.1216799824
153.765396654 -22.7327205022
151.756833877 -26.8769058356
150.849066895 -31.3341988105
151.237392162 -35.8498614342
153.115521692 -40.1285855952
156.620795559 -43.8319021598
161.714725562 -46.5945223353
168.027564556 -48.0803904787
174.8059548 -48.0792241555
181.117408715 -46.5912016202
186.209078388 -43.8268814524
189.711824496 -40.1224318171
191.587554425 -35.8431276061
191.973769543 -31.327370975
191.064209672 -26.8703969526
189.054153154 -22.7268802439
186.128665334 -19.1168034998
182.470016315 -16.2275491596
178.26920167 -14.2105813241
173.733094156 -13.1741053509
169.046311891 -16.1571564237
164.49244763 -17.4176862082
160.441783914 -19.8394102076
157.204128707 -23.2348807185
155.06663775 -27.3412374508
154.30142861 -31.8303396299
155.162140421 -36.3121367024
157.835859755 -40.3370297972
162.313782846 -43.4174360315
168.20035764 -45.1003587216
174.630996608 -45.0992547546
180.516230752 -43.4143269411
184.99200149 -40.3324273808
187.663362143 -36.3066706218
188.521881222 -31.8246173864
187.754791369 -27.3357889677
185.615766848 -23.2301497103
182.376933602 -19.8357559364
178.325462904 -17.4153794017
173.771186236 -16.156367922
169.005748832 -19.1444741688
164.48075194 -20.7351243902
160.782322987 -23.7192652679
158.407904497 -27.7253669365
157.79318251 -32.2351384968
159.270599347 -36.609791473
162.928508081 -40.1318581192
168.353278662 -42.114922527
174.476125926 -42.1138739454
179.899534092 -40.1289659012
183.555327397 -36.6056817612
185.030525866 -32.2305571364
184.413850347 -27.7210087975
182.037890147 -23.7157079671
178.338393996 -20.732805006
173.812848751 -19.1436692732
168.96490598 -22.1535054329
164.60979875 -24.2732868963
161.794659879 -28.0320630764
161.338225604 -32.5436304095
163.681891142 -36.6413037441
168.495220385 -39.1076397137
174.332401643 -39.1066426258
179.144258922 -36.6386752718
181.485797249 -32.5402260129
181.027357154 -28.028826404
178.210734211 -24.2710015819
173.854843831 -22.1526839784
168.938941875 -25.2291843793
165.272365023 -28.275203724
164.983625401 -32.7396059234
168.648010108 -36.0342969417
174.177945122 -36.0333549371
177.840614263 -32.7374263691
177.549852626 -28.2731312658
173.882041945 -25.2283512721
169.057009293 -28.5687739439
168.955069139 -32.7026952994
173.869226102 -32.7018607724
173.765393421 -28.5679776245
