00 1.93225325364e+17 0.162397898562 0.815864056491 0.135111209515
01 2.26335121977e+17 0.14266816244 0.839561214653 0.21032267659
02 2.90413061691e+17 0.125086660992 0.944496805076 0.199021547658
03 3.50684488881e+17 0.115090938913 1.04937578427 0.27941342358
04 3.45617135012e+17 0.122669571705 1.10231435407 0.394644096761
14 1.5394379527e+18 0.189815416088 7.59743544383 0.459348633151
15 1.10734992204e+18 0.178394550483 5.13617498081 0.353917112365
16 7.65555260672e+17 0.183982540024 3.66206883607 0.225990136065
17 5.5107434136e+17 0.194830594562 2.79151968095 0.268816902142
18 3.87832976699e+17 0.204765440504 2.06478454821 0.164499621511
19 2.83476079204e+17 0.210783887508 1.55355693974 0.214677009877
20 2.14376474419e+17 0.21143728867 1.17850669315 0.143559042034
21 1.80736090299e+17 0.206233445643 0.969119493017 0.197290166757
22 1.84034942099e+17 0.195412578309 0.935031305898 0.138048437661
23 1.77436307238e+17 0.179864366549 0.829776194109 0.191458584319
