00 1.69453608336e+17 0.206793265468 0.911088490345 0.129480743966
01 1.47968126189e+17 0.196352991449 0.755403589623 0.187802401005
02 1.42511908268e+17 0.181100652432 0.671033988733 0.124605596412
03 1.47941703529e+17 0.162513417108 0.625105306105 0.184756541225
04 2.42249975993e+17 0.14278368609 0.899322957714 0.150823009393
05 4.09625490514e+17 0.125178178317 1.33318049006 0.222646246002
06 7.23893315941e+17 0.115114718319 2.16660015409 0.25995217991
07 9.14478809913e+17 0.12254763128 2.91374751227 0.334181569785
17 1.04905278471e+18 0.189971325006 5.18153863531 0.440636132084
18 7.15763662582e+17 0.178400683686 3.32001089582 0.2875627309
19 4.60391559999e+17 0.183923944808 2.20160282866 0.277813143694
20 3.18678110583e+17 0.194760749984 1.61371568333 0.183525506128
21 2.25464467577e+17 0.204710165816 1.20002658212 0.230701056285
22 2.00578072549e+17 0.210756449498 1.09910118286 0.140535555292
23 1.66183169746e+17 0.211444652275 0.913602106067 0.195012824482
