00 4.46018986608e+17 0.114817269912 1.33147774165 0.293094594067
01 5.05467677688e+17 0.129063158058 1.69616862425 0.369204355753
11 1.59327599529e+18 0.184530258453 7.64419841113 0.409974589476
12 1.22236353463e+18 0.17877108394 5.6816046054 0.264373566502
13 8.79382098235e+17 0.186563488092 4.26557538191 0.289841570792
14 6.43449587744e+17 0.197594838136 3.3057002456 0.167033130712
15 5.07887430001e+17 0.206740887036 2.73002854261 0.216179040664
16 4.17544116226e+17 0.211489133162 2.29595712313 0.137352021901
17 3.64843818177e+17 0.210670570904 1.99840824211 0.194052684597
18 3.03374869431e+17 0.203991626864 1.60903426229 0.126528085239
19 2.70812911377e+17 0.191861866629 1.35092543778 0.176443815698
20 2.46074649903e+17 0.17532983063 1.12174989393 0.130178969972
21 2.4591876811e+17 0.156086420226 0.997999084697 0.191798669135
22 2.51654600453e+17 0.136617130711 0.893888565548 0.16209765195
23 3.23447968507e+17 0.120710510903 1.01513280776 0.22444766572
