00 1.84508822945e+17 0.211871872366 1.01639797442 0.140871111056
01 1.66885751803e+17 0.208916351533 0.906494222124 0.211256759981
02 1.66317376774e+17 0.200172156622 0.865594807807 0.135987352281
03 1.77099970656e+17 0.18628601602 0.857772447242 0.195243028996
04 2.60961667841e+17 0.168534269309 1.14350558419 0.137669780121
05 3.96644898026e+17 0.148869273846 1.53525418654 0.200237897246
06 6.24070877743e+17 0.13015616754 2.11189351674 0.18853722323
07 8.7444155719e+17 0.116951183796 2.65894135713 0.270869515519
08 1.17817105459e+18 0.117515419217 3.59978490012 0.357117251367
18 1.33491646826e+18 0.198842001149 6.90137400979 0.526926345153
19 8.12847560355e+17 0.179475643714 3.79304481753 0.383218767504
20 5.1654440683e+17 0.181210010225 2.43367844833 0.251994753244
21 3.56919047276e+17 0.191287880027 1.77513148526 0.273359479487
22 2.85320763391e+17 0.201941303423 1.49806921818 0.177413864472
23 2.22530654044e+17 0.209413274603 1.21162269704 0.225278775112
