00 4.46375714587e+17 0.125086671817 1.45172696546 0.378934814227
10 1.48559778383e+18 0.187401481902 7.23848388121 0.407305687205
11 1.10238726907e+18 0.178436679553 5.11436442073 0.343422034757
12 8.19404660719e+17 0.185028170323 3.94193657331 0.204613619443
13 5.91041266566e+17 0.19599335105 3.01184411952 0.248956383645
14 4.5809834735e+17 0.205616892878 2.44901172918 0.149916052316
15 3.5815168411e+17 0.211114702076 1.96588823831 0.203042487001
16 3.06659069378e+17 0.211156962998 1.68358314191 0.137146947692
17 2.75425388196e+17 0.20533581038 1.47042207739 0.192578577459
18 2.68179130532e+17 0.193962088275 1.35243118894 0.127438945521
19 2.40363264345e+17 0.177992614915 1.1123550347 0.17066375183
20 2.31244942695e+17 0.159018412497 0.956077295819 0.134760341945
21 2.10361605952e+17 0.139386330492 0.762359840583 0.205216920691
22 2.55719106674e+17 0.122633123528 0.81535045273 0.197146620199
23 3.63999160958e+17 0.114774597829 1.08622429004 0.276373722739
