00 1.21001245688e+17 0.146658478115 0.461392322109 0.1439464979
01 1.5943352199e+17 0.128300286911 0.531839531978 0.219891185256
02 2.24751212169e+17 0.116138866554 0.678661126988 0.235879967957
03 2.84610172702e+17 0.119019529659 0.880728391171 0.305345631721
13 1.29331628044e+18 0.195415843882 6.57109680106 0.441020716727
14 9.19560425667e+17 0.178891975414 4.27705150756 0.304284413803
15 6.50027759031e+17 0.182117594719 3.07791879136 0.288373704422
16 4.58153458399e+17 0.192528860935 2.29340185045 0.19797927707
17 3.21243582769e+17 0.202956052713 1.69515656747 0.241458423583
18 1.9808536745e+17 0.209927784698 1.08117418162 0.146614830893
19 1.40520966085e+17 0.211744759653 0.77361903294 0.20754370362
20 1.06222219147e+17 0.207743646881 0.573741770821 0.133916031888
21 1.04082185159e+17 0.198025896652 0.535885169083 0.195502030353
22 1.04445993223e+17 0.183348848896 0.497901368361 0.124186556303
23 1.12664196454e+17 0.16510217893 0.48362871237 0.189414971017
