07 8.19476759204e+17 0.18855141623 4.01735109141 0.436627014463
08 7.69459756407e+17 0.178405748628 3.56917714091 0.287577160052
09 6.63290160449e+17 0.184518172796 3.18211629943 0.303888561368
10 5.74428041932e+17 0.195424739177 2.91869370703 0.176983735425
11 4.69455956484e+17 0.205196539646 2.50459918246 0.22642627094
12 4.01125157902e+17 0.210942156449 2.19996935116 0.145934240432
13 3.52704721341e+17 0.211277354924 1.93748153545 0.20459733059
14 3.25399646107e+17 0.205752667292 1.74074797318 0.128824243338
15 3.14365113434e+17 0.194645571147 1.59093420338 0.180245603304
16 3.07404529891e+17 0.178881041031 1.42970990044 0.129561825652
17 3.50045839594e+17 0.160014350225 1.45632129686 0.192014751393
18 3.84990760962e+17 0.140349731244 1.40486709565 0.152858807024
19 4.11161598496e+17 0.123341012049 1.31854027953 0.221043039996
20 4.41363221592e+17 0.114823292262 1.31764823285 0.269595723837
21 4.85370555014e+17 0.125463032009 1.58329759848 0.357495752374
