08 7.35425361233e+17 0.180770346877 3.45652053895 0.330392133541
09 5.84752780839e+17 0.180137321708 2.73873079485 0.308290864528
10 4.53778842598e+17 0.189573995802 2.23664137845 0.184339272236
11 3.89997038659e+17 0.200440964263 2.0324559447 0.227254058962
12 3.28171428767e+17 0.208545901656 1.77940896926 0.139016164303
13 3.0299448232e+17 0.211825990391 1.66873476381 0.197418260525
14 2.68751072683e+17 0.209381977878 1.46306241003 0.125538026677
15 2.68700017524e+17 0.201126269888 1.40510843833 0.181108147813
16 2.63583972264e+17 0.187649927877 1.28599934801 0.122297923525
17 2.62028468135e+17 0.170173265085 1.15934623916 0.17199331602
18 2.56785708811e+17 0.150583566631 1.00536040521 0.136938769752
19 2.92383382215e+17 0.131648841891 1.00079027508 0.19963324639
20 3.80210536935e+17 0.117718300923 1.16370119843 0.209676193609
21 4.04893909254e+17 0.116617174312 1.22765717342 0.283855236407
