00 2.94754449833e+17 0.117487014745 0.900375330233 0.240650044443
01 3.19425025414e+17 0.116857540105 0.970507790661 0.37562997876
12 5.56116250246e+17 0.179942911957 2.60179861385 0.327184984032
13 4.05771904296e+17 0.180751882167 1.90694492123 0.303070739441
14 3.20844485e+17 0.190587555166 1.5898731156 0.198607465865
15 2.4838389975e+17 0.201335455029 1.30022062243 0.242459876104
16 1.95806198822e+17 0.209067134863 1.06435266538 0.143640113836
17 1.65955567055e+17 0.211852599061 0.91411107344 0.189100918252
18 1.43736227877e+17 0.208874642045 0.780594181815 0.131381343846
19 1.34461676276e+17 0.200110753693 0.699587911944 0.197644385342
20 1.17369132158e+17 0.186210984167 0.568240961858 0.122823859977
21 1.26495085878e+17 0.168453241008 0.554021186879 0.182311250341
22 1.42777793261e+17 0.148790772975 0.5523444738 0.140960116048
23 2.02888771182e+17 0.130093979997 0.686259801235 0.228163456096
