08 1.02545946139e+18 0.191328035682 5.1011777549 0.447813179647
09 9.01427008278e+17 0.178463679401 4.18267149582 0.366225410139
10 6.88658816345e+17 0.183419999869 3.28415880009 0.221135651133
11 5.50287477488e+17 0.194165817387 2.77802246448 0.270943723899
12 4.5307532586e+17 0.204252608322 2.4060872439 0.158624618857
13 3.9233306443e+17 0.210549924605 2.14774812554 0.215161544937
14 3.50889564664e+17 0.211541161184 1.92991723487 0.13699288972
15 3.38691803536e+17 0.206683135288 1.82004898013 0.204680260194
16 3.17007023025e+17 0.196178022195 1.61693508077 0.128134028351
17 2.96209206633e+17 0.180876647895 1.39301053765 0.180076178233
18 2.87858872448e+17 0.162261615198 1.2144195854 0.138527397708
19 2.71960278735e+17 0.142539536847 1.00789239646 0.219537634391
20 2.70668481778e+17 0.124993198399 0.879624700326 0.192363865845
21 3.1278603938e+17 0.115078450351 0.935868250281 0.308527685895
22 5.12118939046e+17 0.122819876499 1.635358006 0.504570487398
