08 1.21089889192e+18 0.19693779293 6.20026563613 0.48331737744
09 1.09115647466e+18 0.179126677726 5.08183608883 0.372991690208
10 8.35109843834e+17 0.181695170474 3.94512106143 0.237520329462
11 6.6430182098e+17 0.191965360044 3.3155963943 0.279469933339
12 5.80892233123e+17 0.202500097525 3.05839908033 0.162465038895
13 4.71124896681e+17 0.209700680652 2.56867549916 0.217994461834
14 3.30512862987e+17 0.211803475896 1.82009810343 0.139836431278
15 2.42627633325e+17 0.208101910878 1.31277312729 0.204333384244
16 1.84297569721e+17 0.198659649168 0.951924754123 0.125394605512
17 1.90510951792e+17 0.184203220859 0.912411004152 0.178027118317
18 2.02092101464e+17 0.16609114207 0.872708406324 0.132344025816
19 2.13351659097e+17 0.146369452521 0.811932303951 0.216128834272
20 2.81957554752e+17 0.128058420843 0.938783019363 0.182696198218
21 2.97547857287e+17 0.116037036257 0.897690859109 0.289542779414
22 4.16617464597e+17 0.11923338122 1.29154243346 0.433432065169
