00 2.57070860919e+17 0.124085666396 0.829369036291 0.382085940191
10 1.15863474579e+18 0.188365299475 5.6744111027 0.421746186278
11 8.98245651426e+17 0.178409150075 4.16663632396 0.33428381702
12 6.66347541965e+17 0.184598663946 3.19817851524 0.222430065756
13 4.88208841549e+17 0.195514839887 2.48175391065 0.259024620353
14 3.89278980504e+17 0.205262355156 2.07751232912 0.156855661382
15 3.22262374106e+17 0.210967751166 1.76766117711 0.202251611919
16 2.7320287011e+17 0.211255655337 1.50060693549 0.140185188799
17 2.63365494944e+17 0.205683334022 1.40841721973 0.196814364407
18 2.37670648666e+17 0.194533670455 1.20210853476 0.127968585507
19 2.07154046295e+17 0.178736107599 0.96267360561 0.183432071412
20 1.90502660783e+17 0.159852699855 0.791761481049 0.13944355846
21 1.81635233733e+17 0.140194474828 0.662070661287 0.20925670205
22 2.03652483648e+17 0.123226694147 0.652480980186 0.195211108266
23 2.86797055863e+17 0.11481401193 0.856136335423 0.268183417119
