00 2.6628011214e+17 0.118182359594 0.818209911104 0.329860208577
10 9.557541102e+17 0.197219534016 4.90082788644 0.460512264372
11 7.47120275306e+17 0.179178079759 3.48055698324 0.331224943488
12 6.03010739237e+17 0.1816249046 2.84756596765 0.219681345492
13 4.8380681612e+17 0.191864350211 2.41345729047 0.253918532942
14 3.75271707053e+17 0.202414354106 1.97496988513 0.155890792573
15 3.09461800035e+17 0.209652214614 1.68686314461 0.1998078935
16 2.5910875033e+17 0.211803499742 1.42688364348 0.133415313203
17 2.16424915512e+17 0.208152970389 1.17128671478 0.181487984156
18 1.71796727279e+17 0.198759384636 0.887801506709 0.12364170727
19 1.41071657359e+17 0.184343959395 0.676148404775 0.1776189496
20 1.27076377187e+17 0.166257275605 0.549311678885 0.123492400911
21 1.36129392384e+17 0.146540905902 0.518661636474 0.1940758059
22 1.56291362195e+17 0.128201525365 0.520956566904 0.167725503537
23 2.22241763653e+17 0.116095736558 0.670834352377 0.241490818159
