00 1.21334440294e+17 0.200546280604 0.632662438462 0.11979887214
01 1.11174918199e+17 0.186819015643 0.540009308337 0.1829038753
02 1.09982108318e+17 0.169174393329 0.483760067744 0.12586275051
03 1.0959854276e+17 0.149536812288 0.426114434607 0.18540679958
04 1.91978438245e+17 0.13073411864 0.652551429969 0.167888916775
05 3.7814657553e+17 0.117241031858 1.15269166242 0.240440887845
06 6.28788057857e+17 0.117142919197 1.91510978499 0.313985523754
17 6.54077359878e+17 0.179722211515 3.0563579701 0.354307889318
18 3.845646391e+17 0.180954917253 1.80931042362 0.235647183865
19 2.42286605394e+17 0.190902632887 1.20258192296 0.257486192655
20 1.65223829727e+17 0.201608450054 0.866073525806 0.164965274753
21 1.43379327429e+17 0.209223301474 0.779955702442 0.210245654148
22 1.21123209475e+17 0.211856226871 0.667178359792 0.134857835457
23 1.08552641697e+17 0.208713256176 0.589065758195 0.200509948631
