00 3.10291696027e+17 0.118100464016 0.952785425309 0.233110023666
01 3.54779002334e+17 0.116256029385 1.07237515113 0.364024663621
12 1.19191594574e+18 0.180517084311 5.59419097301 0.330950013966
13 8.56013795633e+17 0.180299669759 4.0128141212 0.301992914266
14 6.56563670892e+17 0.189855950651 3.2409655174 0.1949212716
15 4.7262614996e+17 0.200694688044 2.46619250092 0.237507699683
16 3.1079784527e+17 0.208698281819 1.68643738383 0.143358362816
17 2.38331441837e+17 0.211842829028 1.31270897901 0.189384711037
18 1.88706976809e+17 0.209251049356 1.02666545587 0.131216390347
19 1.92263279738e+17 0.200853210711 1.00403412297 0.197584580368
20 1.9471507632e+17 0.18725733079 0.948007461864 0.122582292783
21 1.71730818833e+17 0.169699902615 0.757710284033 0.18196762082
22 1.87660275085e+17 0.150086806166 0.732298614628 0.139720417287
23 2.2832851575e+17 0.131213262164 0.778952964315 0.222228599261
