00 4.23606113389e+17 0.131263826 1.44570813817 0.392177050562
10 8.9947621853e+17 0.183391019319 4.28885237481 0.347773655885
11 7.90716278913e+17 0.179046322641 3.68094589179 0.316085789914
12 6.14450377382e+17 0.187320883105 2.99258407021 0.208616651238
13 4.95528604272e+17 0.198334812488 2.55529489308 0.249954247428
14 4.05150239795e+17 0.20722297449 2.18286738294 0.147631705899
15 3.56966153893e+17 0.211598190007 1.96386819349 0.197536374893
16 3.06535619036e+17 0.21036092169 1.67656099913 0.136535637328
17 2.70119608004e+17 0.203271255774 1.42759635014 0.198315465814
18 2.16203266548e+17 0.190789127334 1.07248004634 0.127336640397
19 1.71943661214e+17 0.17400368866 0.777889613617 0.183238000755
20 1.70334411044e+17 0.154658815586 0.684936674905 0.142079596417
21 1.8559435657e+17 0.135305179541 0.652908821174 0.213317486297
22 2.23786068106e+17 0.119866055963 0.697433187445 0.207907328346
23 3.22145765613e+17 0.115222692674 0.965081066236 0.276607277238
