00 2.42627888024e+17 0.120233239302 0.758470359974 0.207116132015
01 3.23717949001e+17 0.11508863485 0.968662677499 0.33815963838
02 2.61185067597e+17 0.132347175787 0.898744757412 0.586322657353
12 1.15773212036e+18 0.182870392331 5.50458810368 0.355626013963
13 7.91958018515e+17 0.179191938194 3.68972479996 0.309809083423
14 5.23237580009e+17 0.187690741031 2.5533780773 0.201101918352
15 3.68248413811e+17 0.198697742315 1.90242333932 0.242358750701
16 2.65181077815e+17 0.207465645016 1.43041504723 0.14590241467
17 2.35552373533e+17 0.211663576774 1.29630430539 0.191506657023
18 1.99144246569e+17 0.210228431434 1.08851034722 0.132487297857
19 1.74825294934e+17 0.202943965421 0.922473203853 0.194304668488
20 1.51447671125e+17 0.190292711317 0.749304086984 0.122241437788
21 1.5288475884e+17 0.17338543767 0.689207761438 0.181831873532
22 1.60561935862e+17 0.153989182175 0.642844830989 0.142734306628
23 2.23868329912e+17 0.134689574895 0.783970984896 0.219879248606
