09 1.07598518668e+18 0.180596018736 5.05228466424 0.372525708783
10 8.2128088053e+17 0.180245409024 3.8488348141 0.240847138673
11 7.09738365013e+17 0.189764639802 3.50176437494 0.279333324956
12 5.76050506249e+17 0.20061339279 3.00464960841 0.154310793617
13 4.66199377906e+17 0.208650795653 2.52909464946 0.21203271846
14 4.20181829442e+17 0.211839641711 2.31429037326 0.133827601272
15 3.65088198433e+17 0.209296120745 1.98670013521 0.196353671525
16 2.78916646719e+17 0.200944810115 1.45721816793 0.120893934558
17 2.48736947008e+17 0.187387159654 1.21186286002 0.172192183503
18 2.27248436027e+17 0.169855788988 1.00358602234 0.126238754244
19 2.72650886192e+17 0.150249059456 1.06510401947 0.20264187749
20 3.43322491973e+17 0.131354373476 1.17251968166 0.166138530272
21 3.67684593818e+17 0.117561683039 1.1238661116 0.263546872862
22 4.28422969204e+17 0.116776100061 1.30076865153 0.367280660066
