09 1.24311739874e+18 0.190882376881 6.16951929916 0.430500997373
10 9.93770321954e+17 0.178436908778 4.61045791141 0.287571641042
11 7.44720790152e+17 0.183579511027 3.5546024412 0.31043813129
12 5.43013802655e+17 0.194357922695 2.74401490165 0.176640525985
13 4.30972854099e+17 0.204401186717 2.29037543334 0.234607047343
14 3.29088528781e+17 0.21061992562 1.80212763781 0.142878152994
15 2.94090199427e+17 0.211513750484 1.6173071476 0.203500025843
16 2.47819824806e+17 0.206557026144 1.33091207682 0.130918102952
17 2.31005245694e+17 0.195961280452 1.17697017717 0.188194464312
18 2.13222527475e+17 0.180587916572 1.00114071207 0.133573698982
19 1.95971115221e+17 0.161932324394 0.825085513249 0.190905629145
20 1.89157397534e+17 0.142213390378 0.699418585277 0.15558960042
21 2.28943665337e+17 0.124739982587 0.742519149518 0.237105212858
22 3.76351633349e+17 0.115022472008 1.12551127551 0.281794429516
23 4.77352749662e+17 0.123180800411 1.52881803833 0.440966363704
