10 9.18999470508e+17 0.181598729426 4.33911754087 0.331456141188
11 7.99289187569e+17 0.179691766392 3.73426783528 0.309395227719
12 6.25407521669e+17 0.188749552801 3.06918014087 0.203159999018
13 4.88276466377e+17 0.199688667229 2.53508519706 0.24597211481
14 3.58462665593e+17 0.208086937058 1.93937635146 0.146185695573
15 2.98715762176e+17 0.211767380833 1.64471461881 0.193110325047
16 2.55106510892e+17 0.209760178081 1.39129086601 0.135755233742
17 2.42313676858e+17 0.201924383425 1.27215503467 0.199639457663
18 2.13731781837e+17 0.188802018327 1.04917778657 0.122240343016
19 1.8068807712e+17 0.17156819747 0.806008520092 0.181721658221
20 1.58595873769e+17 0.152056039905 0.627001973274 0.143636749624
21 2.00054483329e+17 0.13295042789 0.691530558156 0.212069962531
22 2.54489899447e+17 0.118442056301 0.783699981958 0.218504359814
23 2.81482780001e+17 0.115995764021 0.848921063249 0.281429311775
