121.991459973 32.8042044648
121.894174225 28.6707125688
117.181923345 28.6655889047
117.07244241 32.7988287473
122.294703465 36.1356625197
125.966987929 32.8442421937
125.682357187 28.3801639345
122.015881469 25.3316490048
117.069348487 25.3262938089
113.394943657 28.3668305453
113.097285385 32.830202253
116.758489883 36.1295889873
122.443544726 39.2087727685
127.26613039 36.7464137812
129.616479763 32.6507252785
129.163317094 28.1393945431
126.349014941 24.3792109047
121.992977124 22.2563470558
117.100186603 22.2510715707
112.739129359 24.3645251511
109.915295145 28.1185726707
109.449212824 32.6287967478
111.785823608 36.7294642712
116.598884585 39.2023388746
122.581274332 42.2158324116
128.016652113 40.2370973645
131.68308347 36.7176396767
133.165627032 32.344222985
132.553304207 27.8346366467
130.179653256 23.827705847
126.481039907 20.8415765166
121.954983072 19.2476766317
117.14558104 19.2425121976
112.616018856 20.8266875616
108.910571743 23.8048500523
106.527023375 27.8066030304
105.902122591 32.3147163
107.370342908 36.6911392201
111.023084491 40.2184301247
116.449632433 42.2090610112
122.729626707 45.2010685245
128.628393701 43.5227369345
133.116615258 40.4452511299
135.797126048 36.421991724
136.66146317 31.9409861626
135.897784487 27.4520541161
133.760713958 23.3452310564
130.522973826 19.9485015023
126.471904122 17.5245454819
121.917140551 16.2607209155
117.190477802 16.2556663377
112.633084812 17.5097522873
108.576862786 19.9250499683
105.331584807 23.3148388195
103.184674612 27.4170112374
102.408892965 31.9041363168
103.259078821 36.3867487057
105.924329715 40.4155450014
110.398599592 43.5026532238
116.288665704 45.193934117
122.897402979 48.1809295274
129.224361979 46.6998912785
134.330527315 43.940377507
137.844288926 40.2388539381
139.727276087 35.9611235584
140.117834268 31.4459938628
139.210751465 26.9888908101
137.202147649 22.844502949
134.277614631 19.2327191149
130.61963579 16.3407915499
126.419144368 14.3200871606
121.882739671 13.278810198
117.231681922 13.2738574306
112.69319726 14.3054801506
108.488630515 16.3172630268
104.824699037 19.2014310713
101.89241275 22.8069908804
99.8742310656 26.9470340512
98.955617763 31.4020312716
99.3325658363 35.9177132325
101.200036017 40.1991381622
104.697416683 43.9079432111
109.788909771 46.6784237085
116.106868246 48.1733866173
123.091614727 51.1636936759
129.86046967 49.8160446828
135.501527985 47.2828092278
139.661752297 43.8371537977
142.296690436 39.7759846967
143.530070378 35.3724808824
143.53920891 30.8619198469
142.497238653 26.4449065993
140.555566178 22.2952854477
137.846283753 18.5666368365
134.492052175 15.3952834347
130.616969286 12.899548449
126.354835721 11.1759271292
121.852635351 10.2935288581
117.268403819 10.2886681968
112.764487645 11.1615288837
108.498996934 12.876148281
104.619029811 15.3637287279
101.258485917 18.5280381316
98.5414911066 22.2509787052
96.5906231698 26.3964422881
95.5377695969 30.8110887997
95.5340514288 35.3213793512
96.7523786445 39.7271079078
99.3702457003 43.7934762774
103.512560901 47.247745489
109.13769868 49.7931032453
115.896851598 51.1556805766
123.320181121 54.154558521
130.574695988 52.8969109921
136.728265613 50.5219848924
141.438085961 47.2681886883
144.665533446 43.3926234273
146.537994899 39.1286412577
147.234575628 34.6733116081
146.92689981 30.1908367232
145.759177355 25.8207067016
143.847840783 21.6852923482
141.288887982 17.8951193763
138.167348202 14.5515037484
134.566399477 11.7466943718
130.574791859 9.56187252762
126.291531016 8.06359164327
121.827023571 7.29954223479
117.300499965 7.29476370652
112.834526999 8.04939856116
108.548403184 9.53868033204
104.55264671 11.715159298
100.946377934 14.5124810381
97.8184207269 17.8496246049
95.2519480161 21.6344771914
93.3318774807 25.7658573138
92.1539745734 30.133400064
91.8343253345 34.6149530895
92.5167332011 39.071333968
94.3725187313 43.3387587095
97.5809641004 47.220667196
102.270785058 50.4841811352
108.406547941 52.8723223667
115.650206185 54.1459951386
123.593419099 57.1573652058
131.403330966 55.957490896
138.084109952 53.687974406
143.296147647 50.5699916713
147.016303216 46.8384895712
149.389571182 42.70248274
150.609410749 38.3342055398
150.857035584 33.8731974013
150.281201325 29.434654678
148.997407045 25.1172653068
147.09431665 21.0091196627
144.642014067 17.1915790098
141.700109856 13.7413042901
138.325035514 10.7306566665
134.576180504 8.22665996398
130.520455738 6.28876890329
126.234759185 4.96583305197
121.805909024 4.29283692788
117.328011653 4.28813068717
112.897871747 4.95183024487
108.60965909 6.26580753271
104.550300254 8.19527365939
100.7968159 10.6915386957
97.4162194516 13.695271053
94.4679514646 17.1395412329
92.0084180863 20.9520673308
90.0971087418 25.0562702628
88.8038751515 29.3708937758
88.2170279947 33.80799928
88.4515981532 38.2691247232
89.6558125118 42.639403339
92.0104724642 46.7797509865
95.7091712385 50.5184966751
100.898375748 53.6471678753
107.558632046 55.9310025703
115.355948111 57.1481474303
123.925713762 60.1752870242
132.389607505 59.0068374941
139.640063873 56.7986377625
145.335948514 53.7672567626
149.481667474 50.1374792391
152.254563412 46.1038921896
153.873864173 41.8221405888
154.538304122 37.4144121589
154.407421892 32.9783840907
153.602267688 28.5952446422
152.212505668 24.3357447214
150.304571488 20.2643973153
147.929178681 16.4421717219
145.127866733 12.9279658401
141.93867898 9.77902965601
138.401040598 7.05043960702
134.559735629 4.79371440833
130.467694266 3.05472450235
126.187205418 1.87116562041
121.789257326 1.27000066372
117.351015977 1.26535706922
112.951902556 1.85733290609
108.66914285 3.03198874862
104.573830236 4.76252734101
100.728379636 7.01138728664
97.1858402578 9.7327989733
93.9910825258 12.8753151091
91.1835647367 16.3839100254
88.8012941206 20.2013754515
86.8856911519 24.2688594183
85.4872531544 28.5254575165
84.6720857327 32.9067576904
84.5293925378 37.342167114
85.1796289263 41.7507396921
86.7816506848 46.0351568673
89.5336073405 50.0737347858
93.6547345281 53.7114692488
99.3239552456 56.7544233924
106.550023359 58.9781035002
114.998752472 60.1652772733
124.338104368 63.2111245955
133.591795527 62.0501357449
141.479255872 59.8633532799
147.657231281 56.8736613196
152.176512042 53.3048550941
155.265728037 49.3437474202
157.182548106 45.1344437907
158.150457411 40.7861469761
158.343924742 36.3832076268
157.892600808 31.9934902197
156.890520257 27.6744631665
155.405182094 23.4774061866
153.485178753 19.4502344649
151.166376985 15.6393136017
148.477001135 12.0904936166
145.441961107 8.84947799024
142.086636968 5.96157406849
138.440161063 3.47084560692
134.538064188 1.41870856469
130.424014716 -0.157924143081
126.150332369 -1.22874720794
121.777053098 -1.77211787464
117.369569766 -1.77670830291
112.99521247 -1.2424327427
108.719431188 -0.180454512098
104.602364152 1.3877287782
100.696458157 3.43192930766
97.0455099742 5.91532104781
93.6851583978 8.79654644942
90.6446060461 12.0315776195
87.9492528525 15.5751287169
85.6239684276 19.3815126347
83.6968671505 23.4049002872
82.2036238843 27.5989618975
81.1925395956 31.9158448897
80.7306976129 36.3043740683
80.9115631748 40.7072482264
81.8640418983 45.0568619223
83.761708054 49.2692541268
86.8271842903 53.2357836344
91.3178732628 56.8130887463
97.4639886702 59.8151662941
105.321516569 62.0186857486
114.556206663 63.2001363934
124.862836422 66.2674108826
135.094585525 65.0893935761
143.711165485 62.8844737247
150.375460875 59.8932386517
155.216820863 56.3463137626
158.541815342 52.4271708132
160.66177944 48.2711574117
161.832140549 43.9768015737
162.245301946 39.6174860655
162.040791888 35.2503182902
161.317965919 30.9222443112
160.146851737 26.6741421295
158.576481959 22.5435542739
156.641146543 18.5665126892
154.365170176 14.778732126
151.766731081 11.2163229815
148.861095295 7.9160910365
145.663497634 4.9154394441
142.191762262 2.25186301523
138.468620178 -0.0379732977092
134.523556017 -1.9195486101
130.393927496 -3.36211048397
126.125086554 -4.34044955311
121.769326258 -4.83659170206
117.383684835 -4.84113837727
113.026905759 -4.35401247259
108.756082495 -3.38446447967
104.623608281 -1.95033764051
100.674962457 -0.0767353086994
96.9476368301 2.20566796923
93.4712376357 4.86240208698
90.2685898398 7.85683003147
87.3575733644 11.1514683122
84.7534335587 14.7089154825
82.4713962917 18.4923649158
80.5295425763 22.4657097265
78.95203313 26.5932500816
77.7729113971 30.8389883204
77.0408562574 35.1654457518
76.8253982292 39.5318521968
77.2252041291 43.8914350524
78.3788710543 48.1873588966
80.4776145338 52.3466593812
83.7755633044 56.2714336516
88.5832569897 59.8272083252
95.2085956088 62.8315495111
103.787131952 65.0545794966
113.993972987 66.2551829619
125.552079165 69.3463745973
137.028528668 68.1230971177
146.490767072 65.8569950762
153.637235931 62.8202412575
158.733098471 59.2573680201
162.201446632 55.3508955893
164.425412509 51.2282148956
165.699009481 46.9778752928
166.234166118 42.663319063
166.18004429 38.3323051062
165.640691189 34.0229899864
164.688322135 29.7678207266
163.372733427 25.5960651059
161.727905629 21.5354954988
159.776721418 17.6135308624
157.53447785 13.858008091
155.011665993 10.2976701593
152.216336633 6.9624045373
149.156253331 3.88323039247
145.840934298 1.09201278725
142.283588525 -1.37912337359
138.502855032 -3.49869467542
134.524165315 -5.23705821967
130.380490789 -6.56783867624
126.112240695 -7.46945063031
121.766167428 -7.92652716597
117.393314003 -7.93103955754
113.046258956 -7.48291678063
108.776099441 -6.59005106706
104.629686874 -5.26768843342
100.647558444 -3.5373161626
96.8628237512 -1.42523759533
93.3010451862 1.03895057245
89.9809715139 3.82378861004
86.9158909702 6.89715781577
84.1153650264 10.2271875869
81.5871614303 13.7828471492
79.3392935424 17.5342366061
77.3821695261 21.452604538
75.730950902 25.5101142457
74.408319529 29.6793606962
73.4479688923 33.9326056067
72.899288734 38.2406446577
72.8339178069 42.5711378578
73.3550836896 46.8861020627
74.6107909468 51.1380552351
76.8113861066 55.2639943025
80.2489231326 59.1760573411
85.3047789654 62.747882445
92.4025381841 65.7983045194
101.814523936 68.0840031489
113.256530945 69.332525022
126.496150064 72.4497081279
139.606807909 71.1445577959
150.048397936 68.7662193197
157.638223741 65.6372120581
162.881231123 62.0218971566
166.371637813 58.1015285117
168.583690811 53.9942051103
169.85405059 49.7777708181
170.413102611 45.5057576692
170.417355762 41.2171882826
169.973366341 36.9424535467
169.153865477 32.7068851325
168.008381854 28.5329955356
166.570273433 24.4419389927
164.861482268 20.4545039275
162.895867176 16.5918098987
160.681666601 12.8758021837
158.223453392 9.32958842239
155.523821759 5.97762992458
152.584963504 2.84577819869
149.410224618 -0.0388676894233
146.005670226 -2.64831491368
142.381617879 -4.95427168674
138.55402659 -6.92899767953
134.545561866 -8.54639386624
130.386116642 -9.78327025005
126.112581041 -10.6206773717
121.767740643 -11.0451422536
117.398339849 -11.0496300327
113.052536114 -10.6340738937
108.777127645 -9.8053802033
104.614999029 -8.57690790325
100.603169684 -6.96751366835
96.7716745755 -5.00031936633
93.143317387 -2.70138058422
89.7341783026 -0.098416260949
86.5546703093 2.78028546532
83.6109235145 5.90672266401
80.9063166089 9.25377933208
78.4430413575 12.7955836151
76.223658677 16.5076542361
74.2526729009 20.3668672058
72.5382139356 24.3512674666
71.0939827863 28.4397353177
69.9416984259 32.6114956086
69.114404213 36.8454261547
68.6611806144 41.1190736507
68.6541101978 45.4072064974
69.1987961989 49.6795980806
70.4503340041 53.8974945597
72.6370292322 58.0078069132
76.0926346314 61.9334248239
81.287995157 65.5574412582
88.8157329547 68.7003768811
99.1880588436 71.0998456098
112.247848872 72.4336469108
127.866016375 75.5779041406
143.200460518 74.13775311
154.738463213 71.5823143876
162.644253236 68.3107312591
167.850289076 64.609420672
171.191416545 60.6536458343
173.246644356 56.5483369088
174.39221617 52.3586367765
174.870928294 48.127507883
174.841256985 43.885374045
174.408160718 39.6554686469
173.641918141 35.4569118109
172.589736327 31.3065661491
171.283051931 27.2202167137
169.74225045 23.2133645867
167.979822241 19.3017908178
166.002569048 15.5019758757
163.813242867 11.8314189001
161.411864378 8.30887564135
158.796887475 4.95451644336
155.96632416 1.78999225808
152.918904209 -1.1616139129
149.655305672 -3.87598026718
146.179448186 -6.32791700686
142.499787957 -8.49194274411
138.630493858 -10.3430789951
134.592329528 -11.8578468905
130.413036109 -13.0154102492
126.127028103 -13.7987640818
121.774297316 -14.1958297739
117.398562425 -14.2003029835
113.044870361 -13.8121196642
108.756994075 -13.0374609188
104.575025649 -11.8882958193
100.53351148 -10.3815400347
96.6603392106 -8.53796405211
92.9764174124 -6.38100494491
89.4960454639 -3.93562104699
86.2277871266 -1.22729138536
83.1756422753 1.71878335357
80.3403406501 4.87826172934
77.7206358158 8.22803636368
75.3145369339 11.7464305188
73.1204692488 15.4132493046
71.1383984407 19.2097157646
69.3709923553 23.1183146553
67.8249332937 27.1225562077
66.5125458088 31.2066588735
65.4539846625 35.3551326627
64.6803604103 39.5522195621
64.2384087761 43.7811071744
64.1977092195 48.0227612435
64.6621549367 52.2540921166
65.7885590612 56.4449183219
67.8170804395 60.552694955
71.1198167639 64.5130167826
76.2697572326 68.2222726032
84.0955780194 71.5074681544
95.5337079018 74.0853879397
110.786403716 75.5586500183
130.028152964 78.7283369047
148.503670562 77.0671432064
161.115378539 74.2492551532
169.009852474 70.7840423114
173.862106189 66.9709979536
176.807999594 62.9675396599
178.521433996 58.8588609778
179.399913819 54.6945856846
179.684301069 50.5062119147
179.525255193 46.3155937994
179.019628735 42.1392907512
178.230886646 37.9909388467
177.200956147 33.8826292769
175.957350938 29.8257649806
174.517606024 25.8316317891
172.892137501 21.9118077186
171.086160639 18.0784769455
169.101041673 14.3446841537
166.935316909 10.7245468166
164.585532895 7.23343098622
162.047015089 3.88808700831
159.314643696 0.706733610031
156.383694063 -2.2909285847
153.250778242 -5.08379966443
149.914898238 -7.64958945371
146.378586158 -9.96518414967
142.649060725 -12.0071961341
138.739277284 -13.7527074952
134.668700743 -15.1801916501
130.463606292 -16.2705614495
126.156732915 -17.0082522146
121.786194063 -17.3822152181
117.39368346 -17.3866844737
113.022170018 -17.0215975332
108.713403076 -16.2926001744
104.505599106 -15.2106341666
100.431633221 -13.7911768486
96.5179328762 -12.0532510564
92.7841151864 -10.0183424978
89.2432747147 -7.7093496253
85.9027478577 -5.1496584183
82.7651585609 -2.36239457259
79.8295738935 0.630130587954
77.0926454276 3.806790559
74.5496647262 7.14785580994
72.1955072149 10.6350788079
70.0254742559 14.251682282
68.0360694574 17.9822764192
66.2257661209 21.8127241081
64.5958438476 25.7299659654
63.1514007826 29.7218089354
61.9026936452 33.7766731465
60.8670363382 37.8832798351
60.0716275372 42.0302452519
59.5579313636 46.2055150998
59.388708138 50.3955179388
59.6596977868 54.5838054259
60.5197332748 58.7487172115
62.2065610049 62.8591054576
65.1122072424 66.8660103885
69.9009562182 70.6855598497
77.6937047166 74.1630256309
90.1555165521 77.0039079115
108.484062454 78.7040794424
119.109523814 82.0723226941
147.906561048 80.8587158047
165.655146893 77.8844298948
175.05502987 74.1154102213
180.090792951 70.0043970919
182.813277095 65.7344643754
184.203892208 61.3877382361
184.761344396 57.0066332004
184.757776631 52.6162557972
184.350844091 48.2334951719
183.63603432 43.8711304322
182.672850308 39.539879188
181.498758809 35.2495194439
180.137032835 31.009564844
178.601371846 26.8297134203
176.898740928 22.720177629
175.031191165 18.6919510034
172.997087553 14.7570401967
170.791997911 10.9286762299
168.40940494 7.22150892103
165.841354562 3.65178056336
163.079126719 0.237467299715
160.113998247 -3.00163148845
156.938152859 -6.04388416599
153.545773588 -8.86593510035
149.934321475 -11.4429734864
146.105955569 -13.7492070565
142.068982204 -15.7585761665
137.839143736 -17.4457204405
133.440488462 -18.7871698565
128.905537273 -19.7626777515
124.274513996 -20.3565558665
119.593553811 -20.5588302419
114.912026054 -20.3660323974
110.279337262 -19.7814849057
105.741728083 -18.815027884
101.339579496 -17.4822376134
97.1055987387 -15.8032766428
93.064026727 -13.8015605015
89.2307856914 -11.502422794
85.6143362764 -8.93191974035
82.2169598132 -6.11585799308
79.0362063144 -3.0790749298
76.06631658 0.155040054347
73.2995047071 3.56481840778
70.7270547177 7.13042369144
68.340234184 10.8338446577
66.1310596142 14.6588072201
64.0929682371 18.590633907
62.2214654001 22.6160706775
60.5148332212 26.7230928376
58.9750126482 30.9006941715
57.6088192897 35.1386555262
56.4297431953 39.4272793362
55.4607526143 43.757061822
54.7388515813 48.1182484898
54.322807077 52.5001671182
54.306873843 56.8901224336
54.8465177481 61.271382886
56.209725367 65.619154446
58.8867054528 69.8916942592
63.8402541912 74.0084753647
73.0805209354 77.7906419865
90.5397004167 80.7963894059
143.705413196 84.5643771687
172.119106498 81.4473091242
182.946783916 77.3184506002
187.555156424 72.9029752201
189.602672541 68.3848356677
190.377547535 63.8273522837
190.424738639 59.2591924195
190.008447492 54.6965616156
189.269449181 50.1505032235
188.287580278 45.6297859588
187.109709845 41.142230057
185.763471286 36.6954052078
184.264509961 32.2970522727
182.620536087 27.9553773229
180.833702301 23.6792866466
178.902060918 19.4785967512
176.820502751 15.364236775
174.581407729 11.3484515383
172.175151834 7.44500715602
169.590572256 3.66939543683
166.815472626 0.0390269127562
163.837241453 -3.42660552632
160.643651706 -6.70582018558
157.2239007 -9.77473650742
153.569928722 -12.6074123261
149.678013103 -15.176188355
145.550563898 -17.4523008833
141.197947099 -19.4068096279
136.640045635 -21.0118513078
131.907173844 -22.2421676024
127.039944133 -23.0767753555
122.08780056 -23.5005679197
117.106197853 -23.505591488
112.152755309 -23.0917594254
107.283021964 -22.2668603326
102.546613757 -21.0458581488
97.984364342 -19.4496257752
93.6268269992 -17.5033479273
89.4941135401 -15.2348497431
85.5967893259 -12.6730637717
81.9374241207 -9.84676936993
78.512412979 -6.78365749863
75.3137748604 -3.50971144514
72.3307523552 -0.0488570643333
69.5511367158 3.57717833113
66.9623136343 7.34885849513
64.5520675198 11.2487333644
62.3092030936 15.2612762418
60.2240520998 19.3726910819
58.2889380623 23.5707081092
56.4986805663 27.8443780853
54.8512401711 32.1838691394
53.348646851 36.5802643841
51.9984390238 41.0253522685
50.8160086293 45.5113925681
49.8285939334 50.0308245941
49.082409737 54.5758503108
48.6561335199 59.1377470348
48.6883161125 63.7055662515
49.4384465798 68.2633110592
51.4401385297 72.7828319523
55.9493609337 77.2023511819
66.5142852843 81.3438608934
94.212952581 84.5099822857
117.75484479 87.9563658408
184.680700261 84.8602616575
194.490606152 80.2887611447
197.008714317 75.5893159768
197.53913168 70.8640031202
197.24433493 66.1374460633
196.517640505 61.4204686245
195.525754352 56.7200495
194.349058866 52.0419169041
193.029031213 47.3914684831
191.587312403 42.774189171
190.034366727 38.1958925109
188.373776547 33.6628961175
186.604514176 29.1821753787
184.722201225 24.761515612
182.719832156 20.4096731817
180.588206723 16.1365514959
178.316209494 11.9533949611
175.891025312 7.87300138562
173.298358431 3.9099500529
170.522717379 0.080838006025
167.547830334 -3.59548976168
164.357262359 -7.09774018158
160.93531073 -10.4020389112
157.268250092 -13.4819166314
153.345974233 -16.3084839345
149.164021956 -18.8508765488
144.725869114 -21.0770532006
140.045217352 -22.9550055422
135.147839729 -24.4543823048
130.072419994 -25.5484350626
124.86984143 -26.2160754126
119.600622038 -26.443730862
114.330645657 -26.2266510905
109.125858287 -25.5693862227
104.046952076 -24.4853288076
99.1450637881 -22.9954232373
94.4591677675 -21.126318149
90.0153248055 -18.908309826
85.827491885 -16.373391047
81.8993515142 -13.5536182249
78.2265959119 -10.479891929
74.7992225759 -7.18115034838
71.603567961 -3.68391712523
68.6239583578 -0.0121214554128
65.8439636275 3.81289148565
63.2472996475 7.77222924456
60.818450919 11.8492528679
58.5430895939 16.0293469459
56.4083623962 20.29968315
54.4031103369 24.6489917523
52.5180831809 29.0673487169
50.7462160814 33.5459812266
49.083056326 38.0770912248
47.5274764863 42.6536939512
46.0829145813 47.269465646
44.7596089876 51.9185900782
43.5788171495 56.5955840712
42.581304522 61.2950589152
41.8459868173 66.0113099122
41.536109493 70.7374185855
42.0351024405 75.4627383418
44.4672194053 80.1633434705
53.8776359754 84.7421109721
226.563285115 87.5214112282
213.380811608 82.7486731532
209.548035137 77.9178884462
207.070711373 73.0855862197
205.031089515 68.2609768972
203.174635411 63.4490373902
201.399788552 58.6539350015
199.655680879 53.8797567711
197.912006894 49.1307690583
196.147872952 44.4115601338
194.346964068 39.7271511827
192.495176287 35.0831032507
190.579329162 30.4856316762
188.586395455 25.9417343866
186.502998368 21.4593385655
184.315059763 17.0474693498
182.007546113 12.7164435169
179.564293471 8.47809006435
176.967915772 4.34599767595
174.199819935 0.335785732421
171.240370264 -3.53461001668
168.069264639 -7.24465469118
164.666204616 -10.7709648269
161.01195573 -14.0871402635
157.089892788 -17.1637473841
152.888090937 -19.96854709
148.401934987 -22.4670783877
143.637058466 -24.623707062
138.612193682 -26.4032108123
133.361267301 -27.7728813723
127.933930768 -28.7049799304
122.393828057 -29.1792158315
116.814372294 -29.1847973819
111.272541189 -28.7216061437
105.841902772 -27.800210366
100.586377882 -26.4407141537
95.5559633125 -24.6707213975
90.7849432524 -22.5228611856
86.2923751412 -20.0323274581
82.0841589517 -17.2347664463
78.1558783977 -14.1646792576
74.4957435693 -10.854361766
71.087210568 -7.33331183159
67.911085077 -3.627994738
64.9470795628 0.23814428155
62.1748835735 4.24451431663
59.5748415918 8.37313039585
57.1283349359 12.6083309343
54.8179502296 16.9364917544
52.6274974087 21.3457544912
50.5419202144 25.8257784216
48.5471230986 30.3675191577
46.629719337 34.9630342649
44.7766823506 39.6053139359
42.9748481392 44.2881337787
41.2101546228 49.0059260769
39.4663733549 53.7536650471
37.7227834561 58.5267597941
35.9494373783 63.3209436453
34.0962782969 68.1321330647
32.0638798464 72.9561735922
29.60486693 77.7881347773
25.8390177891 82.6190540981
13.4252988285 87.3968309037
300.646974801 86.5246140899
243.770049767 84.0330852781
226.335340887 79.6352386259
218.652868856 74.9206362216
213.963951226 70.1202972638
210.528293103 65.292190262
207.718270778 60.4588400551
205.252765982 55.632149935
202.985467771 50.8201181447
200.830931313 46.0291975789
198.734180471 41.2653049028
196.65661017 36.5343361693
194.568799258 31.8424834223
192.44654612 27.1964692378
190.268525141 22.6037519095
188.014811443 18.0727281587
185.665899457 13.6129488753
183.202023786 9.23535774438
180.602687742 4.95255900358
177.846363163 0.779117110243
174.910366497 -3.26811364287
171.770951471 -7.16963889647
168.403692673 -10.9029742752
164.784266642 -14.4423339955
160.889761116 -17.7584206878
156.700643287 -20.8184099762
152.203467617 -23.5862563079
147.394267951 -26.0234701238
142.282329023 -28.0905099157
136.89368263 -29.7488682243
131.273325774 -30.9637858641
125.485023192 -31.7073116731
119.60787908 -31.9611995272
113.729724304 -31.7190152905
107.938491605 -30.9869212747
102.313566503 -29.7829250117
96.9191118624 -28.1347965838
91.8005629189 -26.0771820288
86.9843634075 -23.648540681
82.4801414281 -20.888419041
78.2841888877 -17.8353492056
74.3832354771 -14.5254417554
70.7578539272 -10.9915963464
67.3851846774 -7.26318713785
64.240920343 -3.36607266959
61.3006285608 0.677197013605
58.5405436122 4.8470702842
55.937957823 9.12664419357
53.4713200416 13.5013138193
51.1201162968 17.9584419165
48.8645737909 22.4870584169
46.685194135 27.077591866
44.5620806321 31.7216301165
42.4739669048 36.4117041091
40.3967587181 41.1410849998
38.3012213104 45.9035793296
36.1490741157 50.6932957945
33.8859246418 55.5043319407
31.4274398854 60.3302664999
28.6296131999 65.1631706087
25.2167061662 69.9913069269
20.5760012156 74.7926189148
13.0206059494 79.5108717515
356.069930165 83.9251789212
277.317770011 83.409173758
247.148474433 80.3937067052
232.480405252 76.1967879912
224.197875632 71.6159125696
218.686203501 66.8850564028
214.558141615 62.0881586322
211.198066315 57.2628164044
208.294717595 52.429316215
205.673296826 47.6005382142
203.226702456 42.7859388534
200.884092114 37.9933858135
198.595155712 33.2301154676
196.321632831 28.5033009379
194.032427885 23.8204400723
191.700624719 19.1896623762
189.301557875 14.6200064685
186.811502135 10.1216976686
184.206747369 5.70644426525
181.46293953 1.38776447317
178.554639881 -2.81864928416
175.455107606 -6.89452860568
172.136358432 -10.8185994436
168.569599461 -14.5661495207
164.726187414 -18.1086414497
160.579293565 -21.4134540189
156.106459144 -24.4438776075
151.293146633 -27.1595359883
146.137178261 -29.5174375496
140.653561672 -31.4738407939
134.878672972 -32.9870086992
128.872298938 -34.0206958236
122.716003217 -34.5478916367
116.507027355 -34.5540580348
110.348424685 -34.0390340614
104.337688368 -33.017057987
98.556821304 -31.5149000631
93.0661377076 -29.568645829
87.9025324906 -27.219954661
83.0814560904 -24.5125602116
78.6010669185 -21.4894966994
74.4470560083 -18.19121365
70.5971016512 -14.6545083041
67.024443152 -10.9120921102
63.7004581822 -6.99258796185
60.5963460253 -2.92078494588
57.6840998134 1.28197642676
54.9369515797 5.59737185954
52.3294383374 10.0096630414
49.8371905323 14.5052949701
47.4364966054 19.0725306908
45.1036500238 23.7011234693
42.8140323958 28.3820198964
40.5408157698 33.1070820577
38.2530550807 37.8688104335
35.9127397684 42.6600383203
33.469976914 47.473547038
30.8546405238 52.3015047331
27.9609180133 57.1345238825
24.6164864216 61.959861076
20.5152704393 66.7575230653
15.0537904593 71.4906213147
6.87739902198 76.0772377767
352.46854407 80.2904777973
322.869295202 83.3588780267
300.000232409 81.2698301631
268.599607515 79.9583179352
248.016937716 76.733256087
235.688469019 72.6338086933
227.689523127 68.1522659242
221.970162898 63.4883054003
217.537391613 58.7309093817
213.878798448 53.9252377113
210.708028558 49.0972470845
207.852699413 44.263711518
205.201809073 39.4367563331
202.679260134 34.626121909
200.229629746 29.8404073511
197.810053652 25.0878268266
195.385335838 20.3767255047
192.924842714 15.7159790874
190.400426932 11.115344504
187.784971187 6.58580195229
185.05132783 2.13991424422
182.171539166 -2.20777904934
179.11629694 -6.4403219752
175.854659645 -10.5378545896
172.354105437 -14.4770873918
168.581062468 -18.2307682239
164.502124907 -21.767204261
160.086215481 -25.049948938
155.307953886 -28.0378251585
150.152363647 -30.6855209639
144.620705736 -32.9450320697
138.736608124 -34.7681830444
132.550866312 -36.1102694464
126.142710045 -36.9344974623
119.615596096 -37.2164390893
113.087124731 -36.9474022272
106.675062823 -36.1357108901
100.483319178 -34.8054791651
94.5917417136 -32.9932779167
89.0517735251 -30.7436909102
83.8876138548 -28.1048642753
79.1009641254 -25.1248410836
74.6771484232 -21.8490143817
70.5909658759 -18.318662662
66.8114272291 -14.5703383732
63.305152975 -10.6358348554
60.0385605986 -6.54249418707
56.9790991393 -2.31368309172
54.095792679 2.03067419043
51.3593025197 6.47356958404
48.7416513841 11.0004224197
46.2156888788 15.5986386226
43.7543182844 20.2572155718
41.3294447853 24.9663821202
38.9105322634 29.7172564653
36.4625481412 34.5014961896
33.9428931443 39.3109007997
31.2965736718 44.1369002098
28.4482013672 48.9698073255
25.287987009 53.7975925794
21.6457244401 58.603659127
17.2392075066 63.3623983209
11.564504799 68.0293938618
3.64711588893 72.5174243054
351.477112953 76.6314219984
331.179515925 79.8908894994
286.545694956 78.4495490951
263.799664707 76.4241329657
248.054219444 73.0680623804
237.457697702 69.0145322731
229.956558256 64.6007342013
224.294985599 59.9915705936
219.766129333 55.2718628234
215.962413057 50.4890412958
212.636906149 45.6720856568
209.631746501 40.8403490279
206.84049909 36.0079633427
204.187527703 31.186205133
201.616154199 26.3848671522
199.081536247 21.6131245663
196.54617748 16.8801393693
193.97695818 12.1955329246
191.343072741 7.56980120764
188.614527332 3.01471927503
185.761003919 -1.45623351715
182.750993597 -5.82740515774
179.551174618 -10.0804447258
176.126077518 -14.1937132043
172.438153568 -18.1416421632
168.448449403 -21.8940781028
164.118185455 -25.4156943829
159.411612079 -28.6656190339
154.30050911 -31.5975142292
148.770483525 -34.1604337009
142.828655894 -36.3008280253
136.511340522 -37.9659757714
129.889157513 -39.1087927911
123.066418534 -39.6933991703
116.172619955 -39.7002006368
109.346777083 -39.128978119
102.718796408 -37.9989240936
96.393685079 -36.3456125479
90.4428601862 -34.2159455107
84.9033721792 -31.6625809701
79.7829222163 -28.7390970236
75.0675166178 -25.496527422
70.7291730769 -21.9813266328
66.7322572842 -18.23449083
63.038022913 -14.2914650259
59.6075013051 -10.1825082699
56.4031046383 -5.9332789959
53.3893175624 -1.56549045069
50.5327770495 2.90244696341
47.8019454589 7.45483500568
45.1664949028 12.0781598434
42.5964469741 16.760622474
40.0610448914 21.4917127589
37.5272630942 26.2618048808
34.9577635534 31.0617430008
32.307957428 35.8823711256
29.5215678001 40.7139336365
26.5235996917 45.5452186347
23.2086673164 50.3622047518
19.4206839842 55.1457321631
14.9158462163 59.8671744138
9.292312162 64.4797854917
1.85398265036 68.9001593728
351.363987879 72.9664688168
335.788775755 76.3479094176
313.22656446 78.4196047256
299.841894868 76.2034960317
278.151334691 75.3065971458
260.574159996 72.8558420678
247.745230745 69.401550671
238.44634772 65.3666123916
231.4613237 60.9976309007
225.96848447 56.4308403155
221.454931506 51.7437854633
217.599072182 46.9832176073
214.192895586 42.1792543594
211.096386513 37.3527104401
208.211141525 32.5190691488
205.464793943 27.6907566167
202.801522335 22.8785295699
200.176046351 18.0923881612
197.549668298 13.3422334263
194.887541999 8.63839354158
192.156693879 3.99209424859
189.324517916 -0.584076813134
186.357586864 -5.07567612313
183.220706378 -9.46585362893
179.876210642 -13.7347262491
176.283574976 -17.8586675397
172.39951583 -21.8095254188
168.17886866 -25.5538157441
163.57667158 -29.0520006007
158.551994032 -32.2580544324
153.074024948 -35.1196465812
147.130573808 -37.5793945767
140.738198272 -39.5776838288
133.951597858 -41.0573605736
126.868264202 -41.9700470579
119.624073328 -42.2829514883
112.3780386 -41.9842746787
105.28944895 -41.0853152505
98.4949118597 -39.618453244
92.0928775624 -37.6317983621
86.1389899997 -35.1823883097
80.6505763273 -32.3298462073
75.6159826137 -29.1316454177
71.0047178476 -25.6402498003
66.7760054326 -21.9018306483
62.8849266407 -17.9560656821
59.2862953821 -13.836563416
55.9367752578 -9.57158127764
52.7957796689 -5.18483181146
49.8255859663 -0.69626636715
46.9909571804 3.87721258564
44.2584442081 8.52112301514
41.5954459235 13.222851103
38.9690275712 17.9711562717
36.3444259732 22.7557066449
33.6830865 27.5666094797
30.9399574276 32.3938873304
28.059573388 37.2268255048
24.970121566 42.0530684196
21.5740712317 46.857248817
17.732811796 51.6187454543
13.2406490997 56.3077736406
7.77988747536 60.8781789259
0.844153451014 65.2535315094
351.621770613 69.2997280689
338.906114305 72.7740376919
321.463036128 75.2587530768
290.153307426 73.5305344996
272.42640082 72.0033323975
258.154681798 69.2685650671
247.279960066 65.7343149858
238.98120204 61.7027894433
232.474013264 57.3627943734
227.191379214 52.8279751431
222.751812089 48.168063662
218.900052125 43.4276777892
215.461884318 38.6368801267
212.314717682 33.8171237807
209.369112319 28.9847020007
206.557135703 24.1528384263
203.824867108 19.3330247578
201.127421893 14.5359374693
198.425519827 9.77212206708
195.683008656 5.05255797246
192.864984004 0.389176881012
189.93628799 -4.20461413252
186.860263406 -8.71336530608
183.597714905 -13.1189406798
180.106103382 -17.3997738866
176.339092324 -21.5300113739
172.246691598 -25.4785562261
167.776415251 -29.2080739912
162.876073036 -32.6741074779
157.498979185 -35.824583159
151.612298945 -38.6001734
145.208619903 -40.9361520713
138.31924407 -42.7663992352
131.025191166 -44.0298346784
123.459743562 -44.6786134337
115.79713358 -44.6861280353
108.227453142 -44.0520777021
100.925613659 -42.8025289969
94.0260077399 -40.9849415576
87.6108548592 -38.6602003906
81.7124807261 -35.8943980364
76.3242021662 -32.7523492284
71.4136221444 -29.2935321798
66.9342648446 -25.5701915001
62.833998267 -21.6269501229
59.0603071718 -17.5012897518
55.5631303929 -13.2244312244
52.2960481696 -8.82232848195
49.2164438008 -4.31662670082
46.2850605876 0.274478276901
43.465202956 4.93549317074
40.7217030213 9.65298167599
38.0196807266 14.4149957875
35.32305078 19.2105522105
32.5926553262 24.0291146432
29.7838077011 28.8600310866
26.8428930671 33.6918541108
23.7024449809 38.5114324502
20.2737353571 43.3025881447
16.4352717693 48.0440527966
12.0145553555 52.7060661342
6.75902006905 57.2445192782
0.291315757858 61.5905597029
352.05016759 65.6320731374
341.25635908 69.1827918296
327.083096793 71.9438894696
309.434534011 73.5088369274
299.769136945 71.2705773625
283.012207715 70.580005622
268.228739761 68.608735521
256.218250504 65.6682461109
246.747381373 62.0661955554
239.240941242 58.0295048037
233.160633053 53.7077183494
228.098002627 49.1967723747
223.762248278 44.5590373845
219.948453632 39.8363822591
216.510348931 35.0581113309
213.34094782 30.2457502142
210.359503453 25.4159889154
207.502790533 20.5825567657
204.719199194 15.7574766662
201.964625203 10.9519601715
199.199500634 6.1771013876
196.386544578 1.44447034332
193.488964629 -3.23332494072
190.468940334 -7.84205529596
187.28629462 -12.3652226061
183.897328317 -16.7833092472
180.253875445 -21.0728932468
176.302754196 -25.2056117256
171.985963823 -29.1469869725
167.242227771 -32.8551951688
162.010789808 -36.2799795437
156.238612707 -39.3621080015
149.891980423 -42.0340409892
142.972365943 -44.222710364
135.533694903 -45.8552549725
127.694201591 -46.8678263284
119.633694254 -47.2159993514
111.570637827 -46.8835595658
103.723964144 -45.8860329939
96.2746864996 -44.2673044091
89.3425350047 -42.0909106551
82.9827980528 -39.4296249893
77.1979504531 -36.3565916075
71.9548849659 -32.9395176857
67.2008571485 -29.2378362007
62.8751926889 -25.302001308
58.9165766854 -21.1740121561
55.2669136826 -16.8884930635
51.8729107509 -12.4739246031
48.6862973483 -7.95382023607
45.6632888291 -3.34776644399
42.7636486534 1.32768902616
39.949527517 6.058283843
37.1841393376 10.8313913943
34.4302509885 15.6354367343
31.648393536 20.4593348002
28.7946283852 25.2918988413
25.8176022707 30.1211504544
22.6544756638 34.9334316977
19.2250765213 39.7121633384
15.423275435 44.4359913671
11.1040827599 49.0758808153
6.06448240895 53.5903935808
0.0164024999189 57.9178589022
352.554909657 61.9634762563
343.144776738 65.5794618321
331.208594313 68.5412093892
316.495388976 70.5427315561
292.096172575 68.6871963324
277.57880077 67.4534605576
264.982594975 65.1557374339
254.605739597 62.0576318739
246.194502029 58.3968650649
239.331010901 54.3502669846
233.628059393 50.0394228711
228.780930511 45.5462758214
224.562873435 40.9266024141
220.807207268 36.2193507193
217.390327797 31.4526803117
214.218681625 26.6478169394
211.21943067 21.8215450657
208.333869854 16.9878688053
205.512744964 12.1591702232
202.712836276 7.34706967082
199.894365684 2.56311945446
197.018925345 -2.18057998894
194.047723651 -6.87077546437
190.940015769 -11.4924138055
187.651646981 -16.0279031523
184.133705239 -20.4562364019
180.331376309 -24.7519354645
176.183250128 -28.88379048
171.621577002 -32.8134089181
166.574346949 -36.4936802987
160.970537314 -39.8674386653
154.750235233 -42.8668998685
147.881004149 -45.4148440145
140.379766363 -47.4288215988
132.334731726 -48.8294200311
123.915927149 -49.5522262126
115.361494706 -49.5605694676
106.936800514 -48.8540299368
98.8811429719 -47.4685424971
91.3663519594 -45.4680415282
84.4824432682 -42.9317534545
78.2477285915 -39.9421733759
72.6306326984 -36.5767031669
67.5716603976 -32.9033627091
62.9999087048 -28.9795542718
58.8433192571 -24.8525984874
55.0340168398 -20.5610624567
51.510443883 -16.1362948338
48.2176468123 -11.6038804907
45.1065974991 -6.98490614323
42.1330555186 -2.29702063515
39.2562243296 2.44468484359
36.4372975722 7.22693543813
33.637893754 12.037623972
30.8183091213 16.8652061326
27.9354575695 21.6980855937
24.9402956101 26.5239235884
21.7744334973 31.3287846043
18.3654947147 36.0959883839
14.6205952007 40.8044660967
10.4170947004 45.4262959376
5.58968008013 49.9228942584
359.913464386 54.2390477374
353.086007036 58.293678716
344.722048883 61.966477149
334.402867963 65.0822644921
321.865953729 67.4047624346
307.389013814 68.6699942619
299.726625701 66.4267422343
285.970585105 65.8606607673
273.312897622 64.2087358741
262.374513918 61.6617931696
253.229772099 58.4381751772
245.648553568 54.7260229608
239.317655494 50.6671304381
233.94810666 46.3624215747
229.305910908 41.8826485394
225.210625035 37.277804641
221.524833314 32.5839689323
218.143204176 27.8279657587
214.983526951 23.0304847184
211.979919115 18.2081889188
209.077790408 13.3751786054
206.230084338 8.54405304282
203.394397251 3.72673113755
200.530672269 -1.06485968381
197.599246153 -5.81814659315
194.559088987 -10.5192625273
191.366127204 -15.1523280517
187.971592354 -19.6986074296
184.320409655 -24.1354810868
180.349760397 -28.4351788494
175.988165067 -32.5632350461
171.155800307 -36.4766794323
165.767337584 -40.1221056891
159.73933381 -43.4340200456
153.004742781 -46.3343202096
145.536361923 -48.7343434778
137.377073368 -50.5412990865
128.666468333 -51.6702206577
119.645002173 -52.0599457198
110.619920666 -51.6877274028
101.899291294 -50.5753473609
93.7256130876 -48.783257342
86.2408392904 -46.3960822477
79.4897924904 -43.5065973231
73.4465095629 -40.2036543343
68.0445539169 -36.5656315636
63.2006631422 -32.65830741
58.8294500126 -28.5353420476
54.8509252169 -24.2399151335
51.1934138485 -19.806657065
47.7939127868 -15.2634633166
44.5971923575 -10.633045939
41.5543659764 -5.93420639997
38.6212810125 -1.1828679901
35.7568685879 3.60707674535
32.9214684625 8.42304573625
30.0750728309 13.2531177901
27.1753808007 18.085396431
24.1755049017 22.9073235312
21.0211095681 27.7048635899
17.6466813433 32.4614501965
13.9705336636 37.1565359276
9.88806790753 41.7635055223
5.26287101707 46.2465891704
359.915810013 50.5562524336
353.614423887 54.6224179643
346.071042286 58.3451171322
336.972175288 61.5837750074
326.083079239 64.1514266529
313.466293889 65.829983907
293.330286955 63.8987654884
281.016385101 62.8594804706
269.873168199 60.8800808963
260.221649436 58.1370000758
252.038571521 54.8107624809
245.126627246 51.0534656324
239.244811103 46.981408166
234.17099504 42.6797829215
229.721086163 38.2102742212
225.748862297 33.6178427045
222.139544703 28.9358547192
218.802539436 24.1897265073
215.665126228 19.3994674172
212.667421686 14.5814672449
209.758459333 9.74978504761
206.893117105 4.9171204885
204.02963521 0.0955947755211
201.127510363 -4.70256619972
198.145595376 -9.46437366486
195.040269925 -14.1753788474
191.763583374 -18.8188741204
188.261316263 -23.3749250663
184.470986344 -27.8191592485
180.319979415 -32.121235026
175.724284871 -36.242930892
170.588865606 -40.1358650201
164.811595635 -43.7390380381
158.293894833 -46.9767866385
150.961988142 -49.7584306606
142.801030584 -51.981786056
133.896705978 -53.5430984435
124.464566665 -54.3542931567
114.83739058 -54.3636357682
105.396818486 -53.570524753
96.4776813044 -52.0256769108
88.2985352455 -49.8165864111
80.9477814735 -47.0468792492
74.4123883376 -43.8189195791
68.6194914592 -40.2237088606
63.4707914392 -36.3372555451
58.8640944742 -32.2208684604
54.7041436687 -27.923182808
50.9066690875 -23.4826169957
47.3988130379 -18.9296605067
44.1178887593 -14.2887936377
41.0095183966 -9.58002685923
38.0256394679 -4.82011850659
35.1225649236 -0.0235473754368
32.2591252145 4.79668543483
29.3948403427 9.62835795762
26.4880237503 14.4593692468
23.4936847638 19.2770580082
20.3610596857 24.0674255112
17.0305587602 28.8141708959
13.4298729404 33.4974129832
9.46897042366 38.0919192783
5.03381927119 42.564587125
359.979141031 46.8708340756
354.12191369 50.9495123811
347.240912968 54.7161646179
339.095084366 58.0554174794
329.484567413 60.816118195
318.379169195 62.8182088851
306.088877363 63.8844394821
299.698273284 61.6340829778
287.987387205 61.1525048771
276.950519089 59.7292077552
267.040371429 57.4887522449
258.411147823 54.5876516043
250.99980737 51.1760309337
244.64033245 47.379113874
239.143118966 43.294043246
234.333232738 38.9937352824
230.062836628 34.5324313811
226.211508679 29.9507180586
222.68218255 25.2794464408
219.396195667 20.5426200147
216.288739476 15.7594845108
213.30504437 10.9460498878
210.397262544 6.1162276463
207.521895864 1.28272038279
204.637596437 -3.54223413106
201.703179261 -8.34618421759
198.675704186 -13.1157822419
195.508502195 -17.836033074
192.149042895 -22.4894017312
188.536580482 -27.0546973462
184.599605923 -31.5056356305
180.253336294 -35.8089717064
175.397903673 -39.9221107985
169.918750616 -43.79019552
163.692198952 -47.3429371138
156.601137796 -50.4920709401
148.566934782 -53.131423659
139.599867526 -55.1429319988
129.855328813 -56.4121141008
119.658834847 -56.852706984
109.457023628 -56.4317910145
99.6980611792 -55.180892865
90.7110759731 -53.1853391838
82.6552470118 -50.5592844557
75.5435460702 -47.4209304705
69.298734298 -43.8768201206
63.8041486307 -40.0156396645
58.9360381863 -35.9080591788
54.5795526347 -31.6092457187
50.6344777212 -27.162031337
47.015708347 -22.5998363818
43.6514666939 -17.9490714237
40.4807980625 -13.2310154954
37.4510205819 -8.46326221125
34.5153664217 -3.66084194618
31.6308453217 1.16288176592
28.7562690996 5.9954584577
25.8503347032 10.8246680746
22.8696413401 15.6378432812
19.7664994273 20.4211282721
16.486371217 25.158594425
12.9647709136 29.8311112797
9.1234700316 34.4148370366
4.86596583466 38.8791466917
0.0725298390886 43.1837688277
354.596092451 47.274895908
348.26236671 51.0801905729
340.8817975 54.5032289183
332.286902343 57.4195465468
322.410454555 59.6795257991
311.399352904 61.126391455
294.198598122 59.1364611633
283.50221639 58.2372499639
273.568243719 56.5004870959
264.670012949 54.0485683681
256.870209801 51.0179414408
250.092644545 47.5345226805
244.198251029 43.7030263877
239.035038065 39.6058179351
234.462427789 35.3060315943
230.359590051 30.8517242364
226.625910787 26.2796718439
223.178345017 21.6184159567
219.947943966 16.8905802465
216.876492794 12.1146023301
213.913550492 7.30603704811
211.013906778 2.47856400492
208.135365109 -2.355195137
205.236726936 -7.18296531372
202.275844504 -11.992141162
199.207608554 -16.7690773467
195.981738198 -21.4982748201
192.540247793 -26.1613791516
188.814498613 -30.7358860756
184.721846289 -35.1934222118
180.162165631 -39.4974451853
175.015166855 -43.6002170424
169.140747193 -47.4390254603
162.387051458 -50.9320301247
154.614292749 -53.9750929859
145.743973743 -56.442766283
135.834389787 -58.198659857
125.153156795 -59.1196686821
114.179367492 -59.1302694897
103.485565047 -58.2295666613
93.5547089621 -56.4916431495
84.6595907615 -54.0389373955
76.8625604134 -51.0078725513
70.0873074124 -47.5243109299
64.1947782588 -43.6929095979
59.0330507441 -39.5959847897
54.4616275304 -35.2966318399
50.3597513714 -30.842877328
46.626868064 -26.2714732454
43.1799798759 -21.6109413717
39.9501749796 -16.8838882913
36.8792677603 -12.1087361095
33.9168409715 -7.30102497205
31.0177044952 -2.47442007162
28.1396798554 2.35847145292
25.2415857277 7.18538950063
22.2812918082 11.9937444243
19.2137074888 16.7699077056
15.9885726052 21.4983986418
12.5479250249 26.1608832268
8.8231526477 30.7348804145
4.7316402383 35.1920437255
0.173291555613 39.4958623532
355.027838546 43.5986353628
349.155177726 47.4376926804
342.403402179 50.9312384659
334.632578004 53.9751723834
325.763919402 56.4440588357
315.85529467 58.2014660206
305.173885205 59.1241698848
299.677671035 56.8581099377
289.474062887 56.438667249
279.712601197 55.189007058
270.722854142 53.194375356
262.664367425 50.5689119751
255.550318659 47.4308470999
249.303533828 43.8867691839
243.807331186 40.025410779
238.937905883 35.9174821368
234.58034623 31.6181831237
230.634381655 27.170372298
227.014859645 22.6074918214
223.649963828 17.9559708586
220.47870835 13.2371049697
217.448385798 8.46850307271
214.512206735 3.66521023264
211.627161759 -1.15939548884
208.752044724 -5.99284889931
205.845534639 -10.8229146968
202.864211703 -15.6369094351
199.760365161 -20.4209599256
196.479432838 -25.1591183591
192.95690024 -29.8322325669
189.114505268 -34.4164355531
184.855707145 -38.8810723751
180.06073827 -43.1858354647
174.58249865 -47.2768736278
168.24670248 -51.0817984149
160.863872365 -54.5041316987
152.266750764 -57.4193655883
142.388548858 -59.6778790964
131.376772447 -61.1229752076
119.676595394 -61.628775761
107.968182561 -61.1454291423
96.9347713818 -59.7206907157
87.0282878995 -57.4792135801
78.40238453 -54.577499442
70.9937965867 -51.165610016
64.6365023256 -47.3686968246
59.1409869666 -43.2838411314
54.3324245003 -38.9839119234
50.0630742504 -34.523115352
46.2125912954 -29.9420112129
42.6839681829 -25.2714294866
39.3985868504 -20.5353559604
36.2916726988 -15.7530206704
33.30848268 -10.9404189334
30.4011905949 -6.1114480239
27.5263168125 -1.27879628518
24.6425302744 3.54531312897
21.7086622807 8.34844381779
18.6817893756 13.117264382
15.5152603937 17.8367972304
12.1565644955 22.4895266474
8.54497730531 27.0542832874
4.60901250907 31.504807266
0.263909060253 35.8078816495
355.409814971 39.920943609
349.932172378 43.7891714222
343.707267619 47.3423135393
336.617890689 50.4921380264
328.585214529 53.1324873788
319.619216818 55.1452779933
309.874944081 56.41595172
294.854422759 54.36976427
285.411952639 53.5779113393
276.490484831 52.0340747977
268.308907817 49.825702306
260.955868456 47.0564202795
254.418462348 43.828621063
248.62385902 40.2333445235
243.473739194 36.3466372575
238.865866304 32.2298416568
234.704935737 27.9316211271
230.906633188 23.4904176433
227.398062722 18.9367407431
224.116505586 14.2950883266
221.007557219 9.58548687624
218.023132438 4.82470980173
215.119524197 0.0272505307783
212.255544427 -4.79387525968
209.390694929 -9.62643074561
206.483270116 -14.4582995131
203.488258251 -19.2768038111
200.354871224 -24.0679269789
197.02349005 -28.8153480887
193.42177011 -33.4991628232
189.459636443 -38.0941111693
185.023006454 -42.5670567958
179.966547544 -46.8733752189
174.107193882 -50.9518661655
167.223722919 -54.7180089586
159.075201095 -58.0563627057
149.462124743 -60.8157250366
138.354981679 -62.81605407
126.064605076 -63.8802405631
113.308039623 -63.8925116356
100.99783061 -62.8514564716
89.8589302534 -60.8707485604
80.2114472341 -58.1268417814
72.0317066212 -54.8001889949
65.1223563989 -51.0427951166
59.2425081355 -46.97087958
54.1701830959 -42.6695764521
49.721419212 -38.2005282164
45.7500955161 -33.6086653384
42.1415079346 -28.9273313715
38.8051169429 -24.1819241927
35.6682422717 -19.3924373106
32.6710306217 -14.5752460024
29.7625390045 -9.74439536233
26.8976646031 -4.91257114405
24.0346643531 -0.0918803445761
21.1330504386 4.70546593846
18.1516908496 9.4664945713
15.0469808625 14.1767735442
11.770986338 18.8196134421
8.2695053175 23.375099896
4.48007355766 27.8188827934
0.330093691761 32.1206455265
355.735567047 36.2421945858
350.60145627 40.135178799
344.825610361 43.738630481
338.309380491 46.9769148395
330.978857138 49.7593686803
322.818983169 51.9838000649
313.915177242 53.5464065109
304.482758108 54.3590169943
299.661751975 52.0654060679
290.635304349 51.6944189006
281.912796596 50.5830935146
273.736989384 48.7918142949
266.250078508 46.4051813823
259.497050881 43.5159781537
253.452022644 40.2130826815
248.048573812 36.5749058206
243.203422999 32.6672579632
238.831148674 28.5438278776
234.851723739 24.2478198965
231.193437688 19.8138856663
227.793256019 15.2699392739
224.595922058 10.6387095178
221.552525936 5.93901339429
218.618894482 1.18678901555
215.753939959 -3.60405655281
212.917983863 -8.42092668158
210.070999594 -13.2518852625
207.170665715 -18.0850202031
204.170071043 -22.9077566334
201.014851448 -27.7060406055
197.639457996 -32.4632847285
193.962159353 -37.1589168503
189.878300504 -41.7662914552
185.251399466 -46.2496004194
179.902246243 -50.5592595918
173.598314373 -54.6251269872
166.05193582 -58.3471535017
156.949816867 -61.584677853
146.057803979 -64.1506806241
133.439517218 -65.8271304951
119.700868566 -66.4215695995
105.948462787 -65.8533411131
93.2958135121 -64.1997513692
82.3624120172 -61.651717584
73.2218056523 -58.4275093623
65.6437358594 -54.7151467856
59.315154728 -50.6563187353
53.9473039634 -46.3518739824
49.3063699766 -41.872513932
45.212045566 -37.2681973201
41.52701135 -32.5749784522
38.1460032177 -27.8196626084
34.9868581657 -23.0229234651
31.9837281397 -18.2014098264
29.0820487017 -13.3692083305
26.2347836256 -8.53890475764
23.3995460894 -3.72240427668
20.5362940965 1.06837995043
17.605378387 5.82089011807
14.5657828551 10.52127517
11.3734480248 15.1536729109
7.97961992871 19.6993663554
4.32923824526 24.1357564963
0.359497418868 28.435095817
355.998927016 32.5629435134
351.16770351 36.4763561085
345.780480289 40.1219547023
339.75376545 43.4342705821
333.020417889 46.3352183248
325.553083281 48.7361346008
317.394444059 50.5441989898
308.683889628 51.6743777646
295.376861833 49.5666204048
286.950717572 48.8611376178
278.893268466 47.4765173368
271.376553655 45.4766501799
264.490762933 42.940751286
258.254318221 39.9513274988
252.635693923 36.5858045746
247.575401736 32.9122302713
243.002521423 28.9880341445
238.844966775 24.8605616176
235.034832154 20.5684017165
231.510530944 16.1429224834
228.217083383 11.6097261989
225.105438169 6.98991557066
222.13133422 2.30115450571
219.253956067 -2.4414512675
216.434479226 -7.22461254347
213.634503854 -12.0362076796
210.814306447 -16.8646774731
207.930778367 -21.6984099189
204.934849061 -26.525049302
201.768094923 -31.330641201
198.358095809 -36.0984834549
194.611910478 -40.8074807557
190.406823637 -45.4296778264
185.577426148 -49.9264469097
179.898718051 -54.2425148009
173.068156778 -58.2967222233
164.700485547 -61.9686534232
154.377317396 -65.0830164151
141.837166246 -67.4034793702
127.359470076 -68.6662078905
112.069555678 -68.6808566439
97.5578807784 -67.445008614
84.9679140279 -65.1458514461
74.5963189858 -62.0469386933
66.1889987152 -58.3858315942
59.3282870215 -54.33921587
53.6272929951 -50.028577406
48.7815631114 -45.5357962179
44.5645339423 -40.9166086882
40.8096511486 -36.2099358676
37.3933951966 -31.4439175766
34.2222700047 -26.6397636728
31.2234772523 -21.8142446597
28.3383404328 -16.9813515145
25.517626821 -12.153453338
22.7181337677 -7.34215729084
19.9000976079 -2.55900199467
17.025123489 2.18392649591
14.0544321433 6.87339024864
10.9472908886 11.4943524259
7.65955710616 16.0292387605
4.14233048386 20.4570612074
0.340807179211 24.7523623633
356.193584108 28.8839547112
351.632911414 32.8134694177
346.586765719 36.4938200685
340.984088888 39.8678629224
334.764899712 42.8678300395
327.896651658 45.4165051159
320.39611735 47.4314210529
312.351341458 48.8331187359
303.932220869 49.557108026
299.648854683 47.2214782173
291.584725468 46.8900634705
283.736598686 45.8934254213
276.285649214 44.2753934536
269.351768413 42.0994770036
262.990368554 39.4384462072
257.203998775 36.3654583842
251.959582965 32.9482421461
247.20437815 29.2462545793
242.877694705 25.3099734759
238.918194873 21.181419815
235.26775833 16.8952376565
231.873068067 12.4799254385
228.685831333 7.95901300223
225.66224326 3.35210213464
222.762048663 -1.32424481615
219.947380484 -6.05575130244
217.181434912 -10.8297765973
214.426960068 -15.6347314671
211.644465956 -20.4595160831
208.789988949 -25.2929280633
205.812144544 -30.1229719623
202.648052654 -34.9359705641
199.217486976 -39.7153218485
195.414244048 -44.4396434579
191.093232525 -49.0798632121
186.051299154 -53.5944916488
180.000200222 -57.9217844434
172.534835231 -61.9668349315
163.119977057 -65.5817150102
151.178826211 -68.5416646991
136.462288729 -70.5406632647
119.737049317 -71.2655800147
102.986023553 -70.572341595
88.2104313227 -68.599176012
76.2068489821 -65.6575973391
66.7410057684 -62.0550530874
59.2379755236 -58.0182577127
53.159953757 -53.6966193737
48.0988820673 -49.1859938055
43.7642242933 -44.5487041447
39.9512333145 -39.8265897072
36.513746778 -35.0489344988
33.3448476119 -30.2372484703
30.3638349264 -25.4082081926
27.5075150488 -20.5755304761
24.7243008929 -15.7512258896
21.9701055596 -10.9464934255
19.2053751519 -6.17241414118
16.3928408671 -1.44054435211
13.4957213561 3.23652244307
10.4762066844 7.84457254039
7.29412993345 12.367124364
3.90580150982 16.7846780308
0.263063684287 21.0738305918
356.312740024 25.2062394399
351.996829555 29.1474480927
347.254045545 32.8556541204
342.023605406 36.2806206252
336.25242174 39.3631308362
329.906697688 42.035651197
322.987793859 44.2251038847
315.549504359 45.8585959708
307.709943614 46.8722218971
295.811204385 44.6920783875
288.24038544 44.0589071732
280.937139528 42.81008867
274.035993814 40.9930437239
267.619289421 38.6686410055
261.71944009 35.9029747657
256.329813078 32.7608730616
251.418030805 29.301833291
246.937615971 25.5781211457
242.836423154 21.6343803261
239.061918157 17.5081120217
235.564019202 13.2305550437
232.296286267 8.82767992401
229.216083526 4.32114731681
226.284136352 -0.270832273543
223.463732069 -4.93275143998
220.719685867 -9.65116003343
218.017100082 -14.4140962472
215.319870001 -19.210562777
212.588815057 -24.0300088008
209.779220536 -28.8617668777
206.837435277 -33.6943726027
203.695943906 -38.5146552386
200.265950258 -43.3064132874
196.42586482 -48.0483481136
192.003048375 -52.7106580084
186.744733468 -57.2491737217
180.273297743 -61.5949505153
172.027175317 -65.635731308
161.227138841 -69.185041809
147.047601765 -71.9438402495
129.3963732 -73.5056428743
110.119847567 -73.5240316205
92.4027586508 -71.9942902293
78.1404641702 -69.2580434832
67.2724526426 -65.7231108204
58.9779943438 -61.691388783
52.4735133403 -57.351487426
47.192619384 -52.8169466138
42.7542127753 -48.157441866
38.9032639808 -43.4175588519
35.4656951479 -38.6273395944
32.3189989836 -33.808222093
29.3737884043 -28.9764869437
26.5621655853 -24.1453460679
23.8302337022 -19.3262795963
21.13312552 -14.5299521604
18.4315743067 -9.76689691329
15.6894389897 -5.04808026342
12.8718250324 -0.385420127901
9.9435836074 4.20769105256
6.86806599474 8.71581908625
3.60608463621 13.120844585
0.115106954642 17.4012187778
356.348800531 21.5311066558
352.257174876 25.4794305138
347.787736083 29.2088751187
342.888273902 32.675001211
337.512065048 35.8257496463
331.626214535 38.6018001117
325.223225116 40.938422012
318.334295468 42.7694740303
311.040341848 44.0338341301
303.474572482 44.6835959614
299.637991099 42.2884084563
292.39109395 41.9905762771
285.301356033 41.0923534667
278.505487287 39.626074857
272.102045796 37.6398235715
266.146766222 35.1906283606
260.657038384 32.3381168254
255.621242785 29.1397752594
251.008900446 25.6480847208
246.77923177 21.909235138
242.887306339 17.9629227076
239.28792219 13.842773538
235.937725624 9.5770615684
232.796112761 5.1895148401
229.825344255 0.700099365038
226.990167018 -3.87426834774
224.257116038 -8.51909264115
221.593573847 -13.2217462862
218.966588006 -17.970975308
216.341375055 -22.7564342175
213.679355734 -27.5682161477
210.935446777 -32.3963285882
208.054140489 -37.2300401711
204.963564865 -42.0569759236
201.56610335 -46.8617446007
197.723016915 -51.6236930434
193.22841445 -56.3129906341
187.764296004 -60.8834116188
180.823836165 -65.2584083625
171.594812367 -69.3036776355
158.870548662 -72.7761743029
141.419564869 -75.2578798572
119.798671746 -76.1987190326
98.119417757 -75.2983692749
80.5556935045 -72.8455505686
67.7362169887 -69.3903295539
58.4429451931 -65.3550986755
51.4611706582 -60.9861633138
45.970265078 -56.4196150839
41.4579166165 -51.7329315216
37.6028501258 -46.9728295088
34.1972297121 -42.1694065157
31.1011401787 -37.3434632462
28.2162376857 -32.5104714859
25.4701927412 -27.6828466799
22.807208324 -22.8713348946
20.1820210699 -18.0859252543
17.5559459019 -13.3365071951
14.8941466894 -8.63339661211
12.1636583955 -3.98780621632
9.33188262362 0.58769018181
6.36539908767 5.07866372611
3.22901966822 9.46827988224
359.885083612 13.736671919
356.293069254 17.8602304683
352.40969249 21.8108209807
348.189782346 25.5549767467
343.588361414 29.0531761604
338.564470558 32.2594071294
333.087253171 35.1213469922
327.144454188 37.5816122611
320.752550522 39.5805742956
313.966155537 41.0610489574
306.88268874 41.9746111362
296.185662151 39.7060206883
289.358907555 39.1355177018
282.729805665 38.0060643561
276.403451399 36.353201326
270.451346294 34.2238128597
264.910608085 31.6705528565
259.788982711 28.7470054028
255.072500149 25.5042165156
250.73318539 21.9886561437
246.735400443 18.2413371007
243.040388838 14.2977210167
239.609168516 10.1880829771
236.404136983 5.93809668936
233.389763982 1.56948993168
230.53267174 -2.89931299154
227.801307965 -7.4526004222
225.165329828 -12.0768454438
222.594743018 -16.7602361508
220.058772908 -21.4922495168
217.524372726 -26.2632466498
214.954177774 -31.0640581678
212.303563887 -35.8855136364
209.516205066 -40.7178413913
206.517035059 -45.5498106721
203.200560103 -50.367376256
199.410523049 -55.1513453873
194.902840657 -59.8730415645
189.275198527 -64.4856350144
181.830706353 -68.9055669336
171.331369523 -72.9707170886
155.74343671 -76.349762217
133.171984452 -78.4173768165
106.500208299 -78.442661199
83.7742079234 -76.4142169508
68.0431359719 -73.0568635898
57.4542668258 -69.0029434503
49.9570622332 -64.5891571277
44.2975964328 -59.980208941
39.7699362915 -55.2608411932
35.9669450776 -50.4784493303
32.6419119703 -45.6619946122
29.6370907574 -40.8308180444
26.8461109054 -35.9990416501
24.1933740697 -31.1779325693
21.622225631 -26.3772739545
19.0878388175 -21.6062308422
16.5527283106 -16.8739544278
13.9837828578 -12.1900545467
11.3502038335 -7.56501489134
8.62200349283 -3.01059747057
5.76886924154 1.45973217101
2.75929693154 5.83033657878
359.559968555 10.0828800783
356.135416679 14.1957394618
352.448091749 18.1433624132
348.459034988 21.8956113731
344.129454478 25.4171746402
339.42357839 28.6671928482
334.313151614 31.5993364477
328.783731561 34.1626604391
322.842375729 36.3036065294
316.525328108 37.9694314371
309.903143801 39.1130148745
303.080091609 39.6984281272
299.628525255 37.2218310504
293.099348886 36.9534775895
286.686365778 36.1423827959
280.493550792 34.8126240951
274.600824205 33.0007481896
269.059694303 30.7513273196
263.894410164 28.1125067003
259.106705381 25.1323361369
254.681920399 21.8562201769
250.594858627 18.3254513204
246.814526942 14.5765970079
243.307537065 10.6414656616
240.040295105 6.54741408428
236.980237559 2.31782319693
234.096375554 -2.02736910537
231.359357274 -6.47114157496
228.741192049 -10.9989007619
226.214715408 -15.5980401005
223.752815159 -20.257544659
221.327378554 -24.9676310315
218.907847478 -29.7194050411
216.459160834 -34.5045115315
213.938680371 -39.3147365045
211.291356505 -44.1414949139
208.441716434 -48.975082007
205.279836975 -53.8034455108
201.635287686 -58.6099561187
197.225464349 -63.368952858
191.545686169 -68.0359237547
183.619987454 -72.5234492749
171.435831847 -76.6360096806
151.117460249 -79.8921447182
119.93226024 -81.2653305357
88.5610017091 -79.9490315865
68.0029042709 -76.7221072159
55.6854912439 -72.6221811522
47.6912784701 -68.1406400752
41.9740833027 -63.4768805712
37.5423789399 -58.7197974049
33.8843509704 -53.9145189197
30.7139068019 -49.0869874234
27.8587885613 -44.2539678152
25.2080577883 -39.4275776283
22.6856515069 -34.6175493855
20.2361667516 -29.8324737592
17.8167515872 -25.0805557326
15.3922182904 -20.370130493
12.9319393894 -15.7100629655
10.4077724787 -11.1100985286
7.79260452267 -6.58120508326
5.05929166222 -2.13593243242
2.17987946849 2.21119352588
359.125062137 6.44323109534
355.863899235 10.5403350325
352.363867721 14.4792307337
348.591390968 18.2326807151
344.513053033 21.7690059221
340.097759066 25.0517716015
335.320101522 28.0398089771
330.165065461 30.6878088698
324.633862438 32.9477618039
318.750063661 34.7714768245
312.56440852 36.1142221533
306.15608309 36.9391652487
296.519244179 34.5597117623
290.35990134 34.045261944
284.348261925 33.0237641732
278.566386486 31.5219607279
273.074647438 29.5759198867
267.909989609 27.2272939117
263.087900399 24.5198175886
258.606561489 21.4965321545
254.451675307 18.1978978587
250.60092253 14.6607246832
247.027538709 10.9177376877
243.702893968 6.99757355304
240.598177917 2.92503495942
237.685372937 -1.27852434498
234.937699775 -5.59476722654
232.329683773 -10.0079429195
229.836943169 -14.5044843038
227.435753233 -19.0726425849
225.102392567 -23.7021593999
222.812225082 -28.3839698369
220.538400556 -33.1099244846
218.249944287 -37.8725121417
215.908804108 -42.6645539117
213.465025489 -47.4788178213
210.848386045 -52.3074565093
207.952912987 -57.1410625003
204.605997832 -61.9668631878
200.501011865 -66.7648155381
195.033288249 -71.4979303258
186.845330511 -76.0840435411
172.412523065 -80.2955290727
142.773689644 -83.358784704
97.2482442771 -83.4011439619
67.1301442263 -80.3826082311
52.4792705337 -76.1851661602
44.2020738701 -71.604324193
38.6922466244 -66.8736674495
34.5648576001 -62.0770555803
31.205019046 -57.2520658077
28.3017402196 -52.418977345
25.6803321602 -47.5906653265
23.2337416618 -42.7765808861
20.8911490229 -37.984585454
18.6022554169 -33.2219081143
16.3288064535 -28.4957136994
14.0397101685 -23.8134908379
11.7080529657 -19.1833589591
9.30917152227 -14.614345816
6.8193425967 -10.1166651324
4.21485792745 -5.70201293324
1.47136509667 -1.38389457102
358.563426462 2.82201089496
355.464301279 6.89744878251
352.146003591 10.8211588825
348.579736037 14.5684425043
344.736846776 18.1107750232
340.590492824 21.4155463179
336.118193812 24.4460549877
331.305382012 27.1619285747
326.149840726 29.5201728981
320.666531997 31.4770356347
314.891784719 32.9907592598
308.885344903 34.025067944
302.728751323 34.5529125396
299.620014465 31.9664791724
293.741276878 31.724832055
287.949297971 30.9932045618
282.32350615 29.7895747686
276.928112723 28.1416916931
271.808598989 26.0841892541
266.991446756 23.6555227655
262.486311636 20.8952411593
258.289502515 17.8418835627
254.387757105 14.5315705322
250.761649371 10.9972133689
247.388316304 7.26819866655
244.243444091 3.3703976363
241.302592186 -0.673627082271
238.541985699 -4.84431150242
235.93890719 -9.12474061848
233.471795238 -13.5002977701
231.120124931 -17.9583342869
228.864111438 -22.4878689691
226.684242538 -27.0793195013
224.560604778 -31.7242631096
222.471910329 -36.4152202859
220.39403591 -41.1454518133
218.297705188 -45.9087537435
216.144574598 -50.6992237961
213.880150082 -55.5109473083
211.41992276 -60.3374879838
208.619553409 -65.1708954414
205.20259809 -69.9993947277
200.554584469 -74.8008455942
192.983118924 -79.5187612606
175.984210954 -83.9310891036
120.476167099 -86.5205200699
63.7467108544 -84.0219668751
46.3404176565 -79.6237287512
38.6620099132 -74.9092427871
33.9735179938 -70.1090970813
30.5375777504 -65.2812341552
27.7271625475 -60.4481810836
25.2612989562 -55.6218428473
22.9937099281 -50.8102166535
20.8389541701 -46.0197520721
18.7420510548 -41.2563606749
16.6643896964 -36.5259320186
14.5765438108 -31.8346504924
12.4543078209 -27.1892300275
10.276353315 -22.597119404
8.02275361428 -18.066705056
5.67400212687 -13.6075268938
3.21033295401 -9.23051700584
0.611249134262 -4.94826749919
357.855222089 -0.775330269905
354.919567219 3.27145323471
351.780535936 7.17260156509
348.413698412 10.9056429881
344.794723643 14.4448036065
340.900687485 17.7607964864
336.712039665 20.820805287
332.215310595 23.58878886
327.40650322 26.026256951
322.294865674 28.0936607217
316.906390633 29.752477486
311.286038885 30.9679244433
305.497548773 31.7120192118
296.825925204 29.190241699
291.283488252 28.7274909007
285.852118602 27.806457866
280.595774923 26.447223705
275.564493678 24.6773766396
270.792595145 22.5295374415
266.299165779 20.0388981911
262.090126157 17.2411083512
258.16107252 14.1706759113
254.500220709 10.8599060175
251.091027425 7.33830721611
247.914295341 3.6323562029
244.949731561 -0.23449009964
242.177018819 -4.24162908794
239.576493915 -8.37106424998
237.129529909 -12.6071226978
234.818704658 -16.9361692338
232.627818683 -21.3463347831
230.541805308 -25.8272682415
228.546556973 -30.3699151879
226.62867239 -34.9663235202
224.775106345 -39.6094741469
222.972669648 -44.2931337849
221.207264192 -49.0117262122
219.462606859 -53.7602174784
217.717888181 -58.5340087262
215.943005348 -63.3288251886
214.087600643 -68.1405742369
212.051577183 -72.9650888263
209.585708485 -77.7974135282
205.802254207 -82.6285010092
193.276021673 -87.405403599
46.5833251333 -87.5102334402
33.4074114448 -82.7377510217
29.5674117493 -77.9070511532
27.086169688 -73.0748414428
25.0441968523 -68.2503746858
23.1862112909 -63.4386386487
21.4103128084 -58.6438023693
19.6654603589 -53.8699508107
17.9212520085 -49.1213461473
16.1567365715 -44.4025710315
14.3555629461 -39.7186399156
12.5036036621 -35.0751061736
10.5876625662 -30.4781766464
8.59470176841 -25.9348400227
6.51133718888 -21.4530135779
4.32348568958 -17.041711938
2.01611025443 -12.7112408371
359.573044367 -8.47341777537
356.976899776 -4.34181958447
354.209081058 -0.332053574642
351.249949395 3.5379565951
348.079198055 7.2476878614
344.676521644 10.7737678811
341.022675475 14.0898063383
337.101019908 17.1663774189
332.899610634 19.9712468199
328.413807701 22.4699541921
323.649215183 24.6268605968
318.624533258 26.4067325718
313.373657385 27.7768436667
307.946213652 28.7094301407
302.405831702 29.1841710753
299.612120463 26.4488445021
294.341659395 26.232167786
289.136265031 25.5752482908
284.056657278 24.4914552539
279.154005024 23.001715344
274.467314538 21.132665695
270.022674714 18.9145970741
265.834064696 16.3795019026
261.905182556 13.559440292
258.231729911 10.4853194522
254.803708519 7.18608618822
251.607455168 3.68827397749
248.627293699 0.0158225236913
245.846789669 -3.80991218976
243.249653489 -7.77002684374
240.820363485 -11.8478717154
238.544585179 -16.0288208208
236.4094583 -20.3000355204
234.40381645 -24.6502360921
232.518401383 -29.069488873
230.746139315 -33.5490118412
229.082567169 -38.0809982221
227.526544983 -42.6584551066
226.081494979 -47.2750512638
224.75763487 -51.9249638247
223.57619426 -56.602704043
222.577900671 -61.3028791043
221.841620116 -66.0197823979
221.530548509 -70.7464971773
222.028171455 -75.4723851848
224.459757996 -80.1735389508
233.883546394 -84.7527747532
298.040302199 -87.9605854261
4.76997991769 -84.8523254105
14.5296559223 -80.2793797221
17.0335966002 -75.5795188486
17.557765299 -70.8540786274
17.2595525075 -66.1275455397
16.5307525381 -61.4106985489
15.5374712679 -56.7104952908
14.3598101631 -52.0326508224
13.0390985592 -47.3825525455
11.5968928722 -42.765676172
10.0436058953 -38.1878262392
8.38278714782 -33.655311203
6.61338725416 -29.1750969702
4.73101311444 -24.7549589843
2.72864898484 -20.4036433307
0.597087355318 -16.1310427545
358.325207418 -11.9483906663
355.900189722 -7.86847362211
353.307734638 -3.90585951112
350.53234657 -0.0771340069248
347.557748648 3.59886899073
344.367499233 7.10086686653
340.945886481 10.4049945951
337.279172762 13.4847904079
333.357235821 16.3113699151
329.175594366 18.8538704426
324.737700434 21.0802479394
320.057229379 22.9584860269
315.159927887 24.4582195777
310.084456677 25.5526804807
304.88168325 26.2207556307
297.117222102 23.510774223
292.16328242 23.0972589595
287.29295733 22.272613741
282.555887315 21.0517840892
277.992932596 19.455629412
273.634671835 17.5093261156
269.501238674 15.2406958806
265.603215485 12.6786719341
261.943183944 9.85203757562
258.517546331 6.78849011178
255.318324944 3.51402083397
252.334762731 0.0525646670965
249.554649175 -3.57414138097
246.96536678 -7.34655105743
244.554695901 -11.247204198
242.311436729 -15.2605640601
240.225916267 -19.3728247156
238.290453271 -23.5717067504
236.499862657 -27.8462516019
234.852100533 -32.1866184568
233.349192834 -36.5838819368
231.998674739 -41.0298225318
230.815936579 -45.5166926791
229.828218531 -50.0369250752
229.081745179 -54.5827158951
228.655222233 -59.1453375409
228.687274819 -63.7138372433
229.437591962 -68.2722131673
231.440375448 -72.7923038737
235.953606078 -77.2122806457
246.533873265 -81.353845662
274.292122437 -84.5176587694
323.822052997 -84.5635104502
352.182791245 -81.4411126587
2.98428327298 -77.3104325604
7.58105404743 -72.894219175
9.62255175055 -68.3757663219
10.3938951753 -63.818193017
10.4388320242 -59.2500875485
10.021018413 -54.6876169858
9.28095374741 -50.1418020592
8.29832257175 -45.6213957359
7.11990425335 -41.13420565
5.77327640477 -36.6877903303
4.27404819821 -32.289880081
2.62990557211 -27.9486705966
0.842984390524 -23.6730577565
358.911325046 -19.4728475353
356.829809577 -15.3589583943
354.590811116 -11.3436243644
352.184699939 -7.44060073384
349.600307881 -3.66536857022
346.825432871 -0.0353279463285
343.847456671 3.43003812254
340.654143795 6.7090568009
337.234680796 9.77785483424
333.58099442 12.6104951841
329.689345442 15.1793208298
325.562124498 17.4555667334
321.209676077 19.4102869917
316.65186109 21.0156078955
311.918973686 22.2462557556
307.051610756 23.0812275381
302.099208257 23.5053933026
299.604549189 20.5637143237
294.922618298 20.3711960768
290.289436888 19.7868811003
285.7512633 18.8205915225
281.348499402 17.4878892811
277.113873986 15.8089267917
273.071647988 13.8071137155
269.237760615 11.5077817096
265.620685686 8.93698837836
262.222713822 6.12054440856
259.041400801 3.08329319999
256.070990278 -0.15136842003
253.303696974 -3.56176352531
250.730803963 -7.12804671863
248.343576863 -10.8321974767
246.13402969 -14.6579323136
244.095597038 -18.5905643759
242.223781811 -22.6168303644
240.516864223 -26.724696533
238.976784275 -30.9031478872
237.610358205 -35.1419568241
236.431079282 -39.4314176984
235.461923382 -43.7620190368
234.739909986 -48.1239989964
234.323836084 -52.506678177
234.308015051 -56.8973537927
234.848031194 -61.2792850894
236.212123675 -65.6276633836
238.891079838 -69.9007146104
243.849130664 -74.0178279721
253.100134241 -77.7998838371
270.58369784 -80.8042258098
299.183941689 -82.0759044834
327.975684307 -80.8568226276
345.703056745 -77.8791505097
355.088530691 -74.1084486745
0.115918519869 -69.9965862882
2.83335560523 -65.7262291817
4.2207455281 -61.3793268444
4.77602997689 -56.9982095668
4.77094874885 -52.6079383933
4.36293168653 -48.2253745597
3.64733324562 -43.8632777855
2.68357394598 -39.5323506213
1.50906731514 -35.242358265
0.147050795793 -31.0028027262
358.611199347 -26.8233709989
356.908460675 -22.7142647931
355.040873144 -18.6864670417
353.006792054 -14.7519738955
350.80177741 -10.9240059888
348.419305103 -7.21720293556
345.851414494 -3.64779713084
343.089378507 -0.233755344603
340.124465853 3.00513152392
336.948850481 6.04723893453
333.556703667 8.86921642504
329.945472536 11.4462559117
326.117300126 13.7525648675
322.080475138 15.762079878
317.850721677 17.4494328538
313.452070756 18.7911419298
308.917028956 19.7669446733
304.285810869 20.3611338179
297.404300732 17.3915403398
293.032381281 17.0266559142
288.723139474 16.2978105587
284.514807323 15.2159318343
280.440277228 13.7964860803
276.52599389 12.0584886531
272.791590154 10.0234212566
269.250173842 7.71418150291
265.909091704 5.15415722569
262.770975134 2.36647814445
259.834896049 -0.626538732249
257.09750874 -3.80376000249
254.554105887 -7.14544839551
252.199562954 -10.6333480883
250.029180752 -14.2506731935
248.039462193 -17.9820251239
246.22888018 -21.8132579612
244.598714686 -25.7313035732
243.15406559 -29.7239602765
241.905193539 -33.7796397267
240.869419845 -37.8870548384
240.073956205 -42.034813625
239.560289077 -46.2108534547
239.391217116 -50.4015940441
239.662547193 -54.5905768014
240.523232537 -58.7561277513
242.211243464 -62.8670775764
245.119038532 -66.8744265323
249.91175321 -70.6942178061
257.711876089 -74.1715302747
270.186544855 -77.0114418906
288.531667282 -78.7091945315
310.083707335 -78.7296876737
328.552675042 -77.0649168448
341.153651992 -74.244599201
349.039537263 -70.7779288569
353.885871552 -66.9640360496
356.827751135 -62.960102371
358.538411601 -58.8511900026
359.414925632 -54.6868485475
359.697888746 -50.4985314331
359.537794535 -46.3080634897
359.031389732 -42.1319831307
358.242069835 -37.9839100393
357.211715171 -33.8759216257
355.967806926 -29.8194085581
354.527856949 -25.8256452901
352.902264379 -21.9061990171
351.09623165 -18.073243485
349.111114867 -14.3398132784
346.945441881 -10.7200161079
344.595751661 -7.22920864068
342.057362233 -3.88413230943
339.325145797 -0.702997649496
336.394368554 2.29450170136
333.26163199 5.0872710441
329.925926096 7.65302321625
326.38976958 9.96864490831
322.660366627 12.0107461316
318.75065752 13.7564034009
314.68009261 15.1840811577
310.474934426 16.2746799412
306.16791272 17.0126198431
301.797136507 17.3868347727
297.40901453 14.2049768305
293.054927335 13.8169512769
288.766591492 13.0423974893
284.584114299 11.8932700257
280.542059093 10.3864734393
276.668330402 8.54277083856
272.983852192 6.38559561248
269.502936835 3.93990577786
266.234158288 1.23118291837
263.181523885 -1.71536740257
260.345768437 -4.87539708267
257.72564872 -8.22579076953
255.319175844 -11.7448628296
253.12477636 -15.4124088636
251.142417245 -19.2096420259
249.374768302 -23.1190369721
247.828515252 -27.124093732
246.515988566 -31.2090205068
245.457352952 -35.3583169886
244.683735314 -39.5562146532
244.24189807 -43.7858900938
244.201464468 -48.0282969053
244.666400541 -52.2603308521
245.793642895 -56.4517908126
247.823563565 -60.5601017245
251.128630628 -64.5208062772
256.282454543 -68.2301958025
264.114591576 -71.5150909457
275.561975948 -74.0919653286
290.824718687 -75.5631277142
307.909262007 -75.5794271179
323.240902468 -74.1363436285
334.772479365 -71.5786632855
342.672082974 -68.3055828297
347.873315898 -64.6033304416
351.2109363 -60.6469929633
353.263626643 -56.5413818726
354.407348462 -52.3515648625
354.884697156 -48.1204556199
354.854012697 -43.8784444744
354.420161527 -39.6487401263
353.653359402 -35.4504431509
352.600769608 -31.3003996709
351.293797623 -27.2143801225
349.752806143 -23.2078721857
347.990268303 -19.2966443822
346.012972296 -15.497165387
343.823658915 -11.8269232459
341.422338994 -8.30466327659
338.807456954 -4.95054599403
335.977014549 -1.78621343456
332.929729793 1.1652583856
329.666267703 3.87955184506
326.190533985 6.33147839662
322.510970125 8.4955549019
318.641729881 10.3467978069
314.60356229 11.8617195809
310.42419575 13.0194718116
306.138035402 13.8030341271
301.785068436 14.2003102045
297.408664172 11.0541099663
293.062473814 10.6386669165
288.78661852 9.81003057087
284.62399807 8.58154497703
280.611648806 6.97205559616
276.779622552 5.00467713391
273.150738366 2.70546201968
269.741089449 0.102129682976
266.561099128 -2.77702813413
263.616905314 -5.90400338014
260.911892421 -9.25167198776
258.448256505 -12.7941525971
256.2285621 -16.5069533936
254.257317336 -20.3669391307
252.542657068 -24.3521429916
251.098289611 -28.4414331343
249.945945251 -32.6140218964
249.118685087 -36.8487740717
248.665617535 -41.1232224516
248.658869456 -45.4121198781
249.204114883 -49.6852210145
250.456563293 -53.903747241
252.64470426 -58.0145731785
256.102580178 -61.9405302491
261.301452442 -65.5646134639
268.83437974 -68.7071830564
279.213491506 -71.1056336941
292.27996783 -72.4376132542
306.531658313 -72.4512444511
319.641024813 -71.1436272857
330.078564182 -68.7632683563
337.663922987 -65.6328108724
342.903119341 -62.0165305829
346.390560746 -58.0955587875
348.600376873 -53.9878953839
349.869061539 -49.7713139254
350.426858687 -45.4992971987
350.430171353 -41.2108321202
349.985479671 -36.936282256
349.165460294 -32.7009571222
348.019602554 -28.5273503069
346.58123541 -24.436599283
344.872278903 -20.4494772726
342.90657448 -16.5870899694
340.69234631 -12.8713700917
338.234155113 -9.32541383217
335.534583843 -5.97367139209
332.595811259 -2.84198390287
329.421167893 0.0425561145099
326.016703346 2.65195784608
322.392719922 4.95792834452
318.56516122 6.93272289241
314.556677803 8.55023429954
310.397149469 9.78726050413
306.123456584 10.6248364859
301.778379769 11.0494710971
297.403544634 7.93531435031
293.056109487 7.4872597509
288.785513912 6.59440280778
284.638624819 5.27197420753
280.655996673 3.5414499851
276.870756288 1.4291267266
273.308481784 -1.03540119319
269.987935356 -3.82067233426
266.922416167 -6.89456285043
264.121494396 -10.2251942139
261.592944926 -13.7815255644
259.344787576 -17.5336452856
257.38743739 -21.4527890128
255.73606453 -25.5111061471
254.413362976 -29.6811769196
253.453044192 -33.9352473979
252.904525227 -38.2440963452
252.839486757 -42.5753647918
253.361221042 -46.8910470136
254.617832283 -51.1436319519
256.819818014 -55.2700760104
260.259449333 -59.1824567337
265.318371868 -62.7543194578
272.420362663 -65.8043645447
281.837477996 -68.0891159911
293.284257148 -69.3360475803
305.582301128 -69.3478374129
317.058142721 -68.1224402781
326.517689974 -65.8545265515
333.660870491 -62.8164086617
338.753715729 -59.2525907392
342.21959225 -55.3455102545
344.441627258 -51.222477895
345.713745095 -46.9719795501
346.247778779 -42.6574095477
346.192810419 -38.3264900309
345.652825741 -34.0173482801
344.699993821 -29.7624069453
343.384076045 -25.5909127545
341.739026038 -21.5306194872
339.787704904 -17.6089296774
337.545391865 -13.853666214
335.022563956 -10.2935603586
332.227260749 -6.95848592855
329.167227348 -3.87944769644
325.85196067 -1.08830765752
322.294653505 1.38280748668
318.513929317 3.50241079889
314.535204076 5.24085210203
310.391435311 6.57174438024
306.123021795 7.47348651264
301.776710419 7.93069285184
297.393853396 4.84519743656
293.0366991 4.35809424135
288.765449178 3.38850504393
284.63251305 1.95425729646
280.683388136 0.0804432108749
276.955584285 -2.20226869845
273.478724321 -4.85940933197
270.275647624 -7.85433812964
267.364246336 -11.1495641775
264.75977638 -14.7076754539
262.477473544 -18.4918522661
260.535429474 -22.4659726926
258.957817997 -26.5943202303
257.778700451 -30.8408790103
257.046781571 -35.1681503733
256.831630181 -39.5353417241
257.231970238 -43.8956541803
258.38648338 -48.1922195995
260.486506422 -52.3520301137
263.786328719 -56.2771219053
268.596661214 -59.8329353644
275.225469773 -62.83692348
283.808004595 -65.0590947184
294.018437929 -66.2583013723
304.88923194 -66.2687470383
315.12070627 -65.0888781626
323.735409043 -62.8823321715
330.397221931 -59.8898339403
335.236174852 -56.3420115358
338.55911754 -52.4222810797
340.677434412 -48.2659251112
341.846511757 -43.9714146516
342.258689759 -39.6120862008
342.053437038 -35.245009756
341.330059665 -30.9171004247
340.15854592 -26.6692098492
338.587896921 -22.5388576681
336.652376525 -18.5620560598
334.376286592 -14.7745043631
331.777790173 -11.2123056907
328.872152549 -7.91224194922
325.674566555 -4.9116936595
322.202834538 -2.24816867638
318.479674778 0.0416654329762
314.534555763 1.92328253154
310.404820072 3.36591936641
306.135808032 4.34435085061
301.779806386 4.84058349953
297.379706098 1.78054163755
293.004977159 1.24624240864
288.72877794 0.184171085922
284.611264045 -1.3841909328
280.704901747 -3.42866658747
277.053507345 -5.91243463303
273.692737811 -8.79413645136
270.651812059 -12.0297377958
267.956144727 -15.5739419662
265.630619552 -19.3810472835
263.703366078 -23.4052070349
262.210077588 -27.6000711739
261.199079652 -31.9177642747
260.737490278 -36.3070852844
260.918824537 -40.7107029949
261.872059066 -45.0609756499
263.770865259 -49.2738960093
266.83798536 -53.2407617436
271.330932072 -56.8181304471
277.479922173 -59.8199015058
285.34065456 -62.0226571199
294.578163772 -63.2028754934
304.361611146 -63.2122989333
313.615197094 -62.0496721056
321.501288045 -59.8614259519
327.67733864 -56.8705751804
332.194675912 -53.3009340586
335.282186605 -49.339277226
337.197610991 -45.1296559826
338.164420638 -40.7812210057
338.35704258 -36.3782778444
337.905082142 -31.9886527561
336.902533208 -27.6697815113
335.416859974 -23.4729155846
333.496624418 -19.445945597
331.177661571 -15.6352173499
328.48817052 -12.0866145403
325.453130958 -8.84572065774
322.097764987 -5.95788788568
318.451237832 -3.46719223376
314.549062722 -1.41504742314
310.434890476 0.161624724781
306.161027362 1.23250341937
301.787501779 1.77592584715
297.361148736 -1.26175888466
292.961666328 -1.85380609069
288.678497586 -3.02860944399
284.582755158 -4.75938816954
280.736875691 -7.0085907323
277.193930367 -9.73045015707
273.998810527 -12.8735147527
271.190994119 -16.382748109
268.808507614 -20.2009257599
266.892792113 -24.2691748974
265.494369584 -28.5265661477
264.679377764 -32.9086583976
264.537064159 -37.3448250069
265.187944186 -41.754079696
266.790952363 -46.0390545822
269.544329351 -50.0780036863
273.667383539 -53.7158454026
279.339012033 -56.7585554878
286.567711034 -58.9815689645
295.018727713 -60.1676534631
303.946969306 -60.1762749791
312.41084467 -59.00636224
319.660259142 -56.7968413374
325.354611404 -53.7644045717
329.498739623 -50.1338639397
332.270213404 -46.0997786448
333.888337338 -41.8177462161
334.551846363 -37.4099050597
334.420250168 -32.9738873553
333.614562585 -28.5908418033
332.224412302 -24.3314847211
330.31620219 -20.2602980785
327.940614259 -16.4382135221
325.139269117 -12.9242107342
321.949920313 -9.77537015928
318.412184464 -7.04684001473
314.570771587 -4.79013864344
310.478587996 -3.05114313273
306.197906095 -1.86756425309
301.799704752 -1.26638570086
297.33816884 -4.28477655327
292.907662181 -4.94859700919
288.619050794 -6.26277952413
284.559283486 -8.19255156273
280.80540617 -10.6892311853
277.424458202 -13.6934857165
274.475905656 -17.1383757786
272.016180171 -20.9516016417
270.104798407 -25.0565594097
268.811643961 -29.3719617011
268.225067732 -33.809832541
268.460152843 -38.2716654069
269.665191856 -42.6425401278
272.021058475 -46.783307771
275.721397042 -50.522220262
280.912637575 -53.6507224296
287.575098758 -55.9339891937
295.374322923 -57.1501720387
303.612876408 -57.1581489423
311.422811828 -55.9569576569
318.102765027 -53.6862462547
323.313551098 -50.5673081078
327.032386788 -46.8351206465
329.404464546 -42.6986756832
330.623316867 -38.3301630136
330.870163366 -33.8690731468
330.293737017 -29.4305561952
329.009505145 -25.1132586162
327.106099846 -21.0052339529
324.653585655 -17.1878150465
321.711524641 -13.7376811501
318.336295815 -10.7271263495
314.587294619 -8.22318255139
310.531402806 -6.28531743613
306.245497443 -4.96239569068
301.816384723 -4.28942345165
297.310709431 -7.29166204893
292.84437225 -8.04646981418
288.557863324 -9.53601878737
284.561727714 -11.7128745929
280.955116609 -14.5106870603
277.826886216 -17.8484275531
275.260242645 -21.6339640608
273.340138911 -25.7660853899
272.162380724 -30.134387323
271.843102506 -34.6166688619
272.526165468 -39.0736889593
274.382951251 -43.3415938636
277.592782102 -47.2237430034
282.284335889 -50.4871747198
288.421978638 -52.8748493147
295.667265974 -54.1476763218
303.338173684 -54.1551247473
310.59272775 -52.8962849116
316.74561541 -50.5202774053
321.454387849 -47.2656238941
324.680726399 -43.3894557854
326.552189777 -39.1251027321
327.24794811 -34.6695887105
326.939630629 -30.1870650535
325.771425764 -25.8169735499
323.8597362 -21.6816435718
321.300527313 -17.8915746963
318.17877788 -14.5480627943
314.577635957 -11.7433301101
310.585829291 -9.55856207312
306.302339203 -8.06032708759
301.837556941 -7.29633806682
297.278693771 -10.2858270315
292.77441741 -11.1589160151
288.508561729 -12.8738700292
284.628259153 -15.3619037922
281.267449118 -18.5267820062
278.55030018 -22.2503870995
276.599435629 -26.3965752212
275.546792996 -30.8119559287
275.543549071 -35.3229262289
276.762670606 -39.7292028194
279.381689217 -43.7958991365
283.52548094 -47.2501857788
289.152243376 -49.7951834028
295.912815552 -51.1570244309
303.108395254 -51.1640323194
309.877287951 -49.8152989911
315.517758542 -47.281086227
319.677084331 -43.834671062
322.311080994 -39.7729866507
323.543624746 -35.3691851051
323.552084783 -30.8584938833
322.509592484 -26.4414637007
320.567528627 -22.2918912642
317.85794624 -18.5633224874
314.503461061 -15.3920525932
310.628137257 -12.8963918188
306.365747502 -11.1728442256
301.863256186 -10.290541234
297.242081479 -13.2712844568
292.703244261 -14.3031955018
288.498345048 -16.3153871369
284.834147781 -19.2000893566
281.901716705 -22.8062903125
279.883569947 -26.9470387618
278.96523304 -31.4027396794
279.342759662 -35.9190378689
281.211153041 -40.2008900584
284.709781286 -43.9098276629
289.80269113 -46.6800641467
296.121908415 -48.1743978214
302.913167591 -48.1810328736
309.240149755 -46.699005099
314.345785131 -43.9386122836
317.858758512 -40.2364290992
319.740940495 -35.9582775284
320.130801093 -31.4429285893
319.223163034 -26.9857509247
317.214131088 -22.8413775047
314.289257261 -19.2296541375
310.630980092 -16.3378058095
306.430195917 -14.3171955653
301.893478743 -13.2760458679
297.201017673 -16.2533690877
292.643287486 -17.5078099005
288.586789406 -19.9235978734
285.341363974 -23.3139993922
283.194511548 -27.4168559181
282.41906943 -31.9046485769
283.26993644 -36.3877941064
285.936211945 -40.4168571192
290.411718879 -43.5038542413
296.302919607 -45.1946162325
302.744530567 -45.2009305989
308.643293197 -43.5216939333
313.131012988 -40.4434262785
315.810817354 -36.4196152411
316.674463268 -31.9382925423
315.910204052 -27.4492262948
313.772671022 -23.3423883899
310.534550154 -19.9457132108
306.483135996 -17.5218572132
301.928030303 -16.2581863118
297.156294501 -19.2404983207
292.626427257 -20.8251042809
288.920809558 -23.8038424397
286.53732665 -27.8062572974
285.912824465 -32.3149961923
287.381821949 -36.6918402153
291.035626666 -40.2191816077
296.463211521 -42.2094163965
302.595441875 -42.2154484439
308.030770856 -40.2358853225
311.696701304 -36.7157503489
313.178599426 -32.3419081212
312.565680289 -27.8321267565
310.191534 -23.8251636631
306.492500344 -20.8391096281
301.966058551 -19.2453782134
297.11111135 -22.2493494864
292.749821095 -24.3633211684
289.926030861 -28.1180073666
289.460399896 -32.6288085108
291.797864184 -36.7297350821
296.611879723 -39.2023677875
302.457075851 -39.208138537
307.279539684 -36.7450266237
309.62935973 -32.6487930776
309.175596411 -28.1372063269
306.360766146 -24.3770002264
302.004277539 -22.2542922408
297.080531963 -25.3248745583
293.406079681 -28.3660164057
293.108914526 -32.8299065873
296.770973866 -36.1292856526
302.307674457 -36.1347731075
305.979703244 -32.8426955564
305.694483715 -28.3783027004
302.027453788 -25.3298496863
297.193453735 -28.6644913763
297.084467739 -32.7981555712
302.003901063 -32.8030527602
301.906086179 -28.66920902
