91.904202339 32.7686213738
91.8079413394 28.6352569414
87.0974644 28.6294229523
86.9873376368 32.7625135625
92.206440008 36.1000209386
95.8780056064 32.8094412389
95.5948000841 28.3454643229
91.9303537176 25.2963361089
86.9854560713 25.2902274272
83.3119535525 28.3302800241
83.0139326376 32.7934895142
86.6729470187 36.0931317285
92.3543322417 39.1730581285
97.1752551891 36.7117671349
99.52602231 32.6167982344
99.0745815327 28.1055231264
96.2623364466 24.3448114517
91.9081166597 22.2211446384
87.0167485044 22.2151165114
82.6567695364 24.3280504579
79.8336279255 28.0818076259
79.3674887838 32.5918811393
81.7026942023 36.6925468734
86.5128596503 39.1657708695
92.4910503325 42.1800488851
97.9240565728 40.2025080601
101.590103584 36.6841147495
103.073835357 32.3112827793
102.463491304 27.8016952859
100.091971016 23.7942689941
96.3952656822 20.8073466545
91.8707549046 19.2125818753
87.0625718379 19.2066704236
82.5340207201 20.7903196888
78.8294625227 23.7681752691
76.4466194542 27.7697603854
75.8219578947 32.277749221
77.2894601651 36.6540632876
80.9400494229 40.1813747878
86.3631064302 42.1723899007
92.6382880768 45.1652228892
98.5340233267 43.4881878793
103.021188734 40.4120007809
105.702379458 36.3897008471
106.568468669 31.9091461232
105.806993821 27.4201473034
103.672149162 23.3128293048
100.436404106 19.9153162465
96.3869838278 17.4904475458
91.8335198451 16.2257350228
87.1078870913 16.2199391342
82.5513784047 17.4734973827
78.496006946 19.8884831698
75.2515892106 23.2781218452
73.1054782324 27.3802191624
72.3302165618 31.8672582166
73.1802617439 36.3497291567
75.8442175547 40.3783731243
80.3156681344 43.4654845436
86.2016184176 45.1571638383
92.8048110636 48.1450298798
99.1280454843 46.6653902134
104.232538773 43.9073680392
107.746529971 40.2070938677
109.63103287 35.9301744656
110.023773711 31.4153627013
109.119088833 26.9581202092
107.112809962 22.8132178549
104.190357936 19.2006497782
100.534128044 16.3077848599
96.3350323703 14.2861088626
91.7997087796 13.2439352772
87.1495049672 13.2382459416
82.6117617673 14.2693400128
78.4079350455 16.2808066313
74.7448177051 19.1648351181
71.8134341111 22.7703672568
69.7961775644 26.9104159083
68.8783459484 31.365376336
69.2556440379 35.8809279388
71.1226119659 40.1621302116
74.6181490543 43.870709255
79.706148278 46.6411553965
86.019277084 48.1365199473
92.997588053 51.1277494461
99.7619389438 49.7816118255
105.400716898 47.2500515176
109.560773751 43.8058953188
112.197033517 39.7458361427
113.43257298 35.3429750893
113.44422653 30.8325997585
112.404817046 26.4153691393
110.46556244 22.2652006514
107.758441795 18.5357568382
104.406051973 15.3634481484
100.532466018 12.86668904
96.2714977504 11.1420650468
91.770182267 10.2587671958
87.1866392532 10.2531734505
82.6833186599 11.1255041944
78.4184338207 12.8398023874
74.5391656526 15.3272463188
71.1794602649 18.4915563595
68.4634431619 22.2145722547
66.5136364404 26.3601173157
65.4618041768 30.7747856522
65.4588551606 35.2849857641
66.6773706405 39.6904881556
69.2943891269 43.7565256577
73.4343107387 47.2104766687
79.0552198364 49.7557457832
85.8086922808 51.1187197003
93.2244808571 54.1185808145
100.473573927 52.8625765431
106.624229207 50.4895185827
111.333534656 47.2374583563
114.562178972 43.3632670345
116.436827411 39.1002056845
117.136053636 34.6453426682
116.831146176 30.1629224873
115.666116057 25.7924936917
113.757278441 21.6564902514
111.200559755 17.8655028305
108.080945409 14.5209146192
104.48159099 11.7150447867
100.491246414 9.52914703937
96.208943082 8.02984595749
91.7451411191 7.26489606361
87.219149038 7.25938659019
82.753626853 8.01348958895
78.467967609 9.50244468885
74.4727710754 11.6787854767
70.8672151741 14.4761219946
67.7401508962 17.8133845646
65.1747445813 21.598404178
63.2558700908 25.7299405558
62.0792037262 30.0975716091
61.7606801194 34.5790943023
62.443860732 39.0352902017
64.2996985837 43.3023692707
67.5069687247 47.1838212184
72.1938247506 50.4469062161
78.3245203339 52.8348859806
85.5614544472 54.1089417705
93.4957254172 57.1213673977
101.299097349 55.9232961701
107.976277698 53.6558647722
113.187510242 50.5398597218
116.908834989 46.8099788111
119.284407848 42.6751380407
120.507084895 38.3075684397
120.757710542 33.8468498999
120.184831213 29.4082332378
118.903830076 25.09046199
117.003304748 20.9816797315
114.553297938 17.1632992187
111.613392366 13.7120332762
108.240001605 10.7002972712
104.492508765 8.19517232266
100.437834299 6.25617247842
96.1529060571 4.93220554148
91.7245944395 4.25830833945
87.2470779754 4.25287192063
82.81724608 4.91603701442
78.529355291 6.22968181848
74.4704099985 8.1590054976
70.7174912517 10.6552907542
67.3376508002 13.6591673583
64.3903441689 17.1036601808
61.9319692583 20.9164382262
60.0219829973 25.0208723318
58.7301752894 29.3356568895
58.14475339 33.7728065017
58.3805801131 38.233818374
59.5856132638 42.6037989102
61.9402391812 46.7436671679
65.6374672947 50.4818136197
70.8231023756 53.6099222598
77.4773038844 55.8934991769
85.2665831965 57.111002779
93.8255875554 60.139285715
102.28153838 58.9728385739
109.527644642 56.7669793817
115.222518065 53.7378366154
119.369517916 50.1099227813
122.144970437 46.0777238026
123.767403768 41.796886613
124.435143045 37.3896449099
124.307508061 32.9537332525
123.505437699 28.5703949893
122.11854004 24.3104300849
120.213220524 20.2383951816
117.840173177 16.4153000982
115.040921954 12.9000827217
111.853497136 9.75003475165
108.317315225 7.02027749636
104.477160039 4.76237789847
100.385974938 3.02225664368
96.1060795561 1.83765879972
91.7085120708 1.23559157165
87.2705054787 1.23021718131
82.8715589794 1.82165522759
78.5889787101 2.99597255582
74.4939317573 4.72636310221
70.6488930892 6.97524369831
67.106954483 9.69681326702
63.9130107677 12.8395868433
61.1065277782 16.348497822
58.725505075 20.166295747
56.8113405488 24.2340862736
55.4144911725 28.490922794
54.6009962819 32.8723514254
54.4599508461 37.30773877
55.1116300189 41.7161025028
56.714591887 46.0001001821
59.4665107213 50.0380537863
63.5859279038 53.6750264967
69.2509404225 56.7172545973
76.4697650482 58.9405488678
84.9087642912 60.128041924
94.2349230142 63.1751411884
103.478860716 62.0164102827
111.361149434 59.8322797068
117.538052455 56.8451173702
122.058935004 53.2784196567
125.151150832 49.3189031726
127.071546304 45.1106892904
128.043155866 40.7630391258
128.24022529 36.3603688267
127.792304325 31.9706019613
126.793386493 27.6512564496
125.310956057 23.4536529553
123.393600023 19.4257414706
121.077180848 15.6139189796
118.389916499 12.0640660166
115.356708232 8.82191788806
112.002927114 5.93281668661
108.357699658 3.44086463719
104.456558536 1.3875196286
100.343186404 -0.190261545974
96.0699333124 -1.26213048805
91.6968828467 -1.80640575066
87.2894907727 -1.81172899601
82.9151600466 -1.27799528525
78.6394159875 -0.216361738596
74.5224669128 1.35166733726
70.6168183002 3.39588622933
66.9663107851 5.87944252701
63.6066116064 8.76094678476
60.5669379087 11.9963363131
57.8726926814 15.5402894495
55.5487393694 19.3470832637
53.6231779718 23.3708530967
52.131659504 27.5652335296
51.1224467724 31.8823356676
50.6625600426 36.2709468438
50.8453565577 40.6737276182
51.799553622 45.0230362743
53.6983986383 49.2348854297
56.7639656891 53.2006359845
61.2528102268 56.7769932694
67.3940633758 59.7781419096
75.2428956137 61.981102831
84.4656107429 63.1628101374
94.7556801749 66.2314743258
104.975271782 65.0560528566
113.585820329 62.8541751434
120.249250048 59.8658024947
125.092857861 56.3212348927
128.421569002 52.4038655692
130.545752548 48.249083545
131.720353254 43.9554950632
132.137561358 39.5965610399
131.936825783 35.2294550067
131.217483453 30.9011756094
130.049567678 26.6526419394
128.482123353 22.5214290479
126.549451258 18.5435957045
124.275882028 14.754880363
121.679594038 11.1914162531
118.775848307 7.8900330421
115.579871264 4.88816036873
112.109478226 2.22332316891
108.387394712 -0.0677794964064
104.443107657 -1.95058920623
100.313989148 -3.39431414543
96.0454206896 -4.37370629594
91.6897410424 -4.87075684267
87.304048241 -4.8760397932
82.9471548338 -4.38946054715
78.6762259221 -3.42026350263
74.5437219804 -1.98629715684
70.5951795818 -0.112680043255
66.8681345297 2.16989051365
63.3922231508 4.8269166566
60.1902879627 7.82173103684
57.2802164388 11.1168190508
54.6772542938 14.6747484524
52.3966229454 18.4586825285
50.4563955021 22.432484835
48.8807211696 26.5604258797
47.7036258703 30.8064773123
46.9737589916 35.1331276588
46.7605975616 39.4995709529
47.1627081164 43.8589956444
48.3184988415 48.1545262028
50.4188341507 52.3131642943
53.7172123904 56.2369982207
58.5231235699 59.7916124805
65.142992196 62.7947703405
73.7110489616 65.0170044448
83.9028427512 66.2177646175
95.4395160604 69.3105264812
106.900521324 68.0903081269
116.355953586 65.8277489341
123.502274107 62.7942388593
128.601545837 59.2339688594
132.074716607 55.3294217522
134.303811691 51.2080717279
135.582362334 46.9585747235
136.122122616 42.6444677424
136.072216051 38.3135847109
135.536705615 34.0041390359
134.587839536 29.7486202087
133.275448101 25.5763278984
131.633540388 21.5150590076
129.685019758 17.5922522898
127.445195664 13.8357618813
124.924563732 10.274347297
122.13117251 6.93791345206
119.072778156 3.85749923694
115.758888606 1.06499279181
112.202702776 -1.40745389366
108.422853578 -3.52832626265
104.44477453 -5.26794694582
100.301451098 -6.59990442073
96.0333213503 -7.50257777923
91.6871819325 -7.96056825366
87.3141335254 -7.96582186969
82.9668211715 -7.51825133895
78.696411143 -6.62574290947
74.5498201126 -5.30354686739
70.5676413776 -3.57316377792
66.7830283506 -1.46091721241
63.2215741364 1.00357133096
59.9020462848 3.78881497032
56.8377422908 6.86266725891
54.0382262414 10.1932304043
51.5112646195 13.7494475433
49.264867888 17.5013938122
47.3094411751 21.4202935496
45.6601433705 25.4782858148
44.3396533772 29.6479403499
43.3816587317 33.9014914604
42.8355342147 38.2097038614
42.7728823479 42.5402016569
43.2968489376 46.8549598924
44.5552637522 51.1064494973
46.7581146443 55.2316206416
50.1967497129 59.142582765
55.25124788 62.7130090886
62.3431307824 65.7619277453
71.7424722096 68.0464971819
83.1650712828 69.2950123917
96.3757913892 72.4140130255
109.4663862 71.112586076
119.900851122 68.7384439491
127.492232686 65.6131065275
132.740628848 62.0006158268
136.237506772 58.0822711617
138.455935654 53.9763184618
139.73217005 49.7607450402
140.296510099 45.4891967298
140.305497217 41.2007803952
139.865754823 36.9259478077
139.050083624 32.6900743916
137.908073053 28.5157042178
136.473129906 24.4240146172
134.767233118 20.4358113792
132.804267366 16.5722278126
130.592487086 12.8552210302
128.136472409 9.3079100409
125.438817309 5.95476834408
122.50170722 2.82166161934
119.328477402 -0.0642939046907
115.925180216 -2.67508447134
112.302121444 -4.98239318852
108.475252957 -6.95845058041
104.467241693 -8.57712526029
100.307994206 -9.81519325886
96.0344288833 -10.6536718379
91.6893746698 -11.0790581711
87.3196323833 -11.0842936939
82.9734245221 -10.6692962076
78.6976170009 -9.84096619586
74.5351585725 -8.61266620494
70.5231241659 -7.00326488366
66.6915924532 -5.03590255895
63.0633980943 -2.73665756015
59.6546404979 -0.133273749881
56.4757423566 2.74593533972
53.5328367702 5.87294309809
50.8293015323 9.22061020453
48.3673261189 12.7630430292
46.1494697743 16.4757398687
44.1802372495 20.3355571786
42.4677618864 24.3205205153
41.0257514618 28.4094900607
39.8759345218 32.5816687066
39.0513647962 36.815909112
38.6011290486 41.0897279582
38.5973012852 45.3778568058
39.1454380639 49.6500232847
40.4005001782 53.8674175184
42.5904649768 57.9768862815
46.0483455059 61.9012603923
51.2434311621 65.5236244836
58.7654488491 68.6646588891
69.122650924 71.062520359
82.1565772425 72.39603742
97.7334851767 75.5424731399
113.041280246 74.1070526368
124.573353008 71.5566645688
132.484310079 68.2891871249
137.698981698 64.5908456198
141.048947941 60.6370998912
143.112194705 56.5331152418
144.264784115 52.3442200642
144.749596197 48.1135087728
144.72525187 43.8714964697
144.296849383 39.6414794906
143.534784705 35.4426215945
142.486358104 31.291815868
141.183078163 27.2048688318
139.645384631 23.1972968924
137.8858076 19.2848923239
135.911176503 15.4841442627
133.724260831 11.8125592063
131.325089984 8.28890003328
128.712118949 4.93334498332
125.883354322 1.76755461815
122.837515262 -1.18537584293
119.575265689 -3.90110898121
116.100509878 -6.35443539198
112.421690388 -8.51984983562
108.55296771 -10.3723459753
104.515106158 -11.888413973
100.335860056 -13.0471851542
96.0496718683 -13.8316227351
91.6965764499 -14.2296196003
87.3203485102 -14.2348487527
82.9660996072 -13.8472313665
78.6776700514 -13.0729427455
74.49521591 -11.9239551369
70.4533391192 -10.4171953198
66.5799712126 -8.57345106098
62.896051966 -6.4161807964
59.4159000964 -3.97036628708
56.1480889404 -1.26151037285
53.096620902 1.68516326539
50.2622240069 4.84529172547
47.6436484063 8.19574798468
45.238900285 11.714837424
43.0464040593 15.3823487326
41.0661280837 19.179489511
39.3007474642 23.0887294277
37.7569572358 27.0935632264
36.4471008598 31.1781925583
35.3913585601 35.3271081866
34.6208725293 39.524528946
34.1824140456 43.7536134483
34.1455952177 47.9952900083
34.6143211756 52.2264196881
35.7453520045 56.416755805
37.7786202242 60.5236691655
41.0855621665 64.4826554334
46.2374657239 68.1900235026
54.0590924404 71.4728467042
65.4798199809 74.0484643779
80.6966475762 75.5209441517
99.8742760613 78.6933904807
118.314197148 77.0385626337
130.925699272 74.2267919062
138.832528201 70.7660132891
143.69848243 66.9559048575
146.65642814 62.9543226018
148.379922813 58.8467973915
149.266758128 54.6831750013
149.55815638 50.4950960259
149.405081826 46.3045068561
148.904621578 42.1280276913
148.120416137 37.9793353169
147.0945233 33.8705485175
145.854553946 29.8130890645
144.418115396 25.8182556766
142.795677257 21.8976352133
140.992493715 18.0634180044
139.009958233 14.3286532325
136.846624641 10.7074620727
134.499048693 7.21521425397
131.962557736 3.86866451986
129.232027398 0.686037466589
126.302722873 -2.31295818226
123.171241634 -5.10721144168
119.836568283 -7.67441742459
116.301216931 -9.9914434951
112.572390638 -12.034878917
108.663034942 -13.7817786867
104.592614548 -15.2105860764
100.387417429 -16.3021823243
96.0802105161 -17.0409718453
91.7091505889 -17.4158782215
87.3159878884 -17.4211134466
82.9437565789 -17.0566006654
78.6342740815 -16.3279799193
74.4258216198 -15.2461959066
70.3513305741 -13.8267365668
66.4372728939 -12.0886413088
62.7032972522 -10.0534163678
59.1625175621 -7.74398270586
55.8222793856 -5.18374913268
52.6852083269 -2.39586327702
49.7503683981 0.597343258079
47.0144059529 3.77472569251
44.4726073326 7.11653825505
42.1198444795 10.6045190124
39.9514184095 14.2218777866
37.9638366922 17.9532129048
36.1555819758 21.7843759218
34.5279497132 25.702296053
33.0860616968 29.6947680822
31.8402076653 33.750198375
30.8077458429 37.8572917173
30.0159327524 42.0046437451
29.5063059648 46.180173283
29.3417152858 50.3702726596
29.6180004912 54.5584433142
30.4840800853 58.7229537743
32.1776904394 62.8325544612
35.0905028501 66.8381428394
39.885355091 70.6556677076
47.6785092985 74.130280275
60.1229492629 76.9678673615
78.3995590459 78.6662964002
88.9740278852 82.0352653608
117.673208301 80.8298345186
135.423876466 77.8643845129
144.850231045 74.1009152829
149.90946156 69.9930825084
152.649837347 65.7249480352
154.054040158 61.3791977648
154.622069409 56.9985501276
154.626977609 52.6082829718
154.227025612 48.2253865965
153.518106082 43.8627022305
152.559998296 39.5309867348
151.390361587 35.2400433177
150.032605833 30.999401845
148.500529196 26.8187706497
146.801168439 22.7083685205
144.936626494 18.679192683
142.905305034 14.7432518231
140.702796419 10.9137781335
138.322597711 7.20542246712
135.75676028 3.63442873576
132.996561486 0.218776046785
130.033268297 -3.02173108109
126.859048164 -6.06545281864
123.468062767 -8.88902138644
119.857748732 -11.4676090682
116.030240594 -13.775401349
111.993824096 -15.7863108763
107.764229759 -17.4749446563
103.365507886 -18.8177965521
98.8301994786 -19.7945826102
94.1985688032 -20.3895791603
89.5168108826 -20.5927820565
84.8343698895 -20.4007008744
80.2007349154 -19.8166465324
75.6622283374 -18.8504584359
71.259304172 -17.5177222919
67.0247284269 -15.838618248
62.9827839901 -13.8365850088
59.1494186201 -11.5369822625
55.5331044972 -8.96589291222
52.1361240462 -6.14914917281
48.9560217217 -3.11161178381
45.9870295753 0.123309214111
43.2213526388 3.53392742375
40.6502678019 7.10039114906
38.2650391775 10.8046760832
36.0576848936 14.6304967889
34.0216501583 18.5631656106
32.1524560277 22.5894189138
30.4484097561 26.6972223765
28.9114891541 30.8755594093
27.5485616785 35.1141988687
26.3731889203 39.4034284268
25.4084372084 43.7337251222
24.6914451053 48.0953083588
24.2811645431 52.4774688916
24.2721037182 56.8674568022
24.8200669718 61.248456597
26.1934477385 65.595540077
28.8827337423 69.8667429466
33.8498202796 73.9811754145
43.097751205 77.7595026185
60.526380843 80.7602570918
113.390943867 84.5337485465
141.810514509 81.4309431512
152.702104667 77.3088314563
157.351822255 72.8963837373
159.425780956 68.3796465535
160.218748396 63.822749967
160.27911365 59.2547141603
159.872911394 54.6919179366
159.141958496 50.1454976769
158.166720074 45.6242752258
156.994464226 41.1361023155
155.653088547 36.6885675488
154.1584193 32.2894229458
152.518293807 27.946880736
150.734955547 23.6698500417
148.806522176 19.4681479814
146.727931071 15.352702875
144.49159419 11.3357579429
142.087907645 7.43107752119
139.505718454 3.6541520873
136.73283073 0.0223919971295
133.756624708 -3.44470805905
130.564856886 -6.72546165726
127.14670076 -9.79597951808
123.494066967 -12.6303056565
119.603199975 -15.2007608674
115.47647778 -17.4785547537
111.124240662 -19.434713549
106.566358833 -21.0413346317
101.833153624 -22.2731166297
96.96526927 -23.1090329769
92.0122081204 -23.5339374514
87.0295064797 -23.5398447977
82.0748805421 -23.1266485053
77.20398047 -22.3021306648
72.466516108 -21.0812618395
67.9033987555 -19.4849326451
63.5452381395 -17.5383534054
59.4121806945 -15.2693792304
55.5148073 -12.7069738287
51.8556887217 -9.87994648962
48.4312115939 -6.81601533942
45.2333817119 -3.54118730851
42.2514275768 -0.0794082140086
39.4731283187 3.54757811496
36.8858615914 7.32022190321
34.4774094435 11.2210619857
32.2365812657 15.2345624026
30.1537218975 19.3469191035
28.2211781244 23.5458549947
26.4338053922 27.8204136247
24.7896163193 32.1607553773
23.2907146057 36.5579543168
21.9447425444 41.0037875049
20.7672395548 45.4904994643
19.7856568978 50.0105079517
19.0465246883 54.555982911
18.6290019125 59.1181515662
18.6724010159 63.6859823254
19.4374550118 68.2433305523
21.4598071192 72.7617607776
25.9980763501 77.1788862996
36.5954370002 81.3153583619
64.2220985482 84.4732001998
87.4909316624 87.9191146625
154.189503855 84.8516222457
164.187723882 80.2866058228
166.779185031 75.5888816521
167.347699822 70.8639816448
167.07633046 66.1373028868
166.365647836 61.4199316648
165.385527326 56.7189581653
164.217948673 52.0401645947
162.905279556 47.3889766932
161.469695992 42.7708943052
159.922002645 38.191738497
158.266008274 33.6578299278
156.500841032 29.1761441336
154.622232492 24.7544646172
152.623255841 20.4015445723
150.494767245 16.1272833296
148.225690896 11.9429207043
145.803237841 7.86124980302
143.213127123 3.89684556835
140.439871692 0.0663016479979
137.467194282 -3.61153867096
134.278644857 -7.11538140099
130.858496237 -10.4213475147
127.192990064 -13.5029579279
123.271980426 -16.3313070035
119.090963205 -18.8755065362
114.653373675 -21.1034828556
109.972882938 -22.9831869251
105.075252624 -24.4842200567
99.9991828352 -25.5797829049
94.7956065928 -26.2487374155
89.5251248858 -26.4774683124
84.253730598 -26.2611945859
79.0474916582 -25.6044512976
73.9672192805 -24.5206325023
69.0641524401 -23.0306989302
64.3773419246 -21.1613266786
59.9328965119 -18.9428460648
55.7447952848 -16.4072861603
51.8167227097 -13.5867385487
48.1443596165 -10.512135648
44.7176850999 -7.21244306747
41.523015318 -3.71420716653
38.544658129 -0.0413754203535
35.7661694248 3.78469259779
33.1712573625 7.745093248
30.7444063239 11.8231789261
28.4712972219 16.0043274819
26.3390959711 20.2757052002
24.3366754018 24.6260378266
22.4548330532 29.0453972073
20.6865729727 33.5250063686
19.0275406257 38.0570625606
17.4767492482 42.6345751556
16.0378420308 47.2512124189
14.7213653059 51.9011465149
13.5490573735 56.5788763023
12.5624747063 61.278983407
11.8419266051 65.9957102476
11.5533496247 70.7220341708
12.0860704945 75.4470723224
14.5797524156 80.1462335001
24.1259850987 84.71969105
195.710265209 87.5394502277
183.011952402 82.7588202175
179.292637972 77.9256388957
176.865509745 73.0917852401
174.854465748 68.2659083564
173.016677889 63.452828357
171.255142947 58.6566500092
169.521133896 53.8814291275
167.785483766 49.1314135186
166.027960224 44.4111786721
164.232658652 39.7257357907
162.385743062 35.0806373077
160.474215048 30.4820905791
158.485174802 25.9370857812
156.405336555 21.4535423728
154.220687756 17.0404777137
151.916241738 12.7082007794
149.475866782 8.46853287181
146.882196808 4.33505533943
144.116647704 0.323380994877
141.159582164 -3.54855961432
137.990685815 -7.26023460645
134.589637066 -10.7882601969
130.937167401 -14.1062311784
127.016607481 -17.184702507
122.815980587 -19.9914155283
118.330616734 -22.4918800335
113.56609953 -24.6504221209
108.541127 -26.4317698875
103.289619433 -27.8031580918
97.8612605589 -28.7367883848
92.3197704191 -29.2123146635
86.7386780322 -29.2189010863
81.1951031226 -28.7564022889
75.7627617148 -27.8353797653
70.5057080557 -26.4759502842
65.4740426466 -24.7057458938
60.702117116 -22.5574336775
56.2090215925 -20.0662496324
52.0006608587 -17.2678813918
48.072604528 -14.1968676584
44.4130382815 -10.8855364612
41.0053904509 -7.36341191553
37.8304405639 -3.65697995529
34.8678798096 0.210298451194
32.0973833749 4.21782074368
29.4992896239 8.34759357171
27.0549830748 12.5839495226
24.7470640935 16.9132605495
22.5593686603 21.3236659146
20.4768816028 25.8048236796
18.4855678361 30.3476891741
16.5721273904 34.9443204959
14.723657911 39.587709181
12.927175634 44.2716331264
11.168886641 48.9905281898
9.43297627382 53.739374141
7.69939426333 58.5135890089
5.93935314356 63.3089213674
4.10498828419 68.121316148
2.10156795105 72.9466792713
359.693889406 77.7802358375
356.045872125 82.6135866397
344.173681222 87.3993715339
270.705895471 86.5614609245
213.435595319 84.0602705201
196.071169019 79.6533307982
188.439210913 74.934169648
183.780951463 70.1309516616
180.365498591 65.3007169939
177.569838013 60.4656311506
175.115160019 55.6374310904
172.856407488 50.8240268441
170.708868436 46.0318191451
168.618021729 41.2666907859
166.545558978 36.5345138706
164.462260284 31.8414621308
162.344064896 27.1942431184
160.169748098 22.6003020424
157.919458262 18.0680236885
155.573742998 13.6069477118
153.112874657 9.22800705267
150.516381603 4.94379568217
147.762749436 0.768868450905
144.829297506 -3.27992889273
141.692271331 -7.18310880278
138.327225462 -10.9181909932
134.709803778 -14.4593896734
130.817048364 -17.7774015997
126.629368656 -20.8393885469
122.133252492 -23.6092809204
117.324664992 -26.0485530582
112.212831215 -28.1176145145
106.823747376 -29.7778973062
101.202415316 -30.9945742154
95.4126575363 -31.7396255993
89.5336915497 -31.9947454477
83.6535059949 -31.7534571635
77.8602125149 -31.0219040016
72.2333682555 -29.8180991319
66.8372762558 -28.1698394814
61.7174671331 -26.1118124603
56.9004339333 -23.6825257283
52.3958155923 -20.9215745226
48.1998880348 -17.8675355572
44.299349861 -14.5565574814
40.6747371417 -11.0215707079
37.3031548125 -7.29197315064
34.1602653638 -3.39364096578
31.2216140943 0.650863273758
28.4634220443 4.8219794846
25.8629782174 9.10279946243
23.398738876 13.4787155442
21.0502094163 17.9370897695
18.7976503803 22.4669530814
16.6216140138 27.0587366582
14.502276923 31.704032713
12.4184773667 36.3953786446
10.3462712325 41.1260549148
8.25664311059 45.8898815825
6.11164242931 50.6809875369
3.85739334694 55.4935017915
1.41041498463 60.3210549514
358.628204163 65.155810171
355.237918995 69.9862100978
350.633100689 74.7906014068
343.142321881 79.5138495606
326.319012289 83.9390019025
247.176212729 83.4463656896
216.920409781 80.4224161816
202.271318841 76.2183516557
194.013395713 71.6328152493
188.520797036 66.8986854987
184.407073067 62.0992823265
181.058052217 57.271888212
178.163510075 52.436619412
175.549325086 47.6062565102
173.108840419 42.7901932373
170.771513015 37.996254916
168.487239853 33.2316473504
166.217907455 28.5035201525
163.932526738 23.8193519755
161.604259871 19.1872557945
159.208499276 14.6162553485
156.721562005 10.1165621208
154.119767502 5.6998712903
151.378780118 1.37968861486
148.473168818 -2.82830511596
145.376189425 -6.90585186296
142.059842203 -10.8316858759
138.495305233 -14.5810998924
134.653891181 -18.1255565343
130.508711464 -21.4324273317
126.037232777 -24.4649854329
121.224832994 -27.1828245893
116.069249499 -29.5429081436
110.585420911 -31.5014339796
104.80969115 -33.0165913404
98.8018727466 -34.0520543591
92.6436259549 -34.5807355625
86.4323561606 -34.5880352473
80.2713247308 -34.0737562408
74.258240873 -33.0521307871
68.4752951308 -31.5499514388
62.9829365803 -29.6033471039
57.8181349831 -27.254031956
52.9963627738 -24.5457968862
48.515762268 -21.5217292725
44.3619862424 -18.2223240801
40.5126658147 -14.684415005
36.9409934747 -10.9407412516
33.6183060724 -7.01994585086
30.5157710351 -2.9468317531
27.6053599359 1.25725164678
24.8602940802 5.57397505472
22.2551109339 9.98759821082
19.7654531927 14.4845666367
17.367634603 19.0531460513
15.0379892898 23.6830944736
12.7519587429 28.3653655307
10.4828004001 33.0918311712
8.19969020599 37.8550055876
5.8647906824 42.6477414152
3.42846146925 47.4628480109
0.820955810105 52.2925357179
357.937051632 57.1274835544
354.605385846 61.9550592393
350.521516838 66.7554687558
345.084837292 71.4922133007
336.94540483 76.084216867
322.586804627 80.3064998107
292.975158207 83.3897413485
269.970707428 81.3067550958
238.447134604 79.9940364988
217.831843219 76.762342996
205.510486418 72.6570908057
197.525116889 68.1712161247
191.818281614 63.5039572538
187.395973325 58.7439276627
183.746033485 53.9360550704
180.582510061 49.1061524577
177.733361698 44.2709017098
175.087844957 39.4423661849
172.570053507 34.6302423699
170.124705847 29.8430965744
167.70904321 25.0891171143
165.287949038 20.3766276958
162.830849861 15.7144853309
160.309643553 11.1124300005
157.697245903 6.58142605521
154.966531744 2.13402121732
152.089555745 -2.21525935412
149.037011485 -6.44947323861
145.777947552 -10.5487726065
142.279818539 -14.4898776801
138.509013001 -18.2455421082
134.43206716 -21.78407276
130.017826244 -25.0690137364
125.240814495 -28.059166082
120.085948878 -30.7091798837
114.554387263 -32.9709942205
108.669681293 -34.7963583816
102.482605995 -36.1404784951
96.0724525208 -36.9664671162
89.5428309292 -37.2498126867
83.0115704606 -36.9817644135
76.5967015661 -36.1706225696
70.4023801575 -34.8405141166
64.5086436352 -33.0280526527
58.9670484435 -30.7778828215
53.8018351171 -28.138217622
49.0146921937 -25.1571636166
44.5908982617 -21.8801684732
40.5051928978 -18.3485543449
36.7265262783 -14.5989065532
33.2214650515 -10.6630418662
29.9563834212 -6.56831807751
26.8986991335 -2.33811158187
24.0174171747 2.00764835606
21.2831917653 6.45195222566
18.668050525 10.9802207919
16.1448604222 15.5798638806
13.6865558888 20.2398851361
11.26508958 24.9505222523
8.84999343138 29.7029054237
6.40633033518 34.488708462
3.89163469882 39.2997531552
1.25110191503 44.1275007847
358.409615286 48.9623098517
355.257783963 53.7922196284
351.625996704 58.6007418517
347.232938973 63.362447806
341.57594448 68.0332352265
333.681761118 72.5264524175
321.538046503 76.6480161435
301.243768215 79.9182563359
256.459637559 78.4873284998
233.653619012 76.4586826107
217.892282622 73.097168526
207.299176843 69.0387343632
199.806417053 64.6209821849
194.153577144 60.0086314463
189.63263548 55.2862852035
185.835855691 50.5012102994
182.516413935 45.682272782
179.516603425 40.8487467051
176.730132738 36.0147074333
174.08148463 31.1913894546
171.514076003 26.3885528895
168.983139544 21.6153463874
166.451237813 16.8809093852
163.885297036 12.1948432164
161.254546748 7.5676254008
158.529018717 3.01101350539
155.678411376 -1.46152996421
152.671222737 -5.8343692608
149.474127142 -10.0891688774
146.051638242 -14.204303691
142.366174466 -18.1542164299
138.378730119 -21.9087600819
134.050450438 -25.432606994
129.345486001 -28.6848728901
124.235494855 -31.6191918013
118.705950643 -34.1845689805
112.763850994 -36.3273833578
106.445431632 -37.9948199754
99.8213179348 -39.1396871184
92.9959401761 -39.7259983358
86.0990269432 -39.734073177
79.2699010613 -39.1636437967
72.6387864872 -38.0338991581
66.3109533193 -36.3804508415
60.3579889245 -34.2502663744
54.8170170381 -31.696081129
49.6957350511 -28.7715490791
44.980097294 -25.5277700353
40.6420474404 -22.011251251
36.645873765 -18.2630283055
32.9527600626 -14.3185738795
29.5236805085 -10.2081651908
26.3210044582 -5.9574715115
23.3091879201 -1.58821140049
20.454852596 2.88120359635
17.7264581854 7.43507734069
15.0936864413 12.0599008137
12.5265813067 16.7438823552
9.99442242635 21.4765218555
7.46423736781 26.2482067456
4.89876225835 31.0497986597
2.25351014763 35.872164975
359.472343826 40.705582039
356.480460636 45.5388828897
353.172740448 50.3581112933
349.393460944 55.1442049833
344.89929775 59.8686885144
339.288941002 64.4850559883
331.866443718 68.91028352
321.392742876 72.9830937345
305.822771983 76.3730645043
283.224131309 78.4536710405
269.792076195 76.2404055756
248.044933756 75.3438476349
230.435626535 72.8894678229
217.597890052 69.4305285762
208.301070125 65.3913226247
201.321741189 61.0187291066
195.835347589 56.4489062847
191.328007469 51.7592671373
187.477854296 46.9964483022
184.076852736 42.190479494
180.985043285 37.3621096025
178.104097056 32.5267720545
175.361719486 27.6968541572
172.702152349 22.883081322
170.08016847 18.0954274184
167.457113893 13.3437705011
164.798177647 8.63841785592
162.070413491 3.99057558416
159.241235031 -0.587187615985
156.277226463 -5.08044675743
153.143195427 -9.47236992168
149.801466448 -13.7430914132
146.211490297 -17.8690005848
142.329939669 -21.8219580284
138.111582002 -25.5684866719
133.51135836 -29.0690463859
128.488209861 -32.2775951355
123.011170171 -35.1417655939
117.067883017 -37.6041128104
110.674763255 -39.6049311361
103.886439952 -41.0869508678
96.8004584935 -42.0016666446
89.5529006963 -42.316169589
82.3031160322 -42.0185787703
75.2107869033 -41.1201636119
68.4128786758 -39.6533294431
62.0080942005 -37.6662528164
56.0522022305 -35.2160595802
50.5625454495 -32.3624633754
45.5274137867 -29.1630178688
40.9162255266 -25.6702513079
36.6881058649 -21.9303827521
32.7980461851 -17.9831230317
29.2007860886 -13.8621020088
25.8529324671 -9.59558953325
22.713859001 -5.20730399453
19.7458187312 -0.717197764619
16.913564179 3.85782929329
14.1836483663 8.50330066898
11.5234844435 13.2066106768
8.90016442756 17.9565295485
6.2789657196 22.7427393325
3.62139053497 27.5553651998
0.882464111513 32.3844530521
358.006823668 37.2193192481
354.922791828 42.0476504861
351.533014214 46.8541385321
347.699102078 51.6182465644
343.215614137 56.3103131515
337.765053428 60.8843654981
330.840869015 65.2642353484
321.629776734 69.3161501693
308.919241396 72.7975818825
291.460903913 75.2900916866
260.07639857 73.5682435421
242.313159506 72.0397578856
228.022711793 69.3014267816
217.142775405 65.7630971877
208.845542452 61.7277766278
202.342554123 57.3844634598
197.064928478 52.8467744284
192.630413498 48.1843597041
188.783469755 43.4417559752
185.349805097 38.6489579493
182.206832611 33.8273644312
179.265146317 28.9932253023
176.456855912 24.1597289199
173.728082391 19.3383374295
171.033978949 14.5397016701
168.335298129 9.77434407747
165.595914971 5.05322256229
162.780946579 0.388248139638
159.855250084 -4.20719246
156.782175571 -8.71766973539
153.522525169 -13.1250678624
150.0337442 -17.4078400333
146.269462924 -21.5401506218
142.179634258 -25.4909170574
137.711684467 -29.2228124424
132.813298019 -32.6913755118
127.437623668 -35.8445104382
121.55162855 -38.6228412957
115.147695876 -40.9615607739
108.2569685 -42.7944328475
100.960423344 -44.0602344359
93.3914802939 -44.7109724827
85.7247035789 -44.7199176673
78.1506479414 -44.0867029233
70.8446981628 -42.8373971353
63.9416151922 -41.0195219703
57.5238243493 -38.6940602445
51.62370336 -35.9272119259
46.2345140943 -32.7838897621
41.3237500855 -29.3236511801
36.8448114718 -25.5987993204
32.7454510339 -21.653997224
28.9730576921 -17.5267520255
25.4774965209 -13.2482990475
22.2122949108 -8.84459884726
19.1348016521 -4.33729762678
16.2057412197 0.255411789814
13.3884127492 4.91804223966
10.6476551977 9.63716617684
7.94860688743 14.4008469436
5.25521267638 19.1981155031
2.52835769528 24.0184534407
359.72341299 28.8512314737
356.786838751 33.6850315639
353.651263706 38.5067412724
350.228076584 43.3002349939
346.395919088 48.0443161986
341.982421042 52.7093244157
336.735064118 57.2512889415
330.276245416 61.6015412256
322.043552001 65.6481786859
311.254410877 69.2050532045
297.074656818 71.9729699565
279.399659028 73.5438616531
269.710127376 71.3074431875
252.920929533 70.6176073501
238.113897202 68.6443214346
226.091800238 65.7004538574
216.617764266 62.0947519476
209.112632085 58.0546322733
203.035641224 53.7297781951
197.977082248 49.2161187008
193.645571199 44.5759722428
189.835941748 39.8511492142
186.401830949 35.0709010775
183.23623125 30.2567085746
180.258406436 25.4252240803
177.405154735 20.5901450015
174.624893797 15.763466497
171.873546719 10.9563752572
169.111570671 6.17994234637
166.301706446 1.44571573803
163.407178933 -3.23371825737
160.390179281 -7.84415228596
157.210534365 -12.3691103753
153.824538305 -16.7890972858
150.184003277 -21.0807131003
146.235704116 -25.2156153419
141.921566765 -29.1593425587
137.180201406 -32.8700788559
131.950689362 -36.2975606178
126.179778846 -39.3825253031
119.833500623 -42.057369106
112.913078859 -44.2489176169
105.472274419 -45.884161561
97.6293410948 -46.8990784182
89.5643604939 -47.2490771624
81.4963006834 -46.9178276272
73.6446940666 -45.9208204389
66.1910783963 -44.3019870134
59.2555140628 -42.1249680384
52.8934065656 -39.4626629174
47.1071877921 -36.3883357688
41.8636211624 -32.9697920383
37.1098059271 -29.2665372124
32.7849200106 -25.3290746106
28.8275251359 -21.1994340526
25.1794307346 -16.9122569763
21.7872751274 -12.4960315826
18.6027414779 -7.97427244295
15.5820172808 -3.36656263473
12.6848532323 1.31055678082
9.87339993544 6.04283279489
7.11088237039 10.817650567
4.36008892976 15.6234495685
1.58158265515 20.4491623633
358.731467914 25.2836240057
355.758446155 30.1148835459
352.599744642 34.9293182685
349.175268516 39.7103949357
345.378968398 44.4368203916
341.065914931 49.0796405832
336.033073039 53.5975237564
329.992125789 57.9289321908
322.537330471 61.979207912
313.131408576 65.6006436951
301.192772605 68.5684301131
286.464779911 70.5757173144
262.021140841 68.7247705777
247.480175667 67.4905838856
234.868303447 65.1905409302
224.483953012 62.0892673806
216.070815566 58.4251856292
209.208552495 54.3754521466
203.508371592 50.0617551204
198.66468405 45.5660401211
194.450295634 40.9440496894
190.698313303 36.2346888664
187.285040268 31.4660754978
184.11689104 26.6593979438
181.121025423 21.8314078564
178.238750531 16.9960803878
175.420830569 12.165771524
172.624066212 7.35207747909
169.808699363 2.56652752677
166.936340202 -2.17880053652
163.968211706 -6.87067634751
160.86357835 -11.4940701932
157.578286777 -16.0314145046
154.063414301 -20.4617271819
150.264117989 -24.7595551522
146.118932271 -28.8937119282
141.560013336 -32.8258235035
136.515204388 -36.5087875336
130.913270447 -39.885427141
124.694018321 -42.8879162383
117.824687478 -45.4389485474
110.321903799 -47.4559345379
102.273731527 -48.8592730994
93.8503378868 -49.5843433719
85.2903456465 -49.5942990809
76.8598371104 -48.8886287098
68.7988328623 -47.5032816706
61.2796786669 -45.5022940992
54.3926193177 -42.9650376847
48.1559565293 -39.9741542462
42.5379670004 -36.6071685613
37.4789589064 -32.9321913649
32.9078390568 -29.0066859312
28.7523898359 -24.8780103238
24.9446136261 -20.5847521034
21.4228644254 -16.1582688172
18.1321284111 -11.6241465692
15.0233395228 -7.00346824212
12.0522368474 -2.31387537473
9.17801716454 2.42955075461
6.36187874666 7.21354747461
3.56545448356 12.0260221358
0.749063890457 16.8554477167
357.869652588 21.690248712
354.878216883 26.5181118622
351.716413855 31.3251334693
348.311917751 36.0946735761
344.571891058 40.8057149157
340.373716195 45.4304016845
335.552033852 49.930233245
329.88174347 54.25009499
323.059819881 58.3090093751
314.699678102 61.9867186179
304.380059006 65.1079245533
291.834819739 67.4358378001
277.339340798 68.7054332884
269.662259082 66.4635453959
255.885461783 65.8983104673
243.210736362 64.2452455852
232.26168131 61.6958859039
223.111984121 58.469303495
215.529698932 54.7541097063
209.2000109 50.6923239488
203.832881903 46.384948233
199.19369295 41.9027412919
195.101660945 37.2956735699
191.419194159 32.5997917313
188.040876128 27.8418866317
184.884460984 23.0426163355
181.884057769 18.2186150795
178.98508195 13.3839566478
176.140489962 8.55121564859
173.307894324 3.73228743931
170.447255148 -1.06092368276
167.518925203 -5.81586823758
164.481887799 -10.518703291
161.292077487 -15.1535747625
157.900725375 -19.701773731
154.252742346 -24.1407087592
150.285273305 -28.4426382932
145.926768263 -32.5731236926
141.097282685 -36.4892159921
135.711296049 -40.1375169811
129.68508464 -43.4525159681
122.951232574 -46.3560523066
115.482123081 -48.7593458885
107.320299006 -50.5694204829
98.6052759486 -51.7010716617
89.5778639525 -52.0928973245
80.5460839909 -51.7219826116
71.8189507171 -50.6100672448
63.6397447298 -48.8176870856
56.1508350895 -46.4296285252
49.3971064404 -43.5388455582
43.3524355424 -40.2343448335
37.9501390308 -36.5946198558
33.1067080869 -32.6855257146
28.7365485647 -28.560768821
24.7595131505 -24.2635535296
21.1038136152 -19.8285206705
17.706369687 -15.2835670576
14.5119022409 -10.651400361
11.4714960127 -5.95081399311
8.54098530487 -1.19772063786
5.6793001665 3.59399982591
2.84678884052 8.41178000759
0.00345994671426 13.2437157029
357.10703581 18.0779303299
354.110657848 22.9018894641
350.960023293 27.7015863506
347.589651826 32.4604899513
343.917882697 37.1580967229
339.840119565 41.7678456957
335.21989461 46.2540328035
329.87789601 50.5671985737
323.58123277 54.6373384698
316.041339081 58.3645213552
306.943098233 61.6080983426
296.049390333 64.1807865008
283.420641478 65.8638129615
263.255318646 63.9361963546
250.925116505 62.8968709743
239.769572844 60.9159455424
230.110646931 58.1704524092
221.924268606 54.8414385253
215.011832494 51.0813284387
209.131237138 47.0065824102
204.059610037 42.7024535547
199.612402537 38.230634142
195.64312963 33.6360690056
192.036868078 28.9520995132
188.702949275 24.2041145228
185.568618816 19.4120963952
182.573982491 14.5924092225
179.668076358 9.75908764801
176.805788398 4.92480782696
173.945372871 0.101667820886
171.046342207 -4.69812986563
168.067564716 -9.46162069933
164.965433294 -14.1743815827
161.692005426 -18.8197324991
158.193060306 -23.3777688786
154.406097923 -27.8241502458
150.258458893 -32.1285680573
145.666043278 -36.252832445
140.533656768 -40.1485862996
134.758919169 -43.7548379478
128.2428742 -46.9958982492
120.911254164 -49.7810048695
112.748687537 -52.0078123943
103.840499873 -53.5723201455
94.4023348644 -54.3861578791
84.7676783599 -54.3973307819
75.319324505 -53.6051071148
66.3932421453 -52.0602432346
58.2087058368 -49.8504013679
50.85432242 -47.0794228014
44.3169068217 -43.8498681359
38.5232866206 -40.2528868706
33.3748404334 -36.3645852605
28.7691028771 -32.2463299957
24.6106116153 -27.9467863826
20.8149512477 -23.5043851043
17.3091660112 -18.9496170101
14.0305062187 -14.3069572581
10.92455644 -9.5964072921
7.94323481241 -4.83471395863
5.0428481121 -0.0363427596247
2.18223042494 4.78572015127
359.320912865 9.61926959977
356.417225732 14.4522237426
353.426199342 19.2719434052
350.297092999 24.0644559362
346.970338372 28.8134916701
343.373639472 33.4992070137
339.416956138 38.0964145629
334.98620174 42.5720644783
329.935950471 46.8816324351
324.082858389 50.9640252105
317.205074626 54.7348133542
309.060455215 58.0785760824
299.447542045 60.8439543673
288.334478267 62.8504348525
276.030814233 63.9200800347
269.630321931 61.6708075473
257.905081029 61.190096055
246.855650338 59.7661722964
236.936529186 57.52398658
228.302104008 54.6205288774
220.88858995 51.2063033404
214.529035593 47.4067681924
209.033067156 43.3191855966
204.225215603 39.0165190622
199.957303508 34.553018003
196.108703876 29.9692576509
192.582232359 25.2960693692
189.299162422 20.557433805
186.194654611 15.7725732196
183.213928587 10.9574743822
180.309138141 6.12602601333
177.436794272 1.29090807551
174.555562733 -3.53566461047
171.624274535 -8.34126420676
168.600006003 -13.1125684401
165.436102798 -17.8346097182
162.080044053 -22.4898833831
158.471082886 -27.0572321065
154.537689494 -31.5104083045
150.195025566 -35.8162058628
145.343109587 -39.9320675747
139.867177832 -43.8031651658
133.643210063 -47.3592165339
126.553582564 -50.5119177625
118.518999311 -53.1549781369
109.549079014 -55.1701100959
99.7989035782 -56.4425053921
89.594421198 -56.8855456729
79.3835132694 -56.4660579871
69.6159101396 -55.2155217631
60.6219288299 -53.2194158655
52.5612261431 -50.5921477621
45.4466714768 -47.4521694105
39.2006461988 -43.9062165773
33.7060620642 -40.0431022856
28.8388068997 -35.9335700843
24.4837602739 -31.6328241017
20.5405200752 -27.1837108429
16.9238567276 -22.6196518711
13.5619134098 -17.96705153
10.3936880044 -13.2471785246
7.36647293171 -8.47761382287
4.43348963025 -3.67337366316
1.55174756841 1.15219380498
358.680065673 5.98665486903
355.777153128 10.8178079686
352.799624538 15.6330065625
349.699806598 20.4184186661
346.423175303 25.1581433585
342.905250239 29.8330826327
339.067789525 34.4194325231
334.814239649 38.8866110408
330.024751422 43.1943926738
324.552010285 47.2890117382
318.221277943 51.0981523972
310.842243374 54.5253593493
302.246320308 57.4460296207
292.365028921 59.7102355721
281.344542512 61.1607030116
264.123138697 59.1737456495
253.414989467 58.2747177464
243.471409523 56.5369520011
234.566608613 54.0832077566
226.763141201 51.0503038423
219.984198112 47.5644361998
214.090031074 43.7304919131
208.928093735 39.6309266357
204.35741472 35.3289122012
200.256905538 30.8725129452
196.525790949 26.2984964907
193.080929963 21.6353883291
189.853320106 16.9057926926
186.784720005 12.1281264496
183.824679579 7.31792322928
180.927990838 2.48884112798
178.052467028 -2.34652020914
175.156924365 -7.17590868504
172.199232923 -11.9867434448
169.134302503 -16.7654059086
165.911870075 -21.4964268145
162.473962733 -26.1614853439
158.751942588 -30.7381153119
154.663142294 -35.1979860063
150.107369377 -39.5046011108
144.964188648 -43.6102680388
139.09322251 -47.4523093412
132.342146241 -50.9488892369
124.570459629 -53.995809693
115.698762437 -56.4674524635
105.784555602 -58.2271124356
95.0953467149 -59.1512566881
84.1112885958 -59.1639598309
73.4068892972 -58.26413374
63.4669811592 -56.5259533408
54.5653298555 -54.0721396124
46.7643320218 -51.0394339917
39.9872218739 -47.5539538066
34.0943777602 -43.720523498
28.9333885459 -39.6215541681
24.3633964587 -35.3201873231
20.2633992579 -30.8644665322
16.5326843035 -26.2911445253
13.0881553784 -21.6287352688
9.86084221203 -16.8998332498
6.79252712038 -12.1228463906
3.83277813918 -7.31329956671
0.936401895043 -2.48484192275
358.061224214 2.34993631512
355.16607287 7.17879314005
352.208829202 11.9891586431
349.14441444 16.7674262608
345.922577313 21.4981401024
342.485356688 26.1629944382
338.764125292 30.7395403014
334.676222561 35.1994667025
330.121453519 39.5062996941
324.979361046 43.6123711467
319.10950869 47.4550279515
312.35944957 50.9524529933
304.588467905 54.0004499907
295.716844904 56.4733674213
285.801723174 58.2344120227
275.110391367 59.1599038719
269.607096481 56.8947412281
259.393099239 56.4761518641
249.622184334 55.2261868815
240.625112242 53.2303187807
232.561801721 50.6030007681
225.445190659 47.4627505223
219.197607778 43.9163662483
213.701865334 40.0527106682
208.833749148 35.9425637102
204.478052377 31.6411554067
200.534305674 27.1913509656
196.917229109 22.6265860935
193.554928544 17.9732765786
190.386373953 13.2527011036
187.358836311 8.48244994501
184.425519854 3.67754850217
181.543419434 -1.14864570418
178.671340714 -5.98368911319
175.76798004 -10.81536961
172.789938881 -15.6310291513
169.689529994 -20.4168230012
166.412214425 -25.1568358401
162.893496109 -29.8319531054
159.055118186 -34.4183515158
154.80051624 -38.8854263902
150.009841644 -43.1929257795
144.535806514 -47.2870543486
138.203751855 -51.0954662844
130.823539954 -54.5216839944
122.226897787 -57.4411068666
112.345800436 -59.7038614713
101.326877484 -61.1528053389
89.6157264369 -61.6615142304
77.8946197809 -61.1797332511
66.8495506728 -59.7551716865
56.9342872783 -57.5127650421
48.3028867995 -54.6094155672
40.891573425 -51.1955272101
34.5335567827 -47.3964772753
29.0386463449 -43.3094719532
24.2315259328 -39.0074384782
19.964131068 -34.5446028866
16.1159139484 -29.9615246739
12.5897447541 -25.2890236806
9.30693459481 -20.5510711732
6.20267051519 -15.7668809602
3.22219148122 -10.9524315802
0.317666074548 -6.12160331859
357.445617355 -1.28706722453
354.564721585 3.53897146096
351.633819502 8.3440952855
348.609996844 13.1149933019
345.446608536 17.8367103676
342.091142567 22.4917556463
338.482859547 27.0589872803
334.550233701 31.5121750263
330.208423243 35.8181319865
325.3574285 39.9343215093
319.882441062 43.8059355003
313.659352133 47.3627076906
306.570385443 50.5163379608
298.536018179 53.1605150225
289.565595973 55.1768916505
279.813979242 56.4505530118
264.778291955 54.4068979226
255.327072547 53.6153583938
246.39810159 52.0708778071
238.210950544 49.8611315976
230.854377044 47.0900064923
224.31521862 43.8601181286
218.520251303 40.2626663315
213.370775103 36.3737976794
208.764246173 32.2549092476
204.605135074 27.9546888878
200.80897299 23.511584332
197.302762956 18.9560999078
194.02372369 14.3127220851
190.9174152 9.60146241729
187.93573591 4.83907731293
185.034976002 0.0400417401862
182.173954711 -4.78264844599
179.312188959 -9.61677786373
176.407994593 -14.4502536925
173.416386449 -19.2704247041
170.286606703 -24.0633047169
166.959067879 -28.8126085228
163.361453052 -33.4984742683
159.403700819 -38.0956926908
154.971707287 -42.5711875121
149.920043471 -46.8804026311
144.065397899 -50.9622081123
137.186029321 -54.7321367066
129.040047829 -58.0747406895
119.4264652 -60.8386715329
108.314082454 -62.8435054863
96.0129865736 -63.9115032721
83.2418170986 -63.9262348643
70.9167450245 -62.8859878411
59.7659865183 -60.9046437966
50.1108474251 -58.1591447737
41.9271733724 -54.830409157
35.0165610853 -51.0707541333
29.1371638314 -46.9965675665
24.0663203888 -42.6930581128
19.6196334335 -38.2218913219
15.6507199761 -33.6279953631
12.0447241171 -28.9447002214
8.71102174346 -24.1973859206
5.57688833835 -19.4060270284
2.58245041324 -14.5869800638
359.67675907 -9.75427185914
356.814713901 -4.92057024635
353.954578745 -0.0979642737675
351.055874443 4.70135336705
348.07747703 9.46442882114
344.975786646 14.1768506169
341.702867355 18.8219514593
338.204503527 23.3798407784
334.418197275 27.8261935015
330.271285263 32.1307178196
325.679652359 36.2552414318
320.548069614 40.1514242738
314.77409103 43.7582882801
308.258649664 47.0001490705
300.927313494 49.7862316359
292.764504782 52.0141496782
283.855354087 53.5798253832
274.415417914 54.3947791499
269.589130482 52.1019298467
260.554946842 51.7317694166
251.825218001 50.6203520956
243.643503077 48.8281995515
236.152364506 46.4401205763
229.396771206 43.5491110786
223.350599593 40.244223697
217.947119706 36.6039931318
213.102760133 32.6943078639
208.731865297 28.5689001943
204.754234789 24.270994421
201.098037177 19.8352470745
197.700157895 15.2895678532
194.505290615 10.6566755662
191.464498083 5.95537378526
188.533596157 1.20158491486
185.671498574 -3.59080148875
182.838538218 -8.40920808858
179.994708255 -13.2417201822
177.097714511 -18.0764498324
174.100679942 -22.9008500208
170.949280511 -27.7008996451
167.57801115 -32.4600508564
163.9051828 -37.1577798659
159.826168694 -41.7675007437
155.204473693 -46.2534782024
149.860775642 -50.5662138632
143.562222707 -54.6356566408
136.020405102 -58.3618264195
126.920593403 -61.6040414427
116.026398546 -64.1750454943
103.399199767 -65.856216705
89.6449040981 -66.4542199834
75.8739699159 -65.8877041588
63.2052298658 -64.2339551642
52.2610325038 -61.6844387048
43.1147504358 -58.4580629813
35.5346800574 -54.7432927137
29.2063711656 -50.6820504836
23.8400871031 -46.3752822827
19.2014169623 -41.8937158051
15.1097116038 -37.2873038652
11.4274635417 -32.59208212
8.04930930775 -27.8348334005
4.89303688069 -23.0362088542
1.89277753734 -18.2128359648
358.993961997 -13.3787814478
356.149557788 -8.54661226893
353.317186077 -3.72821540706
350.456814169 1.06451405323
347.528801078 5.81903669716
344.492135636 10.5215204878
341.302757115 15.1561231125
337.911899984 19.7041483997
334.264475865 24.1430187135
330.29762548 28.4450072479
325.939785951 32.5756906012
321.110985349 36.4921344474
315.725653162 40.1409524239
309.699983601 43.4566389909
302.966439623 46.3610258531
295.497248601 48.7653045686
287.334791636 50.5764428677
278.61847655 51.7091520838
265.300005672 49.6035964266
256.867235561 48.898505591
248.803910472 47.5134968596
241.282575599 45.512607238
234.39359928 42.975234137
228.155328147 39.9840567251
222.53602771 36.6166383618
217.47596552 32.9411240274
212.903998082 29.0150051625
208.747858895 24.8856622789
204.939507596 20.5917008239
201.417262624 16.1644929237
198.126081113 11.6296370252
195.016873161 7.00822694356
192.0453578 2.31791435292
189.170714202 -2.42620967755
186.354124289 -7.21087267879
183.557204752 -12.0239718956
180.740257998 -16.8539695921
177.860210539 -21.6892785863
174.868036403 -26.5175725126
171.705365966 -31.3249324857
168.299841123 -36.0947003467
164.558585605 -40.805836281
160.358937643 -45.430455731
155.535494294 -49.9300206715
149.863130969 -54.2493678889
143.03886823 -58.3074591967
134.676350964 -61.983971272
124.354939265 -65.1035657142
111.809673905 -67.4295129779
97.3172801573 -68.6970476908
82.0053478256 -68.7146632069
67.4718533706 -67.4794274393
54.8663781175 -65.1790179845
44.4864841565 -62.0778596148
36.0761132542 -58.4141682774
29.2154670316 -54.3649657427
23.5162003081 -50.0518673345
18.6730191192 -45.5567819737
14.4589087023 -40.9354336951
10.7070826121 -36.2267173159
7.29390741249 -31.4587438528
4.12583581671 -26.6526959156
1.13005125736 -21.825319421
358.247876038 -16.9905833263
355.430084694 -12.1608367472
352.63348545 -7.34766822715
349.818326143 -2.56259847778
346.946221813 2.18230417154
343.978399416 6.87381962144
340.874126517 11.496929116
337.589251608 16.0340767653
334.07485165 20.4642929254
330.276079385 24.7621376519
326.131458123 28.8964378506
321.573121967 32.8288322779
316.528875351 36.5122290353
310.927421182 39.8894564903
304.708475416 42.892684174
297.839159028 45.4445859957
290.335967408 47.4625314462
282.286858797 48.8668549937
273.861969774 49.5928535767
269.574554425 47.2578802089
261.5045693 46.9272600324
253.650878807 45.9306765913
246.1952006 44.3120449297
239.257734113 42.1350150527
232.893962477 39.4725122871
227.106339442 36.397833507
221.861612734 32.9788167593
217.106846789 29.274996422
212.7811787 25.33689997
208.823130693 21.2065769815
205.174477205 16.9186851195
201.781826785 12.5017262094
198.596837561 7.97922665799
195.575675738 3.37078023315
192.678073352 -1.30706196338
189.866163854 -6.0400371487
187.103155496 -10.8155206572
184.351819271 -15.6219417884
181.57269898 -20.4482222642
178.721876572 -25.2831852201
175.74802631 -30.1148661471
172.588341586 -34.9296263132
169.16268476 -39.7109127907
165.364952669 -44.4374072404
161.050150716 -49.0801222295
156.015173054 -53.5976806062
149.971652028 -57.9284825843
142.513893688 -61.9777886687
133.104972555 -65.5978004411
121.164352004 -68.5636598461
106.437390053 -70.568647244
89.6884827747 -71.2981535586
72.9083619009 -70.6067631068
58.1099752418 -68.6328026436
46.0939317365 -65.6889250192
36.6234734642 -62.0835783029
29.1202761712 -58.0439825974
23.0442727017 -53.7197229093
17.9861863828 -49.2066842999
13.6548788456 -44.5671662327
9.845319761 -39.8429703679
6.4112216743 -35.0633431085
3.24561953459 -30.2497610011
0.267801574986 -25.4188719466
357.414580535 -20.5843681742
354.63438311 -15.7582388277
351.88313847 -10.951663699
349.121308243 -6.1757060076
346.311636658 -1.44190488376
343.417351126 3.23716307912
340.400644367 7.84730083446
337.221343714 12.3720431844
333.835741971 16.7919061928
330.195646842 21.0835017216
326.247823382 25.2184991964
321.934179358 29.1624484416
317.193294294 32.8735428839
311.964201605 36.3015240958
306.19358027 39.3871273221
299.847370192 42.0627348301
292.926691547 44.2551420232
285.485210197 45.8912904304
277.641128587 46.9070914291
265.73361209 44.7288876728
258.157728684 44.0961561629
250.849882623 42.847137019
243.944969944 41.0293468673
237.525511186 38.7037821044
231.62393196 35.9366672934
226.233502665 32.7929437346
221.321699912 29.3321966444
216.841894218 25.6067538774
212.741804882 21.6612994932
208.968788441 17.5333582388
205.472680854 13.2541802878
202.206984158 8.84973898557
199.129025165 4.34169187892
196.19950897 -0.251757800566
193.381716991 -4.91511301728
190.640471132 -9.63493655871
187.940892276 -14.399282016
185.246906282 -19.1971702229
182.519376351 -24.0180719093
179.713646948 -28.8513457488
176.776144784 -33.6855598013
173.639455219 -38.507584859
170.214909806 -43.3012741127
166.381074575 -48.0454029184
161.965481275 -52.7102718605
156.71549434 -57.2518544068
150.253406767 -61.601400892
142.016843174 -65.646895025
131.223801408 -69.2020554399
117.042041222 -71.9676320375
99.3704396226 -73.5358451357
80.0572829283 -73.5579931399
62.3059483599 -72.0283547825
48.0241455479 -69.2898264794
37.1490452389 -65.7518133133
28.8541818052 -61.7170189476
22.3522459364 -57.374302942
17.0750181374 -52.8372288506
12.6405895927 -48.175428446
8.79359475603 -43.4334324011
5.35983002948 -38.6412329833
2.21675416045 -33.8202268704
359.274985013 -28.9866610208
356.466644906 -24.153719782
353.737861675 -19.3328602082
351.043792435 -14.5347270432
348.34519225 -9.76983564969
345.605937965 -5.04913579928
342.791147762 -0.384529302504
339.865678859 4.21060696713
336.792880387 8.7208535751
333.533552181 13.1281049982
330.045134873 17.4108250459
326.281249913 21.5431887626
322.191834947 25.4941236586
317.724291516 29.2263112491
312.826266461 32.695295332
307.45085494 35.8489793341
301.56495372 38.6279775398
295.160863461 40.9674602493
288.269645699 42.8011538011
280.97222029 44.0677825101
273.40200081 44.7192909154
269.562256307 42.3246739207
262.310896575 42.0276015781
255.216863827 41.1295370951
248.41724199 39.6628697292
242.01083278 37.6757780488
236.053469298 35.2254032185
230.562523023 32.3714814959
225.526284865 29.1715914218
220.914156586 25.6782851526
216.685238225 21.9378031548
212.79449342 17.9898747775
209.196634844 13.8681457439
205.848244782 9.60089958798
202.708674947 5.21186673087
199.740158732 0.721010398672
196.907430672 -3.8547594702
194.177026637 -8.50095673973
191.516342503 -13.2049662649
188.892451806 -17.9555487169
186.27061093 -22.7423761901
183.61229685 -27.5555631398
180.87250305 -32.3851434746
177.995825255 -37.2204195048
174.910530186 -42.049060604
171.519186365 -46.8557359484
167.683297208 -51.61987754
163.19727121 -56.3117785239
157.74341224 -60.8853968066
150.814954393 -65.2644555741
141.598592332 -69.3150165496
128.882777138 -72.7943441799
111.42304736 -75.2839518945
89.7628645518 -76.2312246251
68.0319347345 -75.3327411624
50.435773592 -72.8778519803
37.6049729541 -69.4191831243
28.311129476 -65.3805209564
21.3328771244 -61.0085375751
15.8467266764 -56.4393269902
11.3392845892 -51.7502869506
7.48890411618 -46.9880529063
4.08764956653 -42.1826559839
0.995606737728 -37.3548456592
358.114466972 -32.5200543028
355.371944228 -27.6906665188
352.712283373 -22.877403588
350.09025793 -18.0902340692
347.467213765 -13.3390297059
344.808339589 -8.63409044879
342.080688698 -3.98661381006
339.251673378 0.590841123701
336.287875326 5.0838590413
333.154098728 9.47561746626
329.812663052 13.7462602643
326.223010923 17.8721864026
322.341801913 21.8252655756
318.123783122 25.5720283863
313.523865526 29.0729396199
308.500948108 32.2819575118
303.02400944 35.146707907
297.080627647 37.6097291615
290.687149655 39.6112867406
283.898149348 41.0940692887
276.811149163 42.0095197089
266.107334478 39.7426518458
259.276705591 39.1726164877
252.64402173 38.0431038535
246.314645067 36.3897179309
240.360234068 34.2594323952
234.817955466 31.7049982098
229.695523287 28.7800898041
224.978888725 25.5358287098
220.639980084 22.0187429384
216.64306424 18.2698868181
212.949301755 14.3247495146
209.519644103 10.2136226422
206.316439516 5.96218813687
203.304124648 1.59217588106
200.449303325 -2.87799223252
197.720418247 -7.43261038169
195.087134266 -12.0581602579
192.519477558 -16.7428410626
189.986707941 -21.4761434545
187.455829535 -26.2484452547
184.889549264 -31.0505977303
182.243342133 -35.8734565778
179.461019392 -40.7072842794
176.467706119 -45.5408963931
173.158177676 -50.3603131453
169.376556557 -55.1464383178
164.879284276 -59.8707440606
159.264703022 -64.4866383432
151.836409431 -68.9109488318
141.355103402 -72.9821434442
125.777582538 -76.3694479813
103.180456234 -78.4463667891
76.4356366514 -78.4768710492
53.6511646299 -76.4471217812
37.9006510753 -73.0858141848
27.3113814879 -69.0279680845
19.8195933213 -64.6108533027
14.1666835639 -59.9991145713
9.64532976524 -55.2773487576
5.84806126951 -50.4928298883
2.52815507198 -45.6744309564
359.527940783 -40.841430034
356.741137674 -36.0079035669
354.09222905 -31.1850847166
351.52462866 -26.382730409
348.993565045 -21.6099846825
346.461596768 -16.8759813085
343.895646769 -12.1903150883
341.264942168 -7.56345584609
338.539512217 -3.00715178844
335.689051269 1.4651444322
332.68205227 5.83780591845
329.485183868 10.0925056659
326.062951968 14.2076271902
322.377763463 18.1576215021
318.390595572 21.9123486667
314.062569033 25.4364858009
309.35780078 28.6891496208
304.247905219 31.6239694898
298.718303648 34.1899381813
292.775937654 36.3334123795
286.456993055 38.0015442086
279.832065274 39.1470995918
273.005588226 39.7340443973
269.551519734 37.2579443365
263.018951065 36.9903143915
256.602671018 36.1794523922
250.406914583 34.8494706178
244.511788914 33.0369807336
238.968900958 30.7866357391
233.802519648 28.1466637003
229.014342473 25.1651895224
224.589642799 21.8876799151
220.503146274 18.3554752059
216.723784812 14.6051772903
213.218105405 10.6686177302
209.952462864 6.573167458
206.894256532 2.34221461116
204.012474076 -2.00430090818
201.277753184 -6.44935978171
198.662105157 -10.9783735527
196.138380081 -15.5787431955
193.67949392 -20.239463669
191.25737792 -24.9507639323
188.841537799 -29.7037651299
186.397002696 -34.490131338
183.881261582 -39.3016733601
181.239446107 -44.1298393237
178.396346515 -48.9649708281
175.242430518 -53.7950836494
171.607862843 -58.6036540073
167.210959725 -63.365194662
161.548430543 -68.0354981233
153.646011393 -72.5277073479
141.490348662 -76.6473224203
121.184438768 -79.9139982649
89.9245791628 -81.2977677833
58.438554406 -79.9826453709
37.8425162821 -76.7510405454
25.5261831065 -72.6464700098
17.5413041232 -68.1612778391
11.8337625573 -63.4946286462
7.41052007797 -58.7351516539
3.75969644679 -53.9277956608
0.595411736251 -49.0983880584
357.745633276 -44.2636187165
355.09960767 -39.4355542493
352.581414593 -34.6238910726
350.135759207 -29.8371930767
347.719871336 -25.0836444888
345.298625073 -20.3715637724
342.841439532 -15.7098019738
340.320207218 -11.1080924769
337.707840296 -6.57739119677
334.977208577 -2.13023512047
332.100359294 2.21885970772
329.04797906 6.4529581486
325.789108905 10.5522199422
322.291193073 14.4933728783
318.520605462 18.2491772065
314.443861962 21.7879444459
310.029780497 25.0732202218
305.252850315 28.0638025192
300.097946347 30.7143321074
294.566180481 32.9767308884
288.681060849 34.8027221449
282.493331026 36.1474775842
276.082273442 36.9740693996
266.440179608 34.5961509259
260.277897131 34.0821828299
254.263502975 33.0607338783
248.479250521 31.5585882917
242.985640782 29.6118766612
237.819679057 27.2623224998
232.996856279 24.5537308366
228.515318919 21.5292054315
224.360713635 18.2292580156
220.51065911 14.690738313
216.938332182 10.946400288
213.615052907 7.02490032448
210.511971946 2.9510534001
207.601044627 -1.25378020607
204.855476543 -5.57126124842
202.249789669 -9.98564024474
199.759610862 -14.4833540401
197.361236869 -19.0526600563
195.030982548 -23.6833082342
192.74426631 -28.3662441643
190.474316446 -33.0933315765
188.190270274 -37.8570759367
185.854236737 -42.650320133
183.416497777 -47.4658618849
180.807188616 -52.2958964469
177.920898493 -57.1310813202
174.58594439 -61.9587501712
170.497303784 -66.7590487133
165.053231428 -71.4953574873
156.901426762 -76.0863227917
142.521413902 -80.3062363499
112.890483498 -83.3842241868
67.14881903 -83.4354500505
36.9361184539 -80.4112488557
22.2932899881 -76.208057761
14.0342525772 -71.6232611603
8.53962772579 -66.8897206556
4.42407443142 -62.0908198805
1.07356533096 -57.2638829372
358.177841673 -52.4290489265
355.562723999 -47.5991099589
353.121504887 -42.7834645578
350.783602019 -37.9899386705
348.49888283 -33.2257360208
346.229211691 -28.4980023152
343.943582743 -23.8142110716
341.615145257 -19.1824694275
339.219281869 -14.6117952143
336.732303673 -10.1123936393
334.130526226 -5.6959489807
331.389603862 -1.37595487832
328.484095414 2.83191376709
325.387249173 6.90940482178
322.071056077 10.8352594259
318.506681392 14.5847765749
314.665420561 18.1294234692
310.520362463 21.4365735792
306.048945353 24.4694982198
301.236513078 27.1877842338
296.08076533 29.5483816906
290.596603572 31.5074679268
284.820341693 33.0232043536
278.811777272 34.0592314081
272.65257758 34.5884251365
269.541844975 32.0024231582
263.660561771 31.7614616084
257.866089229 31.0301201913
252.238037421 29.8263992401
246.840758134 28.1780917983
241.71982018 26.1198891468
236.90174142 23.6903085101
232.396172621 20.9289581598
228.199390925 17.874429416
224.298088614 14.5628857503
220.672790758 11.0272717928
217.300588824 7.29699867162
214.157130834 3.39795463628
211.217947447 -0.647286724152
208.459245213 -4.81915526666
205.858298742 -9.10073353886
203.393549672 -13.477405299
201.044487956 -17.9365245491
198.791357032 -22.4671146196
196.614689175 -27.0595993918
194.494636411 -31.7055639769
192.410005182 -36.3975387148
190.336808175 -41.1287968261
188.245968533 -45.893150581
186.099443957 -50.6847198893
183.843214187 -55.4976223891
181.39355625 -60.3254724786
178.607528285 -65.1604068954
175.211408567 -69.9908182526
170.596712417 -74.7949401393
163.086370446 -79.517314461
146.215169952 -83.9396819218
90.5880134815 -86.5528134094
33.4670637373 -84.0494211551
16.1059583359 -79.6437433822
8.46767539568 -74.9253293736
3.80460068814 -70.1226121534
0.38577483423 -65.2927774577
357.58770208 -60.4580517531
355.131249638 -55.6301988708
352.871161277 -50.8171405342
350.722600112 -46.0252815662
348.630963966 -41.2605046266
346.557890039 -36.5286791288
344.474120728 -31.8359744514
342.355568347 -27.1890926716
340.180988267 -22.595472827
337.930513518 -18.063493491
335.584680331 -13.6026896678
333.123758553 -9.22398872216
330.52727018 -4.93996488696
327.773681379 -0.765165829287
324.840303588 3.28356429292
321.703374472 7.18674408677
318.338437254 10.9218994111
314.721120908 14.4632490812
310.828448556 17.781492151
306.640806177 20.8437895254
302.144653792 23.6140665685
297.335925554 26.0537873836
292.223815157 28.1233453002
286.834291558 29.7841499107
281.212339222 31.001346144
275.421778811 31.7468830825
266.746112301 29.2264720224
261.201488293 28.7642064279
255.768047394 27.8433053851
250.509886498 26.4838775951
245.477143268 24.7135542325
240.704197167 22.565007465
236.210155538 20.0734826269
232.000930537 17.2746792337
228.07209126 14.203149003
224.41181727 10.8912331098
221.003527236 7.36846833178
217.827989064 3.66135246994
214.864881412 -0.206642544086
212.093866603 -4.21490407937
209.495270005 -8.34542953768
207.050462911 -12.5825429919
204.742031887 -16.9126085262
202.553797952 -21.3237581038
200.470728947 -25.805642996
198.478769513 -30.3492122023
196.564594244 -34.94651791
194.715267307 -39.590546123
192.91775876 -44.2750695316
191.158207919 -48.9945190256
189.420698556 -53.7438694868
187.685016609 -58.5185338201
185.922090909 -63.3142545577
184.083517418 -68.1269680536
182.073396244 -72.952564668
179.653438007 -77.7862316914
175.975951651 -82.6194327301
163.950677936 -87.4035749003
15.856724813 -87.5302619693
3.07647554067 -82.7509873847
359.333753353 -77.9181371012
356.896061013 -73.0844821469
354.879065087 -68.2587867773
353.037493928 -63.4459006718
351.273368821 -58.649937245
349.537497876 -53.8749535317
347.800464803 -49.1251951968
346.041891728 -44.4052337615
344.245783472 -39.7200753154
342.398244786 -35.075266382
340.486236811 -30.4770078126
338.496830993 -25.9322828299
336.41672005 -21.4490037087
334.23187365 -17.0361815034
331.927292116 -12.704127197
329.486861609 -8.46464974591
326.893179278 -4.33129517871
324.127645996 -0.319691992945
321.17062146 3.55223463433
318.001781357 7.26395955424
314.600790857 10.7921038247
310.948365127 14.1102648912
307.027815152 17.1889976247
302.82714121 19.9960398053
298.341647738 22.4968933831
293.576892017 24.655871674
288.551548058 26.4376847674
283.299518561 27.8095445747
277.870480483 28.7436263427
272.328161257 29.2195562062
269.532848607 26.4845997981
264.260528325 26.2685683651
259.053300159 25.6119717933
253.972010526 24.5281933096
249.067931961 23.0381890339
244.380143219 21.1686361461
239.934773228 18.9498706118
235.745812941 16.4139303512
231.816951258 13.5929176955
228.143867541 10.5177766531
224.716535196 7.21748451491
221.521261962 3.71859894119
218.542345681 0.0450780730017
215.763331383 -3.7817085915
213.167915924 -7.7428482459
210.740572063 -11.821684851
208.466968649 -16.0035885116
206.334258754 -20.2757184189
204.331301036 -24.6267938535
202.448876702 -29.0468808218
200.679970097 -33.5271971608
199.020201808 -38.0599356403
197.468552234 -42.6381019708
196.0286193 -47.2553617601
194.710884124 -51.9058858423
193.536986505 -56.5841736539
192.548325964 -61.2848104308
191.824945398 -66.0020476051
191.532293168 -70.7288825569
192.058717735 -75.4544789786
194.54180773 -80.1543714269
204.072408041 -84.7291633256
267.673569383 -87.9277822718
334.308800413 -84.8487127062
344.247561586 -80.2816424194
346.818914775 -75.5832612002
347.377716951 -70.8580931836
347.10071267 -66.1313234831
346.386392621 -61.4139655996
345.403758778 -56.713076099
344.234362496 -52.0344177934
342.920337424 -47.3834030444
341.483721201 -42.7655211013
339.935231533 -38.1865837818
338.278619788 -33.6529031423
336.512974587 -29.1714463867
334.63399903 -24.7499886997
332.634744151 -20.3972746564
330.506042282 -16.1231950584
328.236807871 -11.9390471457
325.814317175 -7.85747774507
323.224162281 -3.89313810489
320.450891589 -0.0626148241017
317.478218512 3.61525906825
314.289680627 7.11919507027
310.869536283 10.425317199
307.204010279 13.5071469478
303.282937412 16.3357763028
299.101792285 18.8803111282
294.663988098 21.1086677327
289.983175168 22.9887826799
285.085098518 24.4902386695
280.008449111 25.5862143366
274.804161156 26.255547712
267.036632961 23.5467748904
262.081125092 23.1337391227
257.209302074 22.309289255
252.470902266 21.0883886154
247.906862904 19.4919256424
243.547814562 17.5451129443
239.413918201 15.2758114179
235.515762849 12.7129929893
231.855921813 9.88547660921
228.430779826 6.82099071274
225.232337571 3.54555261374
222.249816302 0.0831182149002
219.470986583 -3.54455908225
216.883216728 -7.31792055067
214.474278966 -11.219496736
212.23297246 -15.2337440608
210.14963131 -19.3468515291
208.216590768 -23.5465357804
206.428693498 -27.8218348015
204.783937419 -32.1629041761
203.284408672 -36.5608140305
201.937727772 -41.0073385164
200.759406203 -45.4947205425
199.776858307 -50.0153779868
199.036564282 -54.5614833892
198.61761493 -59.1242703444
198.659231668 -63.692719803
199.42204221 -68.2507104648
201.441660943 -72.7698499545
205.977345157 -77.1878279913
216.577684281 -81.3253642154
244.248970933 -84.4835037678
293.493829787 -84.5384125657
321.884431046 -81.4301668314
332.751135229 -77.3057727738
337.387694381 -72.892269273
339.454085072 -68.3749875274
340.24227538 -63.8178075219
340.299408429 -59.2496435665
339.890907336 -54.6868212481
339.158259841 -50.1404459945
338.181740089 -45.619319199
337.008498429 -41.1312775071
335.666356135 -36.6838973313
334.171087861 -32.2849201083
332.530494652 -27.9425483224
330.746793433 -23.6656814661
328.818081302 -19.4641249842
326.739286461 -15.3487639395
324.502836498 -11.3320225259
322.099024251 -7.42739238433
319.516761218 -3.65048769663
316.743825706 -0.0187036720608
313.767584554 3.4484710936
310.575780823 6.72935355385
307.157573215 9.80005555471
303.504855923 12.6346197008
299.613855535 15.2053623991
295.486931504 17.483485467
291.134406301 19.4400036939
286.576135084 21.0469994049
281.84242927 22.2791530656
276.973930602 23.1154178641
272.020147886 23.540626758
269.52419503 20.5992580072
264.840972829 20.407341049
260.20650895 19.8233718907
255.667148759 18.8571811502
251.263368819 17.5243499694
247.027954906 15.8450579751
242.985205346 13.8427468276
239.151078355 11.5427818649
235.534051713 8.97125350622
232.136409222 6.15400260037
228.955693364 3.11589903381
225.986131761 -0.119637937723
223.219923342 -3.5309129347
220.648337814 -7.09806569996
218.262631443 -10.8030638967
216.054814067 -14.6296146507
214.018322248 -18.5630235018
212.14866799 -22.5900206769
210.444148935 -26.6985664262
208.906732484 -30.8776395108
207.543274575 -35.1170050205
206.367323831 -39.4069479015
205.40193189 -43.7379437464
204.684220979 -48.1002121541
204.273126244 -52.4830462614
204.263143105 -56.8737015403
204.810081174 -61.2553720823
206.182400318 -65.6031448724
208.870853437 -69.8750764124
213.838266878 -73.9902922699
223.090906113 -77.7693921207
240.538149608 -80.7703769301
269.023369903 -82.0433113553
297.736873618 -80.8334874562
315.476063703 -77.8645856831
324.890334876 -74.0991249269
329.941238582 -69.9901511596
332.676045926 -65.7213398165
334.07641021 -61.3751849234
334.641695748 -56.9943056209
334.644580363 -52.6039236467
334.243098433 -48.2209944757
333.533000419 -43.8583356774
332.573972801 -39.5266866364
331.40361214 -35.2358366594
330.045284433 -30.9953038242
328.512756273 -26.8147858529
326.813041549 -22.7044912213
324.948230323 -18.6754066671
322.916721037 -14.7395572345
320.714034975 -10.9101571011
318.333702543 -7.20182098398
315.767764887 -3.63080704511
313.007484245 -0.215091536142
310.044114522 3.02552415333
306.869809811 6.0694016659
303.478717517 8.89317257838
299.868259067 11.4720060396
296.040553346 13.7800815725
292.003870925 15.7913028135
287.773929013 17.4802647016
283.374768163 18.8234462841
278.838924924 19.8005467346
274.206665753 20.3958245235
267.322881828 17.4272846937
262.949911977 17.0628648131
258.63965929 16.3342611026
254.430423529 15.2524121903
250.35515356 13.8328033828
246.440336242 12.0944746483
242.705631644 10.0589354799
239.164161236 7.74911217823
235.823274483 5.1884203393
232.685597727 2.40001525869
229.750193205 -0.593763376751
227.013703627 -3.77176263636
224.471410402 -7.11422878
222.118179702 -10.6028922551
219.949306267 -14.2209557254
217.961291108 -17.9530108966
216.152610158 -21.7849032983
214.524552089 -25.7035567745
213.082231911 -29.696761458
211.83593272 -33.7529198718
210.803006538 -37.8607338851
210.010704839 -42.0087973019
209.500562888 -46.1850284053
209.335434418 -50.3758205219
209.611177119 -54.5646778651
210.476758974 -58.7298735294
212.170038552 -62.840163363
215.082981473 -66.8464468188
219.879133682 -70.6646556007
227.676411652 -74.1398527877
240.130986965 -76.9776213755
258.425671963 -78.6751299304
279.916846034 -78.6997200399
298.35963833 -77.0418117473
310.965646678 -74.2275762366
318.865952481 -70.7651243559
323.726585078 -66.9539180427
326.680521989 -62.9516145568
328.401023226 -58.8436165322
329.285598556 -54.6796907068
329.575264246 -50.4914274931
329.420842096 -46.3007396676
328.91932107 -42.1242235028
328.134273124 -37.9755376879
327.107707228 -33.8667865288
325.867198751 -29.8093796297
324.430328817 -25.8146051177
322.80754799 -21.8940409779
321.004095687 -18.0598737235
319.02134154 -14.3251500056
316.85782408 -10.7039715088
314.510097286 -7.21170173993
311.973478302 -3.8650946033
309.242830725 -0.682372502521
306.313407576 2.31675736347
303.181793748 5.11118393033
299.846960777 7.67860018765
296.311409494 9.99586903443
292.58233006 12.0395727383
288.672656435 13.7867567361
284.601844255 15.2158523673
280.396176198 16.3077270288
276.088418759 17.0467701363
271.716733756 17.4218901042
267.327135291 14.2406031202
262.972164149 13.8530473197
258.68298313 13.0787417147
254.499766242 11.9296524204
250.457132306 10.4227036907
246.583027171 8.57868411747
242.898401462 6.42105579243
239.417580982 3.97480631036
236.149142598 1.26544585645
233.097089208 -1.68179363101
230.262146955 -4.84254057169
227.643062394 -8.1936592193
225.237836996 -11.7134464578
223.044889835 -15.3816828975
221.064183693 -19.1795686147
219.298388216 -23.0895664108
217.754193438 -27.0951649081
216.443938732 -31.1805604677
215.387801879 -35.3302394853
214.616925575 -39.5284174473
214.178087008 -43.7582507178
214.140914374 -48.0006664749
214.609348533 -52.2325255327
215.740224177 -56.4235809741
217.773626995 -60.5312007482
221.081306398 -64.4908677359
226.235177533 -68.1988488963
234.061148505 -71.4821004798
245.490078967 -74.0576892963
260.718716094 -75.5292540016
277.765810887 -75.5488141258
293.07693636 -74.1109498772
304.606816377 -71.5583883022
312.513789681 -68.2892727573
317.724622381 -64.5897712831
321.071414172 -60.6352200317
323.132153053 -56.5306814679
324.282780675 -52.3414112326
324.766053999 -48.1104534432
324.740494847 -43.8682875995
324.311126787 -39.6381837777
323.54829042 -35.4392854604
322.499244829 -31.2884694063
321.195467635 -27.201528639
319.657374821 -23.1939686799
317.89747627 -19.2815738732
315.922580995 -15.4808249225
313.73544338 -11.8092164809
311.336082773 -8.28550416864
308.722942411 -4.92986282566
305.89401585 -1.76395080224
302.84800878 1.18913740196
299.585571372 3.90506300396
296.110594093 6.35861275463
292.43150618 8.52427485609
288.562456156 10.377033648
284.524198872 11.8933673926
280.344482929 13.0523934224
276.05774989 13.837059658
271.704039151 14.2352434326
267.326335736 11.0896185178
262.979417618 10.6746508998
258.702873107 9.84626863242
254.539668604 8.61782808406
250.526895591 7.00819557928
246.694646687 5.04051269558
243.065767013 2.74086202187
239.656362711 0.136993982223
236.476859738 -2.7427697481
233.533391572 -5.87039348005
230.829334213 -9.21872840939
228.366873911 -12.761871425
226.148565935 -16.4753116444
224.178910949 -20.335896861
222.466038733 -24.3216446424
221.023654774 -28.4114079691
219.873487633 -32.5843834015
219.048595016 -36.8194181796
218.598074473 -41.0940244448
218.594022726 -45.3829298905
219.142040409 -49.655858349
220.397171324 -53.8739946928
222.58754724 -57.984175362
226.046463712 -61.9092074229
231.243701449 -65.5321202944
238.769719596 -68.6734742515
249.133406058 -71.071205487
262.175617171 -72.4038731632
276.401904644 -72.4202277524
289.495506219 -71.1167864199
299.929263496 -68.7407404404
307.518214718 -65.6138639026
312.763872479 -62.0002186413
316.258282252 -58.0810358706
318.4746539 -53.9744850689
319.74922208 -49.7584911012
320.312224705 -45.4866526156
320.320139437 -41.1980410351
319.879535591 -36.9230809337
319.063170634 -32.6871262508
317.920599955 -28.5127037002
316.485203148 -24.4209765641
314.778936072 -20.4327391748
312.815662801 -16.5691140653
310.603620966 -12.8520478105
308.147376728 -9.30465189546
305.449510046 -5.95139548434
302.512191793 -2.81814218324
299.338742433 0.0679915314174
295.935199614 2.67898896327
292.311854994 4.98652731106
288.484647739 6.96282813891
284.47623462 8.58174823205
280.316515808 9.82004943114
276.042408192 10.6587332926
271.696744743 11.0842809037
267.320775087 7.97070573471
262.972760659 7.52313267376
258.701624533 6.63053506302
254.554301051 5.30815700571
250.571400024 3.57749708183
246.786088687 1.46488075847
243.223970421 -1.00006532556
239.903819344 -3.78584669095
236.838936173 -6.86030763342
234.038885574 -10.1915401529
231.511432822 -13.7484768078
229.264586306 -17.5011822274
227.308749153 -21.4208706347
225.659079371 -25.4796715836
224.338257402 -29.6501460502
223.379976612 -33.9045203486
222.833624847 -38.2135518741
222.770829892 -42.5448577289
223.294783537 -46.8604054196
224.553396955 -51.1126559112
226.756799233 -55.2385429834
230.196575499 -59.1501451456
235.253171594 -62.7210750917
242.348566573 -65.7702487807
251.753076217 -68.0546499119
263.181822236 -69.3023964404
275.461487453 -69.3165354995
286.925072974 -68.0946074699
296.380477299 -65.8303703879
303.52530082 -62.7954375712
308.622608677 -59.2340537856
312.093866919 -55.3286696851
314.321289074 -51.2067045246
315.598440909 -46.9567621585
316.13705388 -42.6423366296
316.086213385 -38.3112276663
315.549944254 -34.0016214248
314.600461158 -29.7459854442
313.287565799 -25.5736015657
311.645242509 -21.5122519615
309.696372888 -17.5893625785
307.456247653 -13.8327765973
304.935345741 -10.2712456121
302.141699491 -6.93466992221
299.083048835 -3.85408684755
295.768885675 -1.06138608694
292.212393586 1.4112754531
288.432191642 3.53237484263
284.453702145 5.27222305951
280.30990324 6.60439418448
276.04123073 7.50725109227
271.694484737 7.96537823499
267.310648072 4.88047246444
262.953057393 4.39385728814
258.681410311 3.4245319875
254.548185353 1.9903389547
250.598935914 0.116395288538
246.871211803 -2.16659882731
243.394659735 -4.82413912131
240.192128967 -7.81954917806
237.281510612 -11.1153035747
234.678051864 -14.6739582827
232.396974624 -18.4586644722
230.456352815 -22.4332737073
228.880338373 -26.5620449227
227.702963913 -30.8089387375
226.972892439 -35.1364331051
226.759626119 -39.5037115418
227.161775531 -43.8639510692
228.317823607 -48.1602618013
230.418757838 -52.3196241547
233.718269427 -56.2440909632
238.52611951 -59.7991850975
245.149020357 -62.8025681747
253.721265671 -65.0246326769
263.917823732 -66.224705771
274.774706307 -66.2372250757
284.996494505 -65.0603199734
293.607323911 -62.8569492633
300.269819309 -59.867268162
305.111997459 -56.3216438162
308.439217582 -52.4034590403
310.562041128 -48.2480635585
311.735472535 -43.9540201811
312.151702724 -39.5947509258
311.950159399 -35.227396704
311.230152453 -30.8989293301
310.061688364 -26.6502459134
308.493787083 -22.5189034025
306.560726662 -18.5409455219
304.286817253 -14.7520986944
301.690218313 -11.1884877406
298.78617261 -7.88693780678
295.589888758 -4.88487790317
292.119165053 -2.21983632131
288.396711596 0.0714804739406
284.45200264 1.95450279376
280.322401676 3.39842426879
276.053286954 4.37798006856
271.697000097 4.87514373597
267.296067787 1.81570135444
262.921041573 1.28189692318
258.644584942 0.220093265513
254.526925118 -1.34821118239
250.620585162 -3.39281125668
246.969420344 -5.87685024156
243.609108893 -8.75893041876
240.5688755 -11.9949779178
237.87412816 -15.5396580164
235.549734185 -19.3472337155
233.623798099 -23.3718259241
232.131978362 -27.5670548154
231.122551145 -31.8850171988
230.662560284 -36.2744859138
230.845403171 -40.6781059056
231.79986325 -45.0282167639
233.699292712 -49.2408056291
236.765921349 -53.2071947504
241.256507094 -56.7840282947
247.400366775 -59.7853987335
255.252654514 -61.9882112415
264.479191758 -63.1693099638
274.251755423 -63.1805954936
283.497571127 -62.0205546806
291.380270817 -59.8350822158
297.556580698 -56.8467164528
302.076399496 -53.2790248343
305.167438125 -49.3187260403
307.086721524 -45.1099126337
308.057352079 -40.7618086983
308.253588214 -36.3587947704
307.804968341 -31.9687632862
306.805465667 -27.6492059742
305.322541606 -23.4514218573
303.404760384 -19.4233433867
301.08796268 -15.611354135
298.400345662 -12.0613257716
295.366790502 -8.81898955902
292.012649096 -5.92968845898
288.367030453 -3.43753048729
284.465452611 -1.38398402839
280.351587934 0.193979563704
276.07778194 1.26599443567
271.70412036 1.81036045899
267.277077819 -1.22671320213
262.877434942 -1.81825864583
258.594146141 -2.99279154771
254.498398909 -4.7235111916
250.652687231 -6.97283352226
247.110118859 -9.69495094564
243.915601089 -12.8383674463
241.108609365 -16.3480020987
238.727151567 -20.1665880244
236.812634934 -24.2352132527
235.415529911 -28.492912861
234.601897563 -32.8752139781
234.46086854 -37.3114628703
235.112775371 -41.7206538171
236.716264586 -46.005414619
239.469136931 -50.0440256409
243.590088736 -53.6814892209
249.257341998 -56.7239564589
256.479064281 -58.9471386102
264.921215903 -60.1340980115
273.840728311 -60.1444139901
282.298296986 -58.9767941119
289.544854381 -56.7697171887
295.239340644 -53.7394648234
299.385526127 -50.110620309
302.160032214 -46.0776782205
303.781546003 -41.7962630609
304.448459494 -37.3885756883
304.320109459 -32.9523173864
303.51742789 -28.5687016796
302.130005592 -24.3085033577
300.22422676 -20.2362588561
297.850763084 -16.4129630933
295.051116235 -12.8975448302
291.863294889 -9.74729272997
288.3266955 -7.01733122045
284.486084763 -4.75923628307
280.394393532 -3.01894284141
276.113935256 -1.8342140356
271.715749398 -1.23207697463
267.253663347 -4.24984340058
262.823131909 -4.91315512084
258.534536139 -6.22706568548
254.474903322 -8.15677854905
250.72133602 -10.653573149
247.340904534 -13.658069248
244.393079998 -17.1032763545
241.934274507 -20.9168442558
240.023960602 -25.0221219592
238.731949266 -29.3377801162
238.146479676 -33.7758075962
238.382464231 -38.237672691
239.587935518 -42.6084469819
241.943384163 -46.749004152
245.641942334 -50.487672802
250.829504321 -53.6160554728
257.4861696 -55.8995682716
265.278108351 -57.1166105039
273.509526291 -57.1261456536
281.314302544 -55.9270120705
287.991926599 -53.658465515
293.202892464 -50.541433679
296.923570584 -46.8106831375
299.298364132 -42.6751412169
300.520267694 -38.3070196724
300.770186246 -33.8458678397
300.196682196 -29.406904852
298.915132035 -25.0888459864
297.014116074 -20.979811979
294.563655211 -17.1611992927
291.623308964 -13.7097117963
288.249468301 -10.6977636383
284.501496291 -8.19244234664
280.446298108 -6.25327523894
276.160793294 -4.92918864065
271.731852493 -4.25524067808
267.225765027 -7.25683969795
262.759538419 -8.01113203994
258.473178955 -9.5004093551
254.477313393 -11.6772074422
250.871145487 -14.4751290046
247.743549646 -17.8130886016
245.177714241 -21.598894801
243.258536969 -25.731279925
242.081724797 -30.0997905205
241.763256351 -34.5821880655
242.446757313 -39.039212739
244.303268721 -43.3070235408
247.511667133 -47.1890448186
252.20017598 -50.4524550995
258.332989038 -52.8404296162
265.572208964 -54.114095297
273.237197813 -54.1229889627
280.48751711 -52.8660120822
286.638581384 -50.4919238966
291.34768362 -47.2389096859
294.575789958 -43.3639067084
296.449776279 -39.1001872197
297.148334936 -34.644800936
296.842805301 -30.1619627477
295.677209348 -25.7911912003
293.76785235 -21.654895212
291.210641026 -17.8636481663
288.090537523 -14.5188252811
284.490674792 -11.712747581
280.499784325 -9.52667987983
276.2168866 -8.02726528466
271.752440757 -7.26228113522
267.193303643 -10.2511135406
262.689272969 -11.1236812138
258.42369686 -12.838366517
254.543790125 -15.3263458373
251.183532366 -18.4913248873
248.467081784 -22.2151175904
246.516995378 -26.3615124379
245.465080114 -30.7770612545
245.462302637 -35.2881227417
246.681321371 -39.6944079503
249.299263386 -43.7610770273
253.440589639 -47.2154214274
259.063330729 -49.760756239
265.818798305 -51.1234125443
273.009413148 -51.1317702522
279.774837946 -49.7847329178
285.413971774 -47.2522124679
289.573847494 -43.8071664663
292.209632385 -39.7463508449
293.44458513 -35.3428754899
293.455639151 -30.8320082265
292.41565546 -26.4143793446
290.475854525 -22.2638801602
287.768200158 -18.5341558994
284.41526733 -15.3616114841
280.541108286 -12.8646682358
276.279523125 -11.1399292452
271.777544672 -10.2566098654
267.156236094 -13.2366776981
262.617778152 -14.2680633061
258.413279024 -16.279993426
254.74957767 -19.1646470208
251.817746014 -22.7709371899
249.800227832 -26.9118320512
248.882379975 -31.3676684625
249.259980328 -35.8840544382
251.127652216 -40.1659638228
254.624355467 -43.8750230799
259.713940301 -46.645621311
266.028832137 -48.1407452498
272.815892061 -48.148648241
279.140065149 -46.6681669221
284.244844643 -43.9092418067
287.758642288 -40.2081353544
289.642694051 -35.9305138282
290.034883658 -31.4151347175
289.129625383 -26.9574387227
287.122773401 -22.8121722123
284.199741367 -19.1993139644
280.54290675 -16.3062323781
276.343166608 -14.2844279246
271.807155866 -13.2422396194
267.114704289 -16.2188668213
262.55748094 -17.4727817836
258.501477957 -19.8883229925
255.256580517 -23.2786868402
253.110215541 -27.3816211939
252.335007098 -31.8695258324
253.1855013 -36.3527854165
255.850372353 -40.3820173213
260.323179749 -43.4693889522
266.210701617 -45.1609143707
272.648740948 -45.1684252323
278.545287582 -43.4905922033
283.032648708 -40.4135481797
285.713598081 -36.3904705488
286.579218673 -31.9092728356
285.817181046 -27.4197663086
283.681733457 -23.3120589618
280.445352662 -19.9142656645
276.395255978 -17.4892349588
271.841074718 -16.2245045766
267.069496124 -19.2060983986
262.54024409 -20.7901863198
258.835145935 -23.7687082356
256.452036361 -27.7711130994
255.827498751 -32.279950547
257.295616039 -36.6569784854
260.947321381 -40.1846904211
266.371782862 -42.1756576606
272.500967291 -42.1828224641
277.93465306 -40.2045113845
281.600771332 -36.6852991608
283.08416713 -32.3117512983
282.473281306 -27.8016039138
280.101119068 -23.7937786861
276.40370707 -20.8066242639
271.878442437 -19.211820195
267.023804031 -22.215050498
262.663176693 -24.3285328299
259.839715431 -28.0830760195
259.373770423 -32.5939731055
261.709780207 -36.6952242794
266.521183513 -39.1685456456
272.363786342 -39.1753897526
277.185228133 -36.7133367951
279.535875411 -32.6175919821
279.083925174 -28.1057084712
276.270977815 -24.3446223851
271.915964295 -22.2208567551
266.992674944 -25.2906785795
263.318707202 -28.3314296755
263.020946979 -32.7954241702
266.680964448 -36.09539572
272.21548459 -36.1018933883
275.887311148 -32.8105404627
275.603642962 -28.3459151416
271.938392606 -25.2965337115
267.104920345 -28.6304265743
266.995099779 -32.7642096313
271.91284144 -32.7699978724
271.816202069 -28.6359895669
